1252824509393932288
1252824529472114699
1252824738985947141
1252825364499324928
1252826143012487170
1252826317218668550
1252826415973535745
1252826729959182336
1252827705021587458
1252827796759404546
1252827987210170373
1252828033079115776
1252828531710550016
1252828927468306441
1252828958271303687
1252829049606438920
1252829222428487681
1252829312538959872
1252829484601864192
1252829712851677190
1252829748633284609
1252830077311578115
1252830344568438784
1252830722382950400
1252830840494538752
1252835883947970560
1252835991972274176
1252836636171223040
1252837143388422144
1252837462432378882
1252837631324372993
1252837913919811596
1252838059264995328
1252838118681501697
1252838508424622081
1252839044850937858
1252839257145618433
1252839319905030144
1252839417711964162
1252839509395255299
1252839571395493899
1252839632997240833
1252839648923025408
1252839731198484482
1252839851839258624
1252840192689319936
1252840193867964423
1252840691752828928
1252840795737997317
1252840820115296257
1252840852080062472
1252846660842958850
1252846851214073860
1252847412021915649
1252847789744066560
1252847868974469121
1252848164240932865
1252848832372604928
1252849065596870656
1252849907473412098
1252849969179947008
1252850017892614145
1252850471355559938
1252850607322304518
1252850754768875520
1252851021371412482
1252851499664732162
1252851561899757571
1252856313681375237
1252857442305667072
1252857485020413952
1252858068003459073
1252858174295601158
1252858221804437505
1252858469679390725
1252858602466848775
1252858874849226752
1252859061457924102
1252859062582038528
1252860005675487232
1252860268670881797
1252860293421490176
1252860324522287114
1252861025650528257
1252866605085683712
1252866754998464512
1252867063913132034
1252867151121182720
1252867243832078338
1252867546878894082
1252867559059107840
1252867607692111872
1252867789947166725
1252868382979837961
1252868562382774278
1252868629290299393
1252868695992307719
1252868709665828864
1252868779639402502
1252869016609099776
1252869157428682757
1252869459145928705
1252869782761639944
1252869892283314182
1252870152141471744
1252870206986190849
1252870389480296448
1252870513128423425
1252875756348125186
1252876175153655811
1252876703015161858
1252876760200343554
1252876940706328579
1252876971614236672
1252877513874800642
1252877834453807110
1252878713483452418
1252878738586386434
1252878761353113601
1252879682099220480
1252885233747193863
1252885236246917120
1252885613117759491
1252885629890727936
1252888595402088448
1252888749228376066
1252889093844934656
1252889135301324801
1252889136442208257
1252889392726921216
1252889661112029184
1252889679374036992
1252889734008848390
1252889939869646848
1252889981942669314
1252890398327889923
1252890500924796929
1252890989301137409
1252891190451671041
1252891256683999232
1252891350795763712
1252891424133177344
1252891547521163265
1252891555267899394
1252891974857904128
1252892507308003335
1252897448047058944
1252897670307426304
1252898054019133440
1252898290883891201
1252898593465229313
1252899546964860931
1252899673125187584
1252899989635956738
1252900119252537358
1252900436832587777
1252901322552197120
1252901646771855361
1252906789319905282
1252907496366321664
1252907726130290688
1252907786075353088
1252908411760623617
1252908671119605760
1252908802958954496
1252908865110376448
1252909033691979777
1252909208409964545
1252909444700176384
1252909527118131201
1252909832782389249
1252909901799620608
1252910151302078464
1252916196447584256
1252916325397041153
1252916340102438913
1252916451754770432
1252916465889611776
1252916682307371008
1252917833211809793
1252918214687969283
1252918250956034048
1252918323253317632
1252918407470608386
1252918432246439936
1252918847440596995
1252918893045092354
1252918956391710722
1252919428167188480
1252919593699627008
1252924655503118337
1252925423232532481
1252927119371501570
1252927139541929984
1252927180767555585
1252927203073052672
1252927866666434561
1252928270728863744
1252928414786506752
1252928480993521665
1252928910125342720
1252933186855809025
1252933228736008192
1252933576640942082
1252934155903606785
1252934194868613122
1252934400347684867
1252934805676716035
1252935007309492224
1252935426224074753
1252935535498342400
1252935639961669633
1252935662661033984
1252935728826404864
1252935948075220992
1252935967498887169
1252935998264299522
1252936144301547520
1252936521117728769
1252936900240957441
1252937331406966784
1252937335177654274
1252937640942489601
1252937646973882370
1252942116604518401
1252942134665048064
1252942185705672704
1252942189019238401
1252942881469448192
1252942884191588353
1252943069709811713
1252943932792725507
1252943934218788864
1252944008936148992
1252944205888073729
1252944327602405377
1252944331729756160
1252944332841246722
1252944599846400001
1252944601016664065
1252944603516416000
1252944654170980354
1252945107499790336
1252945253746827264
1252945417559576577
1252945586812141568
1252945791624392704
1252945874818412545
1252945875783102465
1252945879012651010
1252946257204711424
1252946283565891584
1252946290402562049
1252946689016705024
1252946693324247041
1252946696901976064
1252946710269169666
1252946882843643912
1252951601658187777
1252951780499079168
1252951802602876934
1252952071730536448
1252952136369012736
1252952137916657664
1252952141360181248
1252952275406000128
1252952661994897408
1252952673214697472
1252952746854158336
1252952750301872128
1252952829804908545
1252952891620540416
1252953419691810818
1252954325510324225
1252954569463803904
1252954762498248706
1252954901308719106
1252955140916686848
1252960425408253963
1252960584787791872
1252960966473584640
1252962072486346754
1252962182855262208
1252963662635163649
1252963718465536000
1252964643800145920
1252964648996880384
1252969170439933952
1252969254103781377
1252969345820487681
1252969727254827008
1252969889070866438
1252970704255037440
1252971480889114624
1252971765929668611
1252971853792100353
1252972064224489472
1252972131979333635
1252972311294038028
1252972362674442242
1252972764752994306
1252973377494683648
1252978197999779843
1252978737353617416
1252978916999995394
1252979013812989952
1252979294734823427
1252979639317905409
1252979870310625280
1252980855942725632
1252980893813297153
1252980909399330817
1252981207224156165
1252981375071924225
1252986827943718913
1252986916330332160
1252987177211801601
1252987553671720962
1252987915078111236
1252987947575640064
1252988144720453638
1252988490524110852
1252988634967560193
1252988799958876161
1252989055886819328
1252989236040683522
1252989411870093314
1252990652356362243
1252990681833824257
1252990897328799745
1252995820749717505
1252995953604407296
1252996168939962369
1252996402969444353
1252996441846378496
1252996676794621953
1252996684541358080
1252996722885681158
1252996764728201216
1252996805954015239
1252997905763401729
1252997923052220417
1252998620753743874
1252998743613337602
1252998832700284933
1252998874941124610
1252999218261716992
1252999364152143872
1252999692360826884
1252999905439776769
1253000051808514048
1253004477269004294
1253004881201373185
1253005690345578504
1253005714613768193
1253005881878417409
1253005977445638147
1253006512588537856
1253006729778024448
1253006976239501317
1253007452112551940
1253007883689529344
1253008193438924800
1253008219137609730
1253008275479523328
1253008463711666177
1253008567789027328
1253008679969804289
1253008903387918339
1253013235030245376
1253013469743333377
1253013689059418116
1253013733699436551
1253014003191816193
1253014699433693184
1253014712348028933
1253014716709912578
1253015085590683649
1253015144625573893
1253015378525110278
1253015404391346179
1253015484200636417
1253015908706070530
1253016095969153026
1253016160754438145
1253016453953052673
1253016472487694339
1253016687806464006
1253017006971826177
1253017014731304960
1253017279937249281
1253017534086995971
1253017652517371910
1253017794305822720
1253022723225378819
1253022824442331139
1253022923444682754
1253023070845112321
1253023122309038080
1253023428199628805
1253023762632470529
1253023905196867584
1253024019332444168
1253024699673645056
1253025217707945985
1253025386000244737
1253025403351990273
1253025410780102656
1253025918605541376
1253026002923593729
1253026041674653697
1253026654387007490
1253026763032137728
1253026808313896963
1253031207220031502
1253031371385208832
1253031578105602049
1253031631406931969
1253031837053534210
1253032109830213632
1253032211718250499
1253032302759890946
1253032432179089408
1253032458423078914
1253032978843865093
1253033075195490304
1253033073303629824
1253033384412172294
1253033917524910080
1253034224036216832
1253034354386837505
1253034531084525568
1253034537560322049
1253034600789536768
1253034610142744576
1253034984027217921
1253035088301953024
1253035395396308994
1253035687416233984
1253035717304909825
1253040294075006978
1253040310403432455
1253040520227696642
1253040686787592198
1253040963880189955
1253041317451530246
1253041422586064896
1253041659748769801
1253041902720598016
1253041954683830273
1253042807373266944
1253042974587486214
1253043372236976133
1253043531721121798
1253043586209394693
1253043937478152192
1253044006486814720
1253044329360302086
1253044517038690304
1253049180303642624
1253049578724753411
1253049579785859072
1253049618050547718
1253049892894842880
1253050003129597953
1253050200224129025
1253050263302213632
1253050363373998080
1253050917261242368
1253050992310050816
1253051080675655682
1253051224267554825
1253051605332697093
1253052376455528448
1253052590314659854
1253052682379464704
1253053148291305475
1253053177970245633
1253053260983918592
1253053304281526273
1253057853922742272
1253058128561745921
1253058152234389505
1253058315120250883
1253058596939665408
1253058647271276544
1253059238282375168
1253059343576190981
1253060466999545857
1253060652731641858
1253061809260593157
1253061861093765120
1253061951757996032
1253061998243348486
1253062129579630594
1253066808128503811
1253066812994007042
1253066848251400192
1253067433730023424
1253067445910138883
1253067488914477058
1253067622519681024
1253067673103204353
1253067723774529544
1253067728182603776
1253067791227392002
1253067798697385984
1253067803508174848
1253067887155261442
1253067996265877505
1253068181599670277
1253068458193018882
1253068756055703553
1253068826620555265
1253068910133497857
1253069478205591552
1253069733638950918
1253070030583062534
1253070293960200193
1253070362365046786
1253070462063525890
1253070709519077377
1253070827366617089
1253070874724331520
1253075311803224065
1253075316073009159
1253076121425514496
1253076149640605703
1253076150613618698
1253076296999075841
1253076451760525318
1253076452767141893
1253076477282787334
1253076506126905344
1253076574758481921
1253076851184078849
1253076866992390144
1253076867529297925
1253076917055610880
1253076967626346503
1253077149063364608
1253077290096955392
1253077291049144328
1253077856902676481
1253077857926098948
1253077860425912327
1253077861633789952
1253077952901898251
1253078331458818050
1253078461930930176
1253078468855816194
1253078887300567042
1253078889380929539
1253079114967322625
1253079312577724416
1253079497273946114
1253084253442768897
1253084459068424194
1253084710303080448
1253084765479227392
1253084820722323457
1253084823037464578
1253085020429996036
1253085112788541446
1253085113719685120
1253085117003816966
1253085310830833664
1253086040664838144
1253086510045450244
1253087449401757705
1253087727374831616
1253088577619021826
1253093291483992064
1253093677595078656
1253093703142592518
1253094110879272960
1253094421257650183
1253094446117408770
1253094604720803842
1253094667270438914
1253094727341219840
1253094785575014402
1253094849101742082
1253094970791276557
1253095243173560321
1253095284986376192
1253095621377974273
1253095632514043906
1253095845668384768
1253095850835955712
1253096003080802306
1253096102074568704
1253096300582776836
1253096307494879232
1253096420413931522
1253096639147003904
1253097008484634624
1253097431744593923
1253102158062510082
1253102185791053826
1253102230670135300
1253102556521402368
1253102733827215362
1253102760209403904
1253102850613424133
1253102990392619008
1253103371504025606
1253103422552694784
1253103810681032704
1253103836803272706
1253103945494528000
1253103970148630534
1253104205025423363
1253104217557999622
1253104502615486465
1253104679946301440
1253104864365871105
1253105388733575171
1253105467506778112
1253105674000707584
1253105820578934787
1253105852233506819
1253105964720353281
1253111073613516801
1253111133965352967
1253111151380103169
1253111319798185986
1253111513369530376
1253111688733302793
1253112170784739329
1253112246915534850
1253112256499499010
1253112700676247559
1253112980369268738
1253112985129644032
1253113118391033856
1253113283323867136
1253113439255441410
1253113462428966912
1253113550752624645
1253113727030878215
1253113815086006272
1253113899139948546
1253113991267856385
1253114167298588672
1253114323712557056
1253114342842785792
1253114725887619074
1253115220664475652
1253120344535244801
1253120413439127552
1253120605710364675
1253120628007337985
1253120648785932289
1253120670285942785
1253120838490116104
1253120877547438080
1253120961634799619
1253121172469923842
1253121505111822336
1253121536669736960
1253121611429023746
1253121800965287938
1253122559828254721
1253122561568841728
1253122625041244161
1253122647950532618
1253123597239046144
1253123847810953216
1253124385633787904
1253128909350227970
1253129083250192385
1253129091785474048
1253129213395243011
1253129409512562688
1253129418698080257
1253129664983216129
1253129765441150976
1253129926229843973
1253130112297549829
1253130861765156866
1253131147518849031
1253131581901819904
1253131610746126336
1253132095964266498
1253132300830887936
1253132388269461505
1253132413414322177
1253132462491865095
1253132479537414144
1253133276614721537
1253133314090831873
1253137835315658752
1253138125280489473
1253138280951869440
1253138349319045120
1253139149806321664
1253139166428303363
1253139325186969600
1253139429650247681
1253139752787771394
1253140409338875906
1253140410328920066
1253140412996423680
1253140490985172992
1253140499780775941
1253140500644757504
1253140503337598976
1253140541757222913
1253140558094102528
1253140792077627397
1253140863481516034
1253141514433236993
1253142017250660352
1253142089161793536
1253146362541113344
1253146376843800577
1253146401606971394
1253146559006605313
1253146844743503872
1253147064055336966
1253147244271935489
1253147273590198274
1253147405295509506
1253147470558892033
1253147760955662341
1253147872255598592
1253148043878244355
1253148077600448512
1253148665679577089
1253148704183390209
1253148834663825410
1253148847410425857
1253149039429910528
1253149352362741761
1253149534475169794
1253149837417238530
1253149945768620040
1253149994418343936
1253150194482495489
1253150255668920321
1253150409801076736
1253150608204238848
1253155308442189826
1253155320613834753
1253156000854663169
1253156087932637185
1253156252286320640
1253156340350009345
1253156516678586368
1253156604645695490
1253156650933989376
1253156705531289602
1253156780949078016
1253156860150112258
1253156877413695492
1253156957344710656
1253157033924157440
1253157133157380097
1253157477320982529
1253157486636535809
1253157798696890369
1253157833257955330
1253157850945372160
1253158506842271746
1253158907549270016
1253158996086792192
1253159172172132353
1253159260416028672
1253159436652331011
1253159469447602177
1253159612846608384
1253159673001152512
1253159788831215616
1253164168007634945
1253164218607636487
1253164306730045440
1253164482668478465
1253164570660737031
1253164746980954114
1253164923032604672
1253165035083517952
1253165099143106560
1253165258237259782
1253165401179029506
1253165660835807232
1253165697791856643
1253166210767822853
1253166337301643265
1253167562189406208
1253167683442552832
1253167888137097217
1253168652813246464
1253173470030106624
1253173662884278273
1253173928933183488
1253174394114813952
1253174693680631808
1253174826816208897
1253175312461910019
1253175505064517632
1253175634072866816
1253175683003678723
1253176070444122112
1253176224471568384
1253176792900349954
1253176825620000768
1253176914963058689
1253177895243022336
1253178161258541057
1253182928697167872
1253183054266449921
1253183699681710081
1253184203836940294
1253184448780275712
1253185465026519040
1253186314398306304
1253186380538220545
1253186501346824202
1253186597002117126
1253186608393850880
1253186698768347136
1253186850132459522
1253186931497861120
1253186976448208896
1253187305331810304
1253187601999126528
1253187618457571328
1253187619795550208
1253187622815424513
1253187726205243392
