1252464679106105344
1252465157961396225
1252465216752881666
1252465374722957312
1252465477122580480
1252465753028263936
1252465918262734848
1252466121984311298
1252466238091132929
1252466459852365829
1252466574625247233
1252466724089352201
1252466812106792960
1252466920143704065
1252466988032708608
1252466997553553408
1252467027983228928
1252467139837075459
1252467164466028544
1252467170086391813
1252467270074404864
1252467325623828480
1252467340521943041
1252467454632235008
1252467478380371968
1252467710014959616
1252468439022628864
1252468489001943045
1252468490138603520
1252469114951675905
1252469203073994752
1252469217422716928
1252469222875246592
1252469362247827458
1252469379264110593
1252469467466039297
1252469576908058624
1252469819510849537
1252469995185090560
1252470487587999745
1252470824528822274
1252471017055928322
1252475907345920005
1252476965824745475
1252477093398675456
1252477181718118401
1252477333145038848
1252477357723697153
1252477445879496704
1252477462283464704
1252477621759344644
1252477797819387904
1252477803091517442
1252477973552340992
1252478016908783616
1252478037326794753
1252478121284112384
1252478208064315393
1252478510230147073
1252478666887528454
1252478692992958466
1252478927735570432
1252478961533308936
1252479449297293312
1252479835571658754
1252479844350406656
1252480012093140992
1252480099875729409
1252480123363831815
1252480495537053698
1252485760764317696
1252485936522428416
1252486317650448385
1252486318971633665
1252486320129216514
1252486496528945152
1252486511083139072
1252486514442825729
1252486553592573953
1252486584194289664
1252486585142083585
1252486586836684800
1252486587872665602
1252486779275489281
1252486862796582914
1252486929553281026
1252486930459222017
1252486932061401089
1252486932115927042
1252486959525699584
1252487031948746752
1252487033903296512
1252487035098718209
1252487036092715008
1252487146331615232
1252487147271135234
1252487148592398336
1252487149905227776
1252487192972341250
1252487236886638594
1252487237922697218
1252487422350364673
1252487489807282177
1252487504168652800
1252487710675173376
1252487798726316032
1252487975004524545
1252487987071500290
1252487988027801602
1252488047989489664
1252488063202349057
1252488120643153926
1252488121544929281
1252488238159269888
1252488239157477376
1252488416492687360
1252488592762515456
1252488630754394118
1252488713378070530
1252488714363813888
1252488716691611653
1252488717710905344
1252488851391688704
1252489387142713351
1252489566566653952
1252489805637836800
1252490089726427136
1252490090644897793
1252490091857051654
1252490094080077825
1252490140435521538
1252490241958653953
1252490242873008128
1252490244844388354
1252490245821652996
1252490314247319552
1252490537921318913
1252490538777018368
1252490541213908998
1252490542203748352
1252490581349216257
1252490621572571137
1252490730309812225
1252490731790520320
1252490733262602243
1252490743555534859
1252490744482410497
1252490747376525313
1252490903765364742
1252495797578461184
1252496176311463936
1252496568625881091
1252496731297722369
1252496808338526208
1252496912244019208
1252497241048322048
1252497512981815297
1252497691814187008
1252497882122461185
1252497898991874053
1252497973860278272
1252498439713157121
1252498500362756096
1252499195702980610
1252499323604144128
1252499693788999680
1252499694279778304
1252499694921543680
1252499695315808256
1252500093506408449
1252500282044375040
1252500282866630658
1252505055061819398
1252505740776026114
1252505744265613312
1252505806060367873
1252505880802865152
1252506131827736576
1252506593570275328
1252506924316274689
1252507021879869444
1252507247625809920
1252507260443484160
1252507420875558913
1252507551264014336
1252507766863904769
1252508002726277120
1252508105415458817
1252508603421843457
1252508753703952384
1252508830338035713
1252508884591210496
1252509027432427520
1252509512868794368
1252509703688663040
1252514270635610112
1252514387476328448
1252514510881075200
1252514553738530816
1252514670482579456
1252514671661178880
1252515002721992705
1252515049647849472
1252515202085588992
1252515600934592514
1252515767137873921
1252515825283592192
1252516306894684160
1252516426725892097
1252516576571637760
1252517056353914880
1252517102558330880
1252517223362711552
1252518939206303744
1252523794511679488
1252523869799317504
1252524163652296704
1252524462001532930
1252524701047558144
1252524966819639302
1252525214111596552
1252525642446299136
1252525898747740160
1252526061612646401
1252526331247517696
1252526467273154560
1252526672273801216
1252526981708562432
1252527082917310464
1252527197430124547
1252527272155844608
1252527863980527616
1252528406295691264
1252528472318193664
1252533109293277184
1252533168294395904
1252533325379624960
1252533449191075840
1252533499648565250
1252533764749746177
1252533889282854917
1252534068559970306
1252534389726035968
1252534473675030528
1252534565098446848
1252534981039198208
1252536118853189633
1252536501222674432
1252536545376116736
1252537188333637635
1252537442277752833
1252537610288979968
1252542524914372609
1252542693978148865
1252543049990897666
1252543880618291202
1252544259435053056
1252544447503532032
1252544651338416132
1252544673421328385
1252544715058221058
1252545097981444097
1252545499296600064
1252545548562976769
1252545670680055809
1252545877572452352
1252546551353954305
1252551485151277058
1252551829482864640
1252552311785893888
1252552360406200321
1252552495710306310
1252552944169304067
1252553177385234432
1252553265151180805
1252553298403446785
1252553801711726598
1252553920716603393
1252553981802557440
1252554164485402624
1252554541381361664
1252554681047547904
1252554694758719488
1252555061684768769
1252555066541854720
1252560091762458625
1252560599126605825
1252560672736468994
1252560779305459712
1252560862256066560
1252560939238461440
1252561024584159237
1252561308475707392
1252561660021223424
1252561879156826112
1252562222238367744
1252562307114205185
1252563341668749312
1252563546917031936
1252563696636870667
1252563699786829826
1252564164914163712
1252568984412708869
1252569252269359104
1252569439637102592
1252569605299744770
1252569831259373568
1252570447511646209
1252570619067215874
1252571004179709952
1252571945167728641
1252572426656858112
1252572519716007936
1252572627614552065
1252572658618830848
1252572713111236608
1252573050861686784
1252573405221707778
1252578081874706433
1252578093992050688
1252578097120997381
1252578203282976768
1252578465649496069
1252579050142478336
1252579134624206848
1252579469715369986
1252579502204600320
1252579691807952896
1252580189500030978
1252580200107278336
1252580265677017088
1252580711388917760
1252580768510906368
1252581465834967041
1252581622093959168
1252581645644730369
1252582024487079937
1252582140807729153
1252587182440607744
1252587263109795846
1252587492882239489
1252587617721487361
1252587669479014400
1252587699535597568
1252587727767339010
1252587777394266113
1252587777872535554
1252587895845773312
1252588154420211714
1252588155493953538
1252588784597602304
1252588789014253568
1252588949245169669
1252588965120507906
1252589037493370881
1252589190597840900
1252589669369380864
1252589832888627201
1252590168990715904
1252590622218878982
1252590943712280578
1252590977719689216
1252591176408084480
1252591183391371264
1252591629443063814
1252596443895836672
1252596469175025665
1252596748322775042
1252597429221961733
1252599354038386694
1252599812236738561
1252599900250005504
1252600445148844033
1252605030206705667
1252605204924686341
1252605414408982528
1252606005726400515
1252606216653733890
1252606350754041856
1252606806930731008
1252607076003708929
1252607621561016322
1252607725252509698
1252607839799054338
1252608480084623361
1252609282039844865
1252615077661798402
1252615229705457664
1252615561831473154
1252615850349285377
1252615859002097668
1252616152389496835
1252616219447853056
1252616220794380289
1252616295524204545
1252616429960134656
1252616537619513351
1252616630598762500
1252616941317115904
1252617380263493632
1252617456142749702
1252622984340217860
1252623341862576128
1252623768389730310
1252623769522147329
1252623782411415553
1252623921322561537
1252624062112772110
1252624159290597376
1252624764163682304
1252624804634656768
1252624855503114241
1252625035891666947
1252625329786687494
1252625484250218496
1252625902992674817
1252626055367663616
1252626639738961920
1252626965720453125
1252627073442537472
1252632979274252288
1252633000786956288
1252633058941026304
1252633198519083011
1252633383307546626
1252633709800546310
1252633861579816965
1252634041704230916
1252634234159861768
1252634708556406784
1252634771412471811
1252635089156157440
1252635434653532161
1252640363472396289
1252640799453519877
1252640911072415746
1252641094736711680
1252641254787223553
1252641742467325964
1252641754165190656
1252642135343460358
1252642245553070081
1252642484536119296
1252642580027801601
1252642589733511170
1252642861281132546
1252642978092457991
1252643096967426049
1252643326941188096
1252643361514827778
1252643410378457089
1252643458193506308
1252643533284130817
1252643754583957509
1252644396132184072
1252644430890151937
1252644624088342534
1252649224803692547
1252649647816028160
1252649669534064641
1252649686177124353
1252650366501638144
1252650739178053632
1252651129193758721
1252651472598323201
1252651761803935744
1252652316601331721
1252653577966882817
1252658162035032066
1252658212949635074
1252658246365532161
1252658422052458501
1252658691406467082
1252658691603652609
1252659531231920128
1252659614417588231
1252659738627715078
1252659882802597888
1252659974683140097
1252660155717529601
1252660352816381953
1252660426942316547
1252660599747751940
1252660632371040257
1252660850571214850
1252660985221038082
1252661865454481408
1252666711058374659
1252666958622928900
1252667456314839040
1252667682953949184
1252667705104072715
1252667936130641920
1252668379149873163
1252668404806365188
1252668703772217345
1252668720645836801
1252668912640176129
1252668955115712513
1252669445199126528
1252669763425353728
1252669767414136833
1252670019982499840
1252670069391294464
1252670241982865408
1252675446765912065
1252675626978496512
1252675807270576130
1252675808226877440
1252676010065174530
1252676428518342656
1252676450223828993
1252676563482685444
1252676572672335879
1252676684702257152
1252676710631342082
1252677079067492352
1252677184097050624
1252677296344924162
1252677300296060928
1252677488968257536
1252677493968035842
1252677520207613961
1252677577514328065
1252677656874795016
1252677660871974913
1252677711149096962
1252677737514446849
1252677788210851841
1252677843395457026
1252677995682291714
1252677997678731270
1252678249685168128
1252678252256276483
1252678253606834177
1252678984422297606
1252678986804670464
1252678987966447621
1252679352346570754
1252679494953033728
1252679498404900873
1252679637672448001
1252679787883216897
1252684077532172292
1252684125531750401
1252684433066426369
1252684435746623495
1252684436711276546
1252684452179832832
1252684461986254854
1252684528122019841
1252684676222812166
1252684716614041601
1252684717645758473
1252684817386348545
1252684822507597826
1252685047494295554
1252685048488308737
1252685098312491009
1252685521685565440
1252685523338121217
1252685525686931457
1252685559455117312
1252685564291104768
1252685564484161536
1252685609833021441
1252685707744808966
1252685710089490437
1252685715227512833
1252685892092919808
1252686071634288640
1252686315151376384
1252686550112108546
1252686587210731520
1252686676545150985
1252686839724552198
1252687111037296641
1252687157162127361
1252687452139110400
1252687543679823874
1252687648809984001
1252687686860787712
1252688155716845568
1252688223454846978
1252688408939397120
1252693074968526849
1252693222544949248
1252693544827002880
1252693927229980672
1252694025150365696
1252694863121793024
1252694988913328129
1252695172900622339
1252695256660799489
1252695501520146435
1252695932698755075
1252695933210501122
1252696021030842369
1252696377638952964
1252696557041876992
1252697002875461634
1252697242156310529
1252697467734429696
1252701996236365827
1252702151484178432
1252702152616669184
1252702932237254658
1252703138336976903
1252703554869121025
1252703561340813315
1252703666596872193
1252703791918444544
1252703883941548032
1252703955781652485
1252704064380469249
1252704824912683008
1252705054152409090
1252705175803957252
1252705234843054081
1252705540465098753
1252705554977353729
1252705775333539843
1252705802265255938
1252706031538286592
1252706246697811969
1252706313827684352
1252710773421420545
1252711198572769282
1252711254000635906
1252711283994001408
1252711372154179586
1252712173295542272
1252712973912510464
1252713137427542016
1252713603607801858
1252714123277852673
1252714325493440512
1252714609489870849
1252714612497068032
1252714618352537605
1252714692298096648
1252714715731701760
1252714999967092749
1252715142086905857
1252719651093491712
1252719742839853062
1252720271003443202
1252720443733291008
1252720649904066561
1252722131244322816
1252722158427615232
1252722838924124167
1252723438130692105
1252723476424687618
1252723765110325249
1252723932815339542
1252724051501633536
1252728690997260290
1252728967028760576
1252729506978320384
1252729523684225026
1252729527958192129
1252730116263813120
1252730586587967489
1252730954969423874
1252730962611335168
1252731180618784779
1252731814709547013
1252731824092086272
1252732116455972864
1252732244411777028
1252732323130302464
1252732703524487168
1252732741566824448
1252733199341498370
1252738019469094913
1252738134829391872
1252738537419612160
1252738671532322816
1252739225537011712
1252739495599849472
1252739519176224769
1252739608829407232
1252739981094739968
1252740033523654659
1252740308175110144
1252740445639258113
1252740818902941702
1252740879648993281
1252741561395417095
1252741737853988866
1252741951280971776
1252741960487653377
1252746570220670976
1252747431969783815
1252747867929948162
1252747930559229952
1252748520735596546
1252749236959133704
1252749527804784642
1252749759749566465
1252749795141222402
1252749990230847493
1252750080051949569
1252750096086626304
1252750097177145344
1252750137790574595
1252750139850141701
1252750149354508289
1252750522500689921
1252750692583784449
1252756244374228993
1252756268139393024
1252756398800338944
1252756452856311808
1252757230127988736
1252757362429001731
1252757389058637826
1252757483837427715
1252758290334957573
1252758312053080064
1252758482119471115
1252758743705702404
1252758794406203393
1252759243599511554
1252759731262767105
1252759786732638211
1252764265293008900
1252764319915233280
1252764773139329029
1252765217970368512
1252765696133562368
1252766331885191173
1252766473568714753
1252766953837641730
1252766992978726913
1252767160394493953
1252767388027756544
1252767568651321346
1252767784955568128
1252767795009339392
1252767880518787074
1252768210186899458
1252768245741993985
1252768292017750017
1252768510125604864
1252768694494736384
1252768747485564928
1252773376839561219
1252773647888068613
1252773730712981504
1252773805950488576
1252774006299623424
1252774010963648512
1252774072846516224
1252774160989851649
1252774337364590595
1252774466674884610
1252774532244549633
1252774689203781638
1252774762465517569
1252774999653593092
1252775130759135232
1252775715902291970
1252775721644240896
1252775986195816448
1252776116298940417
1252776264844410882
1252776464333881344
1252776552452014084
1252776747428347905
1252776820627431424
1252776891209187329
1252777213549821953
1252777246357696512
1252782129995538434
1252782343007268865
1252782531633700874
1252782660491063296
1252782792330616838
1252784699359051776
1252784719093272579
1252784794724950016
1252784963541504005
1252785090876317698
1252785139911921666
1252785315774894080
1252785467868602368
1252786244276367364
1252791403534381057
1252791560535773184
1252791597621706760
1252792423396278273
1252792870395949056
1252793035529818112
1252793166861910018
1252794180461629446
1252794259796705280
1252794580300414977
1252794605105491969
1252794630359392258
1252794643231768577
1252794691927474177
1252794722004983810
1252794816435499016
1252795177011490823
1252795255298162691
1252800775161511936
1252800999909142528
1252801260560044033
1252801347306561536
1252801521156272134
1252801830293143552
1252801928226111488
1252802138247487489
1252802232933928960
1252802357689110539
1252802450639032328
1252802639693144064
1252803282843680768
1252803734792548352
1252803769403932672
1252804334686892035
1252804338147184643
1252809624891211776
1252809889241419778
1252810243584651264
1252810371460562950
1252810842908667906
1252811971247800322
1252812831893803009
1252813063012577280
1252813064157593603
1252813066938355713
1252813141697679360
1252813144285577219
1252813260534935552
1252813261633802240
1252813263009538048
1252813265173753856
1252813473362272256
1252813474561880064
1252813476726071296
1252813477967654912
1252813511245262848
1252813512419577858
1252813515481473025
1252813538323607552
1252813539808407554
1252813542438264832
1252813545038688257
1252813708570443784
1252813709895860226
1252813712605327363
1252813779584249857
1252813782104989703
1252813783417761793
1252813910979121152
1252814024732839936
1252814026905542657
1252814032135839747
1252814208640540674
1252814211593334785
1252814282766475265
1252814300046979072
1252814301749899267
1252814303888986117
1252814403981864960
1252814405688942593
1252814408431964160
1252814414111096838
1252819178689445893
1252819250034536449
1252819589701853191
1252820505393901569
1252821068252758018
1252821433526321152
1252821449405943809
