1248833470379556865
1248834635859197952
1248835471385530369
1248835481967697920
1248836846991200256
1248839111718232064
1248840052106563584
1248844110074646528
1248844243306721283
1248845092770758657
1248845687028146177
1248846227040612352
1248849907399737344
1248849988282732546
1248850067433414656
1248852198034780161
1248853735700410368
1248858978760753152
1248860769996787714
1248860943473430528
1248862036869681152
1248864026714669057
1248866119840083969
1248866273557168130
1248866816417562625
1248870191502630912
1248870484202176513
1248870712972054529
1248870954899472384
1248871002253283331
1248871548955525120
1248871582971428864
1248871736839471108
1248873280745832448
1248873326539345920
1248873620014796800
1248873798218264576
1248873957396226049
1248874332568330243
1248874352805908486
1248874458938585088
1248874826359586817
1248875170980397059
1248876022654779395
1248876054279786497
1248876151327645696
1248876882503831553
1248877099433197568
1248877544591560705
1248878028077314049
1248878030467919872
1248878783353978880
1248879345399144449
1248880088063643648
1248880120925794304
1248880161656901632
1248880330741813251
1248880872834637826
1248881223377793026
1248881431314665472
1248883179181821955
1248883284429492224
1248884102847217664
1248884353024884736
1248885964296126464
1248886172467646465
1248886367821627392
1248886726950555649
1248886786564272128
1248886850409857024
1248886917581725696
1248886966688587777
1248887074239000577
1248888002966728704
1248888003159883777
1248888670297436165
1248889229234573313
1248889770866024448
1248890150005936133
1248891035406778368
1248891253841956864
1248893088212410369
1248894152865185792
1248896855288807428
1248897410316804097
1248897965613252609
1248899880636088320
1248901172343291904
1248901797017718785
1248903213362769921
1248906004437315589
1248908636379889664
1248909338586079233
1248910501653839874
1248911082703532032
1248911995761577984
1248912105966796800
1248912392274108416
1248912475040301057
1248915096950235137
1248915192257404928
1248915528850300928
1248916202505801728
1248916455254605824
1248920114734469121
1248922683326283777
1248924113114148865
1248925621000036358
1248926593893851138
1248927035029893120
1248928079881396225
1248928706170630144
1248928986404552704
1248929563322789889
1248929568779616257
1248930522312486914
1248930616239779840
1248933089788809217
1248933322065088512
1248934188876627968
1248934383656058880
1248934722115375106
1248935774709563398
1248936402630455297
1248936835423797248
1248937891562016768
1248938436955910146
1248938855035744262
1248939462886916098
1248941814922514432
1248941983034478592
1248942138072629249
1248942601203417089
1248942729897422849
1248943595354238976
1248944396587933696
1248944802038775808
1248945006515273730
1248945163105427458
1248945203333005312
1248945512872542208
1248945751440457728
1248946207088676864
1248946750653595648
1248947918003822593
1248948375183032320
1248948823642132480
1248948907876458496
1248949903935655936
1248950415338717184
1248951659314556928
1248952824026685441
1248954916753866752
1248959158059249664
1248959582447308800
1248960245226823681
1248960793506242561
1248961161237803011
1248961778161254405
1248962753034964992
1248962803387383809
1248963001614548992
1248963810330841094
1248965105116725250
1248966048256319489
1248966276069892110
1248966575480287239
1248966604953698305
1248967753593171968
1248970143226408962
1248970637655359488
1248970813757427716
1248972365079498753
1248974208878731264
1248974219851042816
1248974247432785926
1248974388126461952
1248974455935729669
1248974497530683392
1248974515293638658
1248974558272593924
1248974701420072962
1248974946543505408
1248975599412142080
1248975781461549056
1248976636583636992
1248976783656931329
1248976799557705729
1248979979435675651
1248980572938088453
1248981473421451265
1248981626438078465
1248983398556803072
1248983871510556676
1248983993317376000
1248984797403213824
1248986170740088834
1248986284313501697
1248986568435609602
1248987777108193280
1248989559108579331
1248989760762400776
1248990084378099714
1248991795247267841
1248993669186826242
1248994034078470148
1248994055310192640
1248994414380359681
1248994445854273537
1248994666109779973
1248994766345379840
1248995126686429189
1248996441168785409
1248997277026398208
1248997915374301184
1248998290483527682
1248998334762758146
1248998524680835072
1248999818783064064
1249000979518849024
1249002358664843268
1249002413140434944
1249002762035245057
1249003205578670090
1249003431806881792
1249003670118846467
1249003794081480704
1249004151956103169
1249005099193597953
1249005602925350913
1249005782806466561
1249006058489761792
1249006059143991296
1249007571538710528
1249007819665231872
1249007995456897030
1249008706618118144
1249008895592484866
1249009345838235648
1249009675049340928
1249009720335257600
1249009780112400395
1249010630004068352
1249011264740827137
1249011316804800512
1249011467615158272
1249011621864722434
1249012277849645058
1249013167814049794
1249013623382519808
1249014004548276224
1249014763599921152
1249015423049269248
1249015487184371714
1249015812654010368
1249015887916564486
1249015949526732800
1249016292612272128
1249016352158953472
1249016744104116224
1249016843672707072
1249017160158109696
1249017550521982976
1249018110071525376
1249018206964121601
1249018227654606853
1249018248160559104
1249018812831281157
1249019228851707904
1249019237097709568
1249019265581277188
1249019664564465667
1249019742897274881
1249020093557805056
1249020173153120259
1249020222125887489
1249020479563841543
1249020812314775554
1249021833640361984
1249022769335058433
1249023303525826560
1249023373235060736
1249026241551794176
1249027429416546310
1249028046067101696
1249028737506717696
1249029588581220352
1249029636316635138
1249030010184351749
1249031082202271745
1249031273529724929
1249031682939858945
1249031819401535488
1249031928252190720
1249032064185372675
1249032654026047488
1249033023586209794
1249033611677970432
1249033952368746496
1249033957892657152
1249034234175553538
1249034420209815552
1249034639664128000
1249034703434330115
1249034806391955463
1249034924629377024
1249035149095944193
1249035749502201856
1249036215543902214
1249036350294130688
1249036942794280960
1249037332860358658
1249037422375165953
1249037576192905219
1249037750352908288
1249037776294723585
1249038049671028736
1249038200712110082
1249038936460136453
1249039089619341313
1249039317269446657
1249039484890595331
1249039575038570496
1249039620995723270
1249039963934674945
1249039965411061760
1249040117358104576
1249040550516469761
1249041102885343234
1249041638007156736
1249041643036123136
1249041675802025985
1249041783310467073
1249042423872925697
1249042959112138757
1249043578631979009
1249043814238638080
1249043868923965440
1249044337058623491
1249044795944628224
1249046432935534592
1249046860129382400
1249047254134030342
1249047319124889600
1249048705849843712
1249049722762989568
1249050663444602880
1249051992225390594
1249052490869411847
1249052747829305344
1249052805022842887
1249052921926266880
1249053038167437320
1249054128799657987
1249058562015465472
1249058706018447362
1249059013486141441
1249059797384781829
1249059853848453120
1249060342229016578
1249060755409862663
1249062767283376136
1249063477563527169
1249063986005499905
1249065292149542916
1249065550556221441
1249065792869732354
1249068265860526080
1249068625874616323
1249068809635405827
1249068833870053376
1249069250737852423
1249069369063141376
1249070445518823424
1249071140833820674
1249072637352923137
1249073828183134213
1249074274641510401
1249075384718462976
1249075417228570624
1249075442285449217
1249075788625973249
1249076792041889794
1249077182309240832
1249077232959729666
1249077451306737664
1249079081276186624
1249079311237353473
1249079594642214917
1249079756504645632
1249079945688743937
1249081387099009025
1249082808615800832
1249084414488973322
1249084674921676806
1249084915657969664
1249087210881724423
1249087928111902725
1249090124627030016
1249091469635444738
1249092531251527682
1249094844439580672
1249095334904639490
1249095379406082048
1249097139176824834
1249100351522795527
1249101005410545666
1249102881094897664
1249103059675824135
1249103459586125824
1249104712118534144
1249105516158222340
1249105879493984257
1249106196809895936
1249106251092561921
1249107727697285122
1249110623943712768
1249111320042979330
1249111750437269504
1249112162217283585
1249112459694067714
1249112836531339264
1249114574349008898
1249113878941896705
1249117064704425984
1249117845717487622
1249117968241512448
1249118030430457860
1249118391236997120
1249118923070541826
1249119009943019521
1249119297278009345
1249119662966820864
1249119966097551360
1249120003170930689
1249120165742198786
1249120188735336448
1249120511851933696
1249120618848673792
1249121019857641477
1249121289001934850
1249121342244433920
1249121430337454080
1249121715541676033
1249121738937565186
1249122143281074178
1249122319857004544
1249122378820595713
1249122625235845121
1249122712846508032
1249123053008818177
1249123522645024768
1249123767399440384
1249124021016375296
1249124414928703488
1249124522453798913
1249124854462386177
1249125228908875777
1249125352636592128
1249125432072515586
1249125977118126085
1249126488789651456
1249126889173798912
1249127441039273985
1249127491895209984
1249127790143844354
1249128353522688001
1249128458866884610
1249128482698821638
1249128554866053123
1249128739167973376
1249128872014159874
1249129075177934850
1249129550921052160
1249129836301385729
1249129925229137920
1249129987762016259
1249130423499796481
1249130927055351814
1249131300625285122
1249131776888487938
1249132001191493634
1249132186369957889
1249132350417633280
1249132573663604736
1249132828811550723
1249132829197455361
1249132952602251266
1249133431860211713
1249133807971848193
1249133907716583427
1249134014910418945
1249134411175669761
1249134833286217728
1249134856954695683
1249135523576320001
1249135984438108163
1249139554273107970
1249139681247330305
1249141505316605954
1249142600990408704
1249146507871358976
1249147376146710529
1249147678224781312
1249147798831931392
1249147863902322688
1249148581472280578
1249149046083764224
1249151677103554560
1249155942979158017
1249157771511115778
1249158420944519170
1249159617134899201
1249164507638894598
1249165144795623425
1249165178257788930
1249165451806019589
1249170744984186884
1249174100205023233
1249178271545274368
1249180099641049092
1249180194738524160
1249181026737324036
1249183247105490945
1249183875777126400
1249185477766328324
1249188385874468866
1249189194909519874
1249189228807950337
1249191323552407557
1249191911140864002
1249192479733284865
1249194948815192064
1249195619882881024
1249197860882657284
1249198585566187532
1249199205568184320
1249201857811136513
1249202092830609412
