1245219128903958530
1245219745311404032
1245219922419929088
1245221568973848576
1245221760246648832
1245222299504119808
1245222478496043009
1245224811208552449
1245225245478436864
1245226125636317184
1245226704106409984
1245226717125521408
1245226722737426432
1245228060393144320
1245228540003418114
1245229134768373767
1245229493930860544
1245231289197891584
1245231531389521921
1245232678527479808
1245233510929104897
1245234185410957320
1245234958383419392
1245235669389185024
1245236636008558592
1245236933711867905
1245238661991538689
1245239230164434944
1245239495320109056
1245239870949376000
1245240418805088256
1245241860391665664
1245242537822097411
1245242966538682369
1245244882429652993
1245245290195681282
1245247041489362945
1245247990874476544
1245248640421179393
1245249130470883329
1245249648538914816
1245251010710421504
1245251133683138560
1245251543940706304
1245251550035038208
1245251967904935937
1245252313742262274
1245252670044213249
1245253257578020867
1245253705185796098
1245253896039170049
1245254174440402944
1245254789912461312
1245255125326868480
1245257346386886656
1245257489244999681
1245257843449659393
1245259074104692737
1245260431234666497
1245260671924744193
1245261426744340481
1245262956109148160
1245263893682769921
1245265687393849345
1245266081620602881
1245267762064379907
1245268574589136899
1245270717421064193
1245270914565980160
1245271348399820800
1245271705804771328
1245272012232237059
1245272441687027712
1245274163159478272
1245274820037816325
1245275001563099136
1245275030956544002
1245276948382855168
1245278147903393793
1245278373850603520
1245279504274202624
1245280333873811457
1245281379258109953
1245281729578807296
1245282680104722439
1245282999052222464
1245284104788013058
1245287995890118662
1245288830283837441
1245289072987443201
1245289272342712321
1245290120632242176
1245290191968854017
1245290940148875265
1245292576397316099
1245292933559078912
1245293135493808128
1245293418886115328
1245295350333702144
1245295743398805505
1245297344477888513
1245297510685556737
1245298630963204096
1245299939019636736
1245300637019131909
1245300770754478081
1245303454123376643
1245304537381912577
1245304684237090817
1245306778000261121
1245308126254989314
1245309568265203712
1245310296765448194
1245310297943965703
1245312581872599040
1245312720544526337
1245313319893950464
1245314610934231040
1245314765192171521
1245316744006324226
1245317162945990658
1245317844952322053
1245318447443202059
1245319775737262081
1245320248854827013
1245321395569123330
1245321783764496385
1245321912701661184
1245323589311696898
1245324518010368001
1245325683221463043
1245326043784904710
1245326130464395264
1245327255104106497
1245328692131348480
1245329962812440582
1245330167616147457
1245330235228393478
1245330572723060737
1245331734406692865
1245332359869800451
1245333724662607873
1245334040091095041
1245335152546533376
1245335338442162176
1245335548715323395
1245335920682905600
1245335928748625921
1245336719181963264
1245337006428864512
1245339559329705986
1245339650522263554
1245339859104849920
1245341585421860868
1245342444222365696
1245343245023969280
1245343975558520832
1245344375162515458
1245344489381793795
1245344568834428930
1245345043344474112
1245345306314760192
1245345352317796355
1245346322946949120
1245348082507792385
1245351176012476421
1245351655329148930
1245351799751655424
1245352044677992451
1245352492143173632
1245352634355200001
1245352717570228224
1245353842708905985
1245354805423476738
1245354889104044034
1245355093190250496
1245355757270269955
1245356166139596800
1245356424487632896
1245356471212179456
1245356848032735232
1245357054249840640
1245357088349532163
1245357371016097792
1245357585978593281
1245357857060442112
1245359177532420096
1245359250160922625
1245359419279290368
1245359863754096640
1245359943559020545
1245360292919480320
1245363314613510145
1245363880303476738
1245364086814228482
1245364777528025089
1245364940694867968
1245365301891530752
1245365364159942657
1245365955716214784
1245366070753411072
1245366207739502593
1245366229809971200
1245366450442981378
1245366973120294917
1245367193816256515
1245368301225721857
1245368482142785541
1245368516678692864
1245368930572460039
1245369017784832001
1245369031294517248
1245369043739009024
1245369117835767809
1245370818319745026
1245370882924699648
1245371031688101893
1245371107009495040
1245371115461062656
1245371417237037058
1245371727925800965
1245373547964489728
1245374272694112256
1245374273566408707
1245374816124833792
1245374968503980032
1245374991610175493
1245375273723252736
1245376047757041664
1245376107672674305
1245376697949515779
1245376753889161222
1245376755248087042
1245377872895844354
1245377899986849792
1245378434605305856
1245378477097959425
1245378708384473088
1245379072303214592
1245380002486648840
1245380867884810240
1245380876143398912
1245381079957147657
1245381998308470786
1245382165145235456
1245382300612923394
1245382737315401729
1245382838272303104
1245383004169609216
1245383250807316480
1245383291869581312
1245384037121904640
1245384277455523845
1245385094816239616
1245385098129813505
1245385108590387200
1245385359871094784
1245386117744152576
1245386553926402048
1245387045972905984
1245387046069440514
1245387227129163786
1245387383668764672
1245387397283659780
1245387412446068736
1245387549859774465
1245387759147028480
1245389175446216704
1245389421463113729
1245389655694024705
1245390011442307072
1245390125372182531
1245390649958023168
1245391293712224257
1245391462977744902
1245392290727768066
1245392654986350596
1245392837656678400
1245393254746644480
1245393763712655360
1245393896756125696
1245394098128748544
1245394379667365888
1245394653970661377
1245394777534861315
1245394882337714177
1245395364846411776
1245395950698463235
1245396612064710660
1245396735553388550
1245396953979965441
1245397609868599298
1245397710317879297
1245397860188934146
1245398061217648642
1245398887210397696
1245399002486575106
1245399044823953408
1245399660732153857
1245399795826593793
1245399966639706113
1245399977238482947
1245400122600706052
1245400122676183043
1245400593621045251
1245401975371567105
1245403120177381377
1245404177695756290
1245404400736022530
1245404719301955588
1245405463790776320
1245405879266086913
1245406708597325825
1245406886935105537
1245406906216329216
1245409553954623490
1245409662838738944
1245409697047379969
1245410565012553728
1245411151854346247
1245411197786226688
1245411304300515334
1245411867318779904
1245411894216798211
1245413184221204482
1245413255281086468
1245413999648354307
1245414053264199691
1245414078983569408
1245415620763664386
1245415851798519814
1245416488565198848
1245416913649401862
1245417842746568706
1245417920106237955
1245418668256886785
1245418738599460864
1245419149892845568
1245419261226557440
1245419799351451648
1245420144475529217
1245423190165336064
1245423409498066944
1245423637928312835
1245423704454172673
1245423779670560774
1245424273105321984
1245424889080745985
1245425901422206983
1245426463165288455
1245427359047512065
1245427498156003333
1245427874192076808
1245428407439147008
1245428465752555522
1245428901620461574
1245429560289759234
1245430420939984896
1245430454943186950
1245430572522012672
1245431688685072386
1245431803730694149
1245432064050106368
1245432236922621954
1245433190682103809
1245433455640543233
1245433749770317824
1245433905286533120
1245434096689577986
1245434949139927043
1245435485465559040
1245435756979634179
1245435816895303686
1245436129614204928
1245436400297816065
1245436880365256710
1245438359805272070
1245438494190850056
1245438544895754242
1245439399552339969
1245439481542512653
1245439819469160453
1245440207383678985
1245440763992969216
1245441342299348993
1245442007163711488
1245442487621206018
1245442762670891008
1245442985652781056
1245443356169248770
1245443377979478017
1245444326127214598
1245445147002880001
1245445881815543809
1245447251373232133
1245447934583476224
1245447988597661696
1245448155396784128
1245448206554669063
1245448644624556032
1245449087257907200
1245449187233275911
1245449925233606656
1245450669357535232
1245452636465311755
1245453278856597510
1245454229852041219
1245455754884243457
1245455981615681536
1245456033830653953
1245456660165951489
1245457372635684866
1245457427757056000
1245457624772087815
1245458394842042369
1245458498185572353
1245458505387122688
1245458687591944192
1245459046414639104
1245459905244475395
1245460111054815235
1245461871865614337
1245463981101404162
1245464179932307461
1245464229563568128
1245465080906551297
1245465538744238080
1245465954232008705
1245466189511475201
1245466727913336833
1245468050519883776
1245468186843197440
1245468326756626435
1245470059373289472
1245471365467123715
1245473999741747202
1245474042485882880
1245474784483463168
1245476297402273792
1245476487261761541
1245476752585097216
1245476876635774977
1245477562643554307
1245477594176401413
1245478606031261696
1245479562508554240
1245479698429329410
1245479804494897152
1245480593330188291
1245481435252830210
1245481641553862658
1245482671821611014
1245482783398658048
1245483881165287424
1245484131531870211
1245486657715015682
1245486860505415680
1245487544223047688
1245487801837203456
1245488128296652801
1245489645670055938
1245489650971684864
1245490004010373121
1245490586511122440
1245490833895362561
1245491077794025472
1245491607849271299
1245493606812655616
1245494614108172289
1245495794649772038
1245496980324757504
1245497207853330434
1245497528289812481
1245497785111023616
1245498666628067331
1245499587621728256
1245501689156624384
1245502113553285123
1245503690485702668
1245504121689571328
1245504262362234880
1245504694866399235
1245505407361024000
1245506929910321154
1245507171233738753
1245507739268386822
1245510580867403779
1245510966730567681
1245511184008335360
1245512408451383297
1245514690349932545
1245514698923094018
1245516598942851074
1245517144638418945
1245517378190020609
1245519062286757889
1245519499928801280
1245520431265742849
1245520584026587136
1245522999417212932
1245523600876109828
1245524062824067072
1245524505730015232
1245524848320876545
1245525236914761728
1245526188392615936
1245526634368729088
1245527165631897600
1245527182216245249
1245527558529191936
1245527559980359685
1245527571183394816
1245527712573382656
1245527742420000768
1245527999140597760
1245528755834982401
1245529007795429377
1245529121435852801
1245529747112656896
1245529758294781952
1245530002369675264
1245530207345348609
1245530863737212928
1245531671774072833
1245531892918648838
1245531906730532865
1245532369865637891
1245532403289948161
1245532587642294279
1245533681990549505
1245533966435618816
1245534254622261248
1245534888658374656
1245536715315372033
1245537814642675712
1245538783048712194
1245539801098584066
1245542351700930561
1245543052304887808
1245545321477869569
1245545540953288704
1245547216388980738
1245547835690561536
1245548328449957889
1245548826926166017
1245549549357334529
1245550343490019330
1245550764954656769
1245550845938319360
1245551275984539649
1245551641417469959
1245551851661123585
1245552494186504192
1245553129363582983
1245553985416769538
1245555036928737281
1245557519826681860
1245558634010083328
1245560220002201600
1245560609124626435
1245560929489686529
1245562998632189952
1245563510609805312
1245564678593556481
1245564807379550208
1245565544931233792
1245565613545676800
1245566340108296198
1245566625346191361
1245566625983664134
1245566659122753536
1245567173927612416
1245567987907588102
1245568273179164672
1245570501675593728
1245571546963300352
1245572411107332129
1245573323884396544
1245573606676942860
1245574023729176578
1245574418392207360
1245574494749470723
1245575699563294723
1245576423131082754
1245577289577811968
1245578421205209088
1245578540055023616
1245578623270019072
1245580148738363394
1245580591522668546
1245584586718859265
1245586649729216513
1245586856936235008
1245588174727868416
1245589288349077506
1245589457652178945
1245589988789501952
1245590995279810560
1245594407694290945
1245594446701330433
1245595719076990976
1245596210578083845
1245598290940289026
1245598309328117761
1245598931938992133
1245599205298556929
1245599989880868872
1245600097708019712
