1254633507822821378
1254634137496850437
1254634298105311232
1254634608609628160
1254635390423707648
1254636431525523456
1254636489721491462
1254636701730738176
1254637156611440641
1254637158872174593
1254637720938385408
1254637892825083905
1254638293146308608
1254638496335065090
1254638895305756672
1254639565014544385
1254640047963246593
1254640049011879936
1254640052073717760
1254640053122248705
1254640319578193931
1254640537832960001
1254640787154964480
1254641034509852678
1254641683720880128
1254641684480249856
1254642451026935815
1254643123411660801
1254643230253121537
1254643236683034629
1254643403998089218
1254643496180482050
1254643622974234625
1254644140295565312
1254644515455094785
1254644766714687490
1254644954405703681
1254644962693713920
1254645507877556224
1254645804104548353
1254646162071658496
1254646187052933121
1254646241058795520
1254646246020702216
1254646800138399744
1254646968841887744
1254647782788304897
1254653627383328768
1254653855867912194
1254654361537597443
1254654900534784001
1254654903638618113
1254655187270004736
1254655283349118978
1254655441013018625
1254655797969276928
1254656492759846913
1254656505422413825
1254656605439827975
1254656817168179201
1254657580896485376
1254657608427941890
1254657620679557130
1254657771015897089
1254657827806773248
1254657885348466688
1254658248164155392
1254658371220918272
1254658496215343105
1254659104435470336
1254659116196380674
1254659713075154949
1254659782377693184
1254660677626667010
1254660769750421504
1254661125830070273
1254661942783946753
1254661946877435905
1254661951222804480
1254662181037039617
1254662478333652993
1254662831422791681
1254662893209112576
1254662953686781953
1254663042123599872
1254668665720500226
1254669028540518406
1254669122337673216
1254669824627740672
1254669873239580674
1254669885180743682
1254669976784551936
1254669993771438080
1254670027921461253
1254670137661128704
1254670163842158593
1254670193198018560
1254670243063926785
1254670444000665602
1254670486329602050
1254670624561102848
1254670955449737217
1254671103311699968
1254671108940455936
1254671487182737410
1254671605181145089
1254671860035354624
1254671897620447233
1254672183227449345
1254672627056214016
1254672660082167809
1254673018011312128
1254673844729602049
1254674475041329152
1254674512370688001
1254674559221063682
1254674584957313024
1254674951757537280
1254675230133489664
1254675381283704834
1254675601006432256
1254675769558777858
1254675867252469763
1254681122639958017
1254681137882030081
1254681240755752960
1254681304529899520
1254681584365600773
1254681903548043264
1254682203671281664
1254682300161425409
1254682590247825408
1254682998110289920
1254683223688384512
1254683675574382594
1254683916855701505
1254683979804028930
1254684284910256129
1254684289331052544
1254684366183202816
1254684933001555973
1254685030779158528
1254685192578629639
1254685238489501696
1254685441061793803
1254685549476089857
1254685619336278017
1254686064054358017
1254686075651571713
1254686271626031104
1254686681443287040
1254686821524668418
1254692678115250176
1254692678140387328
1254692776882683904
1254692850731712517
1254693938675412992
1254694043457650688
1254694490180370432
1254694652541841409
1254694919337316352
1254695155690614785
1254695157544304642
1254695158412607488
1254695163626229760
1254695418929115136
1254695663222304768
1254696576355835906
1254696606013763585
1254697680111951873
1254697685157703681
1254697693168967681
1254698333739847680
1254698683620343810
1254703911866335233
1254703927930617856
1254704618925428739
1254705160187674629
1254705166881746944
1254705855917748225
1254705929083211776
1254706172587675648
1254706695110111232
1254706798524858371
1254706803566424064
1254706924874063872
1254707170165260288
1254707730591383552
1254708293110562816
1254708493568954369
1254708897883062277
1254714562164686849
1254715047248646145
1254715592956837888
1254715846498410497
1254715876051386368
1254716178326568963
1254716282873753604
1254717407727321088
1254717563008741376
1254718188253851648
1254718242976862210
1254718520442720257
1254718692803276800
1254724437624213507
1254725462057574400
1254725735123746817
1254725737262788608
1254725744565145600
1254725746242859008
1254725849841950726
1254725882557591553
1254726194349703168
1254726256358068225
1254726498805833729
1254726654188040193
1254726786165944320
1254726908421517313
1254727150919450624
1254727197618733056
1254727988580515846
1254728018943021056
1254728504043868161
1254728814464294912
1254733311353683971
1254733405364924416
1254734149530742784
1254734253616750592
1254734268875436033
1254735560767389696
1254736124674785280
1254736294065954816
1254736534181277696
1254736562597752832
1254736719360004096
1254736759943987201
1254737041985810432
1254737385780371456
1254737404335763456
1254737665775284230
1254737726961864705
1254737911477669888
1254742450171609091
1254742501723947009
1254743230643609601
1254743334813401088
1254743482884927494
1254743646253060096
1254743672228319234
1254743716792844289
1254743722434101248
1254743756261085190
1254743790839095299
1254743861408043009
1254743876868411392
1254743923018399746
1254744069131173889
1254744215885623298
1254745114020372480
1254745735486193664
1254745819917570049
1254745856634486784
1254746316305043456
1254746885891461122
1254746896582742017
1254751426829357056
1254751439945154561
1254751599752249344
1254751701162242049
1254751712528793602
1254751771337076736
1254751960395206656
1254752052426805250
1254752290218610689
1254752362821976064
1254752419835252743
1254752450814214150
1254753248394739712
1254753682274615297
1254754432589246465
1254754635836989440
1254755303071141889
1254755868043882502
1254760419740262401
1254760788251807749
1254760850516213768
1254761400658014209
1254761481414950912
1254761614340960257
1254762087777255426
1254762490954539008
1254762587327287298
1254762800867500034
1254762811508621312
1254762854999371782
1254763226140639233
1254763284806414336
1254763602512314368
1254763811724238848
1254767789610430466
1254768119538688000
1254768342159761409
1254768359284989953
1254768410522599424
1254769016897327105
1254769096580726790
1254769118483369993
1254769256895352844
1254769261106524163
1254771341825212423
1254771589301760003
1254771638073081857
1254771756633485313
1254772121022021637
1254772400987627527
1254772552926257153
1254773068498497538
1254773375022460928
1254773433864302594
1254774234238222336
1254774282065817607
1254774734643814402
1254774940345094150
1254775145983434753
1254775356617134088
1254775460547846149
1254775661215903751
1254780382949474305
1254780737946976257
1254780853340667911
1254780930423545858
1254781173164736516
1254781358213263360
1254781659209101314
1254781897231577088
1254782065955880965
1254782280729411584
1254782531678830594
1254782736415354891
1254782757827305474
1254782854787002370
1254783107212824584
1254783547925073920
1254783600106500101
1254783643521708034
1254783683950546947
1254783876838219780
1254789394692595713
1254789950567936001
1254790508573978628
1254790781312749569
1254790828754522112
1254791179658342402
1254791281705771017
1254791443220180992
1254791619519352832
1254791860385611776
1254792666597949443
1254792812186554368
1254793469614272512
1254793490686513154
1254794395972444160
1254800220078125057
1254800574610014210
1254800780126633985
1254800873185857538
1254801654299361281
1254801779038044160
1254802823142916100
1254802956974620673
1254802990793457664
1254803196096188416
1254803376623280135
1254803674251046912
1254803734271426560
1254803771819003905
1254804009774387200
1254808935594430467
1254809078557102080
1254809973961326594
1254810330934513670
1254810628725899265
1254811473404145666
1254811476029771778
1254811630636019712
1254811661334204422
1254811870713843712
1254812075177672707
1254812221932294151
1254812235974795265
1254812239896305664
1254812633699692550
1254812801236791296
1254812851966885888
1254817843666989056
1254818480534233088
1254818582225137664
1254818610343641088
1254818996714692608
1254819182274740227
1254819256010760192
1254819327435591681
1254819470553624579
1254819739576045568
1254819777773809665
1254820309548613632
1254820385180311560
1254820599723102209
1254820725535518727
1254826261806899201
1254826371194294273
1254826532775718912
1254826559988469761
1254826609758142465
1254826627260874753
1254826636173873156
1254826749319245825
1254827191453483010
1254827200701820928
1254827226987671554
1254827355480129536
1254827437197873152
1254827539400282112
1254827539572207617
1254827645646372866
1254827707356966915
1254827887615672323
1254827917281882113
1254828240281223169
1254828590107176961
1254828602442559491
1254828976071213063
1254829133370195968
1254829427520729088
1254829440095248389
1254829440569245696
1254829512388259840
1254829871756386305
1254830056695709698
1254830296102469633
1254830515275866112
1254835349353664512
1254835405024751616
1254835518136651776
1254835740443381761
1254835925747728388
1254836210222215170
1254836440455958529
1254836697147342853
1254836813388288001
1254837203970199554
1254837386216947712
1254837435311276032
1254837878770872320
1254838185265373190
1254838894950060034
1254838896174592000
1254838985794428928
1254839146440425472
1254845450584092674
1254845484797222914
1254845496004349953
1254845944593604608
1254846285976203264
1254846456604905473
1254846616827092992
1254846901163261953
1254846965528969216
1254847107598635008
1254847355590832128
1254847454811500544
1254847484528152576
1254847523954491392
1254847845863129094
1254847974905204737
1254848001526435842
1254848148079550465
1254848208750161921
1254852860778602497
1254853042899283968
1254853437176463361
1254854714488786944
1254854718670516227
1254855320024739840
1254855747227115520
1254855844090351617
1254855894308843520
1254856245971791875
1254856971381063680
1254857004692144128
1254861526252630016
1254861844482850818
1254861938238128130
1254862075471360000
1254862185928499207
1254862836167135232
1254862931235188737
1254863874857119754
1254863938031767552
1254864122530926592
1254864324138381318
1254864327921659904
1254864538882568193
1254864948850638848
1254864950117363713
1254864953204289540
1254865107697299456
1254865142443016195
1254865412459646978
1254865609105391616
1254870311381749761
1254870364922040323
1254870682221121538
1254870976111742979
1254871211357745153
1254872059529879554
1254872378410250242
1254872473444716544
1254872888903118848
1254872931693465600
1254873257653809157
1254873288548986882
1254873342433046528
1254873753001082882
1254873985441030144
1254874365130428416
1254878593672413185
1254878597254467584
1254878824761868290
1254879433971904512
1254879503039356929
1254879582894854146
1254880217723740161
1254880258026856457
1254880590375116800
1254880809259077644
1254882006405722113
1254882082268033029
1254882262795124737
1254882323226677253
1254882603691319303
1254882854502379520
1254883090658443267
1254887527510609920
1254887548721209346
1254887602353664000
1254887745492848641
1254887753076088835
1254888325493784576
1254888881536798723
1254888882430185474
1254889293220282374
1254889348538994689
1254890128293744641
1254890418027655168
1254890564794724352
1254890669564452866
1254891118275092481
1254891297736921089
1254891370361180162
1254891726705250307
1254896569507250176
1254897304735227904
1254897322355355649
1254897404215623680
1254897477070868481
1254897865664552960
1254898307006189568
1254898507418222592
1254898759269519365
1254898805419511815
1254899014815924224
1254900133252104192
1254900471644520451
1254905336894554112
1254905449276727297
1254905658736103426
1254906360183078915
1254906468270313476
1254906569386385408
1254906704669609989
1254906872014032902
1254907401204948992
1254907588790980608
1254908183644196864
1254908273242800134
1254908897233645570
1254908898634608640
1254908901071486984
1254908906180149250
1254909072861728768
1254909279968124929
1254909280911790080
1254909283860389889
1254909451552743430
1254909561091362817
1254914973643522053
1254915008292585472
1254915088005251073
1254915536665731072
1254915864379494403
1254916284388646913
1254916548587896835
1254916687004041218
1254918027310661633
1254918234756845569
1254918757954142209
1254918783661232132
1254918931036475392
1254923602182299648
1254924168325410819
1254924218279624705
1254924485372723204
1254924547439988736
1254925260660629504
1254925365602127874
1254925444664578048
1254925869254086658
1254925876371902467
1254926489189048325
1254926497409884160
1254926555152887816
1254926853942521857
1254927071547199489
1254927365869916160
1254927499814768640
1254927519490473988
1254927582438531075
1254932263218950144
1254932521218908164
1254932716497362945
1254932725439492096
1254932809946484739
1254933018231406597
1254933606499184643
1254933681426366467
1254934003737649153
1254934099195760645
1254934257732108290
1254934358554804226
1254934663753338887
1254934901910110210
1254935232559669248
1254935396632260610
1254935497241026561
1254935499405291520
1254935501577965568
1254935553746833410
1254935618502766592
1254935679320182786
1254935741655810048
1254936278644199424
1254941215763714050
1254941265608704000
1254941785824071681
1254941991789563907
1254942145959669760
1254942947256291336
1254942988289089536
1254942997948403712
1254943329747374081
1254943430565822464
1254943463969349632
1254943866937126918
1254945051677020161
1254945745939107840
1254950342887800832
1254950606965440512
1254952107385503744
1254952389594906626
1254952602778963969
1254952765312454663
1254953201461272576
1254953224064454658
1254953306037854213
1254953367224438787
1254953534539300865
1254953861065908224
1254953969765367808
1254954246220333058
1254954254294413312
1254959573372268544
1254959848955031553
1254959908534890496
1254960713791148033
1254960759035084800
1254960946365284354
1254961105333563397
1254961453355892739
1254961578727731200
1254962047399473152
1254962100495159297
1254962253310410753
1254962628343939077
1254963204373057537
1254963370572124160
1254963666375630848
1254963983368572929
1254964038905335818
1254969729141346304
1254969800385847297
1254970629109043205
1254970662554406912
1254970721153028097
1254970980444909568
1254971355323199488
1254971696689238016
1254972138148282369
1254972368889556992
1254972382034513920
1254972893999632384
1254973247440990208
1254977941399797763
1254977979341508608
1254978055099035648
1254978111608930305
1254978456519012352
1254978737264668673
1254978771829968900
1254978971734859776
1254979380440334337
1254980040057450496
1254980112598122501
1254980273038667777
1254980350205259777
1254980630703558657
1254980807350906883
1254980990050631682
1254981555740532736
1254981702482444288
1254981833541816321
1254982093777432576
1254982179567828997
1254982515527495680
1254982590739525634
1254982666631421958
1254982680699166723
1254987308085981184
1254987587183206400
1254988016390725632
1254988029523001344
1254988817339203584
1254989662675972098
1254989705294249984
