1247416439528701952
1247417836030570496
1247418855447621633
1247420464995217409
1247420601817587712
1247420866272600065
1247421458961313794
1247421903163346950
1247422638986866689
1247422662021976064
1247423422143123456
1247424181064654848
1247425253946654720
1247425956438069248
1247427203438174212
1247427962200350721
1247428040742838272
1247428722577362945
1247428738696073217
1247429481406574592
1247430140520472576
1247430240294625281
1247430999362895872
1247432045497892865
1247432398704443392
1247432516853813248
1247433029943021569
1247434424700096513
1247435184485654530
1247436140799500289
1247437308451749888
1247437537599279107
1247438239004266496
1247439202633101312
1247439746420428800
1247440739505786884
1247441808990384131
1247442159432650755
1247442493257457664
1247442734941691904
1247442817561038848
1247442860376457217
1247443159581245440
1247444130055122944
1247445005565865984
1247445649743904768
1247447109210705921
1247448573995896833
1247449459941953541
1247449909801910272
1247450515300134912
1247451038124253186
1247451747527929864
1247451871914188801
1247452631993389057
1247452708769951745
1247453392265412613
1247454145507921921
1247454151828819968
1247454535372525568
1247454910607691776
1247458574902546432
1247459225674174464
1247460162799046656
1247460690564190210
1247462551228727296
1247463515910176769
1247463598579998720
1247463950167531521
1247464514163015680
1247464800332009472
1247466400769343488
1247466779628179456
1247466936721539072
1247467641998114816
1247469113548722176
1247469262652018690
1247469953378205696
1247470148673572866
1247470408544260097
1247470478916272129
1247470813101666306
1247471510861885442
1247472914431123456
1247475096245207042
1247476661802504193
1247476861589794818
1247476989893718016
1247477609279168514
1247478057839005699
1247478682085740544
1247479034285633536
1247480664355733504
1247482771653775360
1247482953841721344
1247483490398068736
1247484468232728576
1247485313922015232
1247486056540364802
1247486247049875461
1247486736609038337
1247487865933582336
1247488616571400192
1247488693960609792
1247489005165445128
1247489242751737856
1247489320027635713
1247489909214060545
1247490461649928193
1247490476678303746
1247490609809522690
1247490844048928768
1247491273285664772
1247491571173543936
1247491932747714560
1247492467018141697
1247492803686354945
1247492894002417666
1247493140887547905
1247493168192524288
1247493357695361026
1247493986715123712
1247494116008759296
1247494217515089920
1247494373836808194
1247495419032150019
1247495419493380096
1247495807307300865
1247495842208022528
1247496157418356738
1247496623468527616
1247497074633031681
1247497809470914560
1247498342826983425
1247499618100928512
1247500014357598208
1247500886924038144
1247501425644535809
1247502461402845184
1247502886436777984
1247503412759072768
1247504109974032385
1247504180580888577
1247504693552713730
1247505161339252736
1247505571026276352
1247505957518745602
1247506016910131200
1247506154273615874
1247506410843377665
1247506421572341761
1247507055839150081
1247507081378304000
1247507121018634240
1247507220847345666
1247507816409001986
1247508484796579842
1247509241864146944
1247509295392075776
1247509752093040641
1247510093962321920
1247511306808307712
1247511635893329921
1247512018904657921
1247512280625020928
1247514158112944128
1247514768543567874
1247515172026994689
1247515288389570563
1247516187275165697
1247516425796935681
1247516434793500673
1247516626657910784
1247516987913371648
1247517116661710850
1247517485412147201
1247518179389100036
1247518438546763777
1247518508205965312
1247519184327565320
1247519703892783106
1247520718092414976
1247520969045901312
1247521068593471489
1247521070359298051
1247521111740485632
1247521337846960133
1247521558567870471
1247521568831328258
1247522232563195910
1247523498425114630
1247523532000464899
1247524265202606082
1247524764538658817
1247524769936752643
1247525247235973121
1247525679274405889
1247526028475428866
1247526259808071681
1247527364365443073
1247527716884082695
1247528589920071680
1247529362259243009
1247530614653214720
1247530972536438787
1247531096763293698
1247531437890273286
1247531462561128449
1247531926962855939
1247532400050982917
1247532496352194564
1247532766582829057
1247533866958508033
1247533892304683008
1247534206973931521
1247534271931154432
1247534594179526657
1247535424165171203
1247537050699452420
1247537737512570891
1247537844471468032
1247538353576144896
1247539816255774720
1247540565199056896
1247540568562872336
1247540916870471683
1247541117886664705
1247541353489125379
1247542208028237827
1247542308582477825
1247542570949005312
1247542691086258178
1247542972167512064
1247543664617721856
1247543768183721985
1247544493563236357
1247544504954970112
1247545430554152961
1247545770066223105
1247545907555586048
1247547034103681024
1247547100344139777
1247547383988322304
1247548116271759360
1247548299399311361
1247548541511360512
1247548710801813507
1247548732121534464
1247548801289728001
1247549075756658694
1247549108547534848
1247549711499685894
1247550282113769474
1247550842154242048
1247552126827577351
1247552450116104192
1247552484639375361
1247552765892669441
1247553290327527425
1247553404257341441
1247553683342016512
1247554560802996224
1247554683557814280
1247554944200323072
1247555107354480641
1247555185553145858
1247555868159356929
1247555963747516419
1247556979561824257
1247557097811783680
1247557248349585408
1247557726479306752
1247558637255561218
1247559675844931584
1247559805843144704
1247561196078800900
1247561473360113670
1247561948985798657
1247562052228517893
1247562600805732352
1247563311505432579
1247563879334305792
1247563890155757568
1247564406155816962
1247564577132417024
1247565719799304199
1247565861440884737
1247566018815328258
1247567073250807810
1247567073250807810
1247567157996781568
1247567267178528768
1247567282978664460
1247567741428645888
1247567769563996163
1247567876095004673
1247567876095004673
1247568033591242753
1247568546911092741
1247569391581106176
1247569809828691977
1247570301166276608
1247570722840551424
1247571073291427840
1247571753703899137
1247571759500529666
1247571911741263873
1247572246333399041
1247572336867520513
1247573186323062785
1247573599453659136
1247573881201872899
1247574316629340161
1247574993002803200
1247575137735585792
1247575199454834689
1247575555668664322
1247575623184330754
1247576687333826561
1247577454945976321
1247578748863512583
1247578825044774913
1247578911858462720
1247580316119646208
1247580379864862721
1247580613437243394
1247581076115148805
1247581674298322944
1247581714995650560
1247582084509642753
1247583729528143875
1247584254499880960
1247584307830558720
1247584333059293186
1247584421601034242
1247584995407007749
1247585572132175872
1247586156704862213
1247586544757678080
1247587271211024384
1247588193387479040
1247588693910708232
1247590980280344580
1247590996843671552
1247591031920623616
1247591254118010880
1247591619236421632
1247591774526283777
1247592364283006977
1247593851516268544
1247594181507321859
1247594279725342723
1247594310926770182
1247594369273565184
1247595223380885504
1247595416763301888
1247595729440423938
1247596117606334465
1247596438101602306
1247596567999193095
1247597185039990786
1247597328007036928
1247598465040908288
1247598939005693952
1247599209886502912
1247599910704349186
1247600536716787716
1247602274282676227
1247602566168547328
1247602700499419136
1247602703032823808
1247603113944637440
1247603338985844742
1247603467667091456
1247604311959302144
1247605006951419906
1247605576173043712
1247605936144797698
1247606600937938945
1247607202015305729
1247607333456187393
1247607742069702657
1247608537397760003
1247608899835854848
1247608924607516672
1247609474430447627
1247610560142811138
1247610880100986880
1247612375269851137
1247612499198869505
1247613133356765185
1247613750519181312
1247613870631538688
1247614523764334603
1247615560600424449
1247615735762911237
1247618454313730049
1247618825815764994
1247618954106998785
1247620067635933190
1247620750552584193
1247623439378194433
1247624191857143809
1247624522573975553
1247624998128357377
1247625379277406211
1247627444456247296
1247627543009570816
1247627597003055106
1247627601486774273
1247628351369555968
1247628746250530816
1247631735090810880
1247631746918690816
1247631955279167489
1247633280943493120
1247633826186215425
1247633952732598272
1247634081279598592
1247634373890977793
1247636575338594311
1247636853051793409
1247639437351280640
1247641422347603969
1247643350737596422
1247645387197952000
1247645503984152578
1247646230823477253
1247647169282297857
1247647406453391370
1247647773752561664
1247648240041963522
1247648633832513536
1247649302928900096
1247649993093033984
1247651050783457282
1247651591924088833
1247652722016497665
1247654155851829248
1247654963775504384
1247656149895090176
1247656371497193473
1247656406704099330
1247656620034854913
1247657150895325187
1247657221443530752
1247657639321853958
1247657646045507584
1247658062003032065
1247658397845127174
1247658887408504832
1247659075321593856
1247659812114046976
1247661397208707080
1247662391753609216
1247663178382745602
1247663492469010432
1247663568268537856
1247665918659956739
1247666127850872834
1247666202622799887
1247666725824466950
1247667064392888320
1247667440949112832
1247667572033675265
1247668037987078145
1247668081259941888
1247668324835774471
1247668589966000128
1247669606447226880
1247669731793997825
1247669902791659521
1247670114301939712
1247670624568389632
1247671033076711424
1247671131747823627
1247671640902770691
1247671872680079362
1247673157504258048
1247673866924830725
1247674142335385600
1247676156121436161
1247676446329405440
1247676476792676353
1247677373669150720
1247677604225789958
1247678664126406658
1247678743226855425
1247679447161081856
1247681492224020480
1247681760059678720
1247682427931070465
1247683016933195777
1247683322685333505
1247683729113468931
1247685765108244480
1247687552133402626
1247687775639535617
1247687949694754821
1247688520937938945
1247688756217462785
1247688962124251136
1247690108473683972
1247690554370150400
1247690645902327811
1247691307474010114
1247692658082021376
1247692929759686658
1247693013389721601
1247693055303573506
1247693723586236416
1247693839722217472
1247693938460430338
1247694424764792836
1247694975678189576
1247694992245690374
1247695582229078022
1247695861204860931
1247697555506507778
1247699556965498880
1247700001343635462
1247700302599458817
1247701260897312769
1247701453466206209
1247702572716003329
1247702924525961216
1247703475095588865
1247703746500583425
1247704228283535366
1247705035447787521
1247705732339949569
1247706404225507328
1247707283880108033
1247708421551521792
1247708923467042816
1247709170033397760
1247709249523929088
1247711672443252737
1247711735898951681
1247711843029843968
1247714444827930626
1247715170744442880
1247715596399247360
1247716537320046595
1247717406853730305
1247718154945650689
1247718688108810240
1247719523819696130
1247719678983708672
1247719709249884160
1247721249519919110
1247721660276338691
1247723277100998656
1247723385599254528
1247724546662137857
1247725484600942593
1247727373719670784
1247727590812631040
1247728045043134473
1247728325692276736
1247728697618190338
1247731149402787841
1247731332119232513
1247731460670251009
1247732354501808133
1247733049674129410
1247733560695558144
1247736206785421315
1247736279158095873
1247736363157348352
1247739538044096518
1247741326927507456
1247742527643385857
1247743449589100544
1247745992008462338
1247746029169954820
1247749412467527681
1247752512448286727
1247753974016425986
1247754366808817664
1247757538210152449
1247761665556275200
1247761873354625025
1247763206254149633
1247763372025589766
1247763574115545089
1247763934385303553
1247766442218369030
1247767991799832578
1247769430756491266
1247776071866396672
1247778055415726087
1247778314854395907
