1249204646335438848
1249205468934832129
1249207961626513409
1249208582354190336
1249208974878138368
1249210065766232064
1249210764868620288
1249211899520180224
1249212645250600965
1249212885181566976
1249214062367473664
1249214346586132480
1249215185933524993
1249215620790583298
1249217063262072832
1249217097500147712
1249217229083889664
1249217600204218368
1249217793024765952
1249218209175265280
1249218637333958662
1249221966843777024
1249222037983440896
1249222328581533697
1249222712012214272
1249224719217426432
1249224792164708352
1249225049925656576
1249228429620162560
1249230289198604289
1249231644176855040
1249231990047379456
1249232056737021952
1249232488976846849
1249232672695685120
1249233710739791872
1249234800403152897
1249234826982346752
1249235234811449345
1249235626798526465
1249235851877416962
1249236088444661760
1249236115019771904
1249236289171456001
1249236324265136128
1249236325087219713
1249236375616000001
1249236390870745088
1249237067323846656
1249237537241157632
1249237748193603585
1249238096270561283
1249238115337883649
1249238440958451713
1249238606117507072
1249239271963320322
1249239326409531403
1249239487835787264
1249239795496374273
1249239943622340608
1249239988115582980
1249240556795985921
1249240912716234752
1249241915624763392
1249242212648595456
1249243002947731458
1249243026515427328
1249243206174334978
1249243217746366468
1249243450534498305
1249243569799532545
1249244182247542784
1249244969027551232
1249246172910411777
1249250679937478656
1249250780470706176
1249251473491406849
1249252133800685568
1249252739097346049
1249253248009207808
1249254313035272197
1249254455931023360
1249254751126110208
1249256209397329921
1249259724937277440
1249259823746748416
1249261187583348737
1249264695585931266
1249269911093944320
1249270578508369923
1249270770641113090
1249271249865445377
1249272919441780736
1249272946616664067
1249276839001853953
1249277258688274433
1249277892657385473
1249279680739291137
1249281452358991874
1249281589932175361
1249281857671192576
1249283123378106368
1249283610026401793
1249285007329374209
1249285196307935232
1249285730918002690
1249288458952196096
1249288530725134338
1249288598685450241
1249288790834851843
1249289381262868480
1249289965890142208
1249290656742342658
1249291314904150017
1249291867537235969
1249291881223249923
1249292052757651457
1249292074308046848
1249292371596058626
1249292578215923713
1249292630653091841
1249292774438027265
1249293243780653056
1249293258909499392
1249293261157675010
1249295054314733569
1249295484373663745
1249296125082951680
1249297779962327040
1249298293512953857
1249299623895842816
1249299763754745858
1249299773036920832
1249299970609623041
1249300340706611200
1249301209019830272
1249303189221814272
1249304777684631554
1249305920854790150
1249305956527165440
1249306388263628800
1249306533680340993
1249307687516401664
1249308061283557376
1249308097648214016
1249308611068690438
1249309758571462656
1249311147897085953
1249313478701187072
1249313901210189826
1249314939145080832
1249315278011289600
1249315863582433286
1249316871096209408
1249317747084984322
1249318211562201088
1249320279131795457
1249320395318181889
1249327121257959424
1249327815385853953
1249328355301822465
1249328714028060672
1249330710281936897
1249330829060386817
1249330929438515203
1249331455735595008
1249331599419867139
1249331728256245760
1249331993965481990
1249332924295663617
1249332962316951553
1249333652300931072
1249333698727759873
1249334263461359618
1249335793916805121
1249336146590666752
1249337451438579717
1249337567302082562
1249338452577079296
1249338580876570625
1249339703922475008
1249340136288063488
1249340257121812480
1249341198218731522
1249343478754140163
1249343740071870469
1249343955143208961
1249344549077626881
1249346682342518786
1249347928390545412
1249348993055895552
1249349441850572801
1249349508619743234
1249349972589449217
1249350176134791169
1249350662288281601
1249351411290144773
1249351615125114880
1249351876459593730
1249352474089136129
1249352663403282433
1249353902027399168
1249355107667456000
1249355112482406400
1249355936944271360
1249356195233701888
1249357344309481473
1249358139914252290
1249358170889367552
1249358963499503616
1249359260619870208
1249359395147915266
1249359938176122882
1249360426497867778
1249360690030301185
1249360821785964545
1249360947451494402
1249361825159938049
1249361870345166848
1249361995255746560
1249362023495983105
1249362236235304961
1249362254291763200
1249362478468943875
1249362551223304193
1249363085166444544
1249363248304054274
1249363273583136769
1249364320527486976
1249364478254252033
1249364532943822848
1249365291563470849
1249365342767525890
1249365470198861825
1249365486929956864
1249365786193510401
1249365855126904832
1249366377376485376
1249366858156867592
1249367029448167428
1249367282066886657
1249367761450684418
1249367766597058560
1249368790535680001
1249369982854737923
1249370488712953859
1249370708112805892
1249370816397086720
1249371152247443459
1249371263509893120
1249371886905184257
1249371909151690752
1249372035207348224
1249372155034226690
1249372465370824705
1249372728274161664
1249372845504937985
1249373060853043200
1249373167782592514
1249373240025321472
1249373531055386625
1249374121416364032
1249374455274577922
1249375230264393728
1249375664748351488
1249376419345506304
1249376815950508040
1249378026594410498
1249378629102043139
1249379066463096839
1249379876236218368
1249381021511974915
1249381178395824129
1249381476631826432
1249381553626480642
1249382142926348289
1249382372346298375
1249382706334576647
1249383909319757824
1249384329173663745
1249385440047661058
1249386309170462720
1249386349200920576
1249386368205291526
1249387443985559559
1249387664102621190
1249388277641158657
1249389134734659585
1249389219136581632
1249389776215646216
1249389898542579714
1249390023008534531
1249390455709712384
1249390841858265090
1249391324660260864
1249392171733540864
1249393405656027137
1249393460165185541
1249393759235772417
1249393982901190656
1249394035514642433
1249394675729006592
1249395026020401152
1249395598920495106
1249396836701528064
1249397284909002758
1249398288303915009
1249398333707374598
1249398425885556736
1249398572711317505
1249399116775469057
1249399633987678213
1249400815464468480
1249401580228509696
1249402723033690113
1249402729186934784
1249402904135577600
1249402931432095744
1249403177901883392
1249403459251490816
1249403621189529603
1249403785010491392
1249405562397372423
1249407639072669696
1249408656745156610
1249408761183252490
1249409217020264448
1249409398058844162
1249409898330423302
1249409950465560582
1249410796704206848
1249411137323577346
1249414341855772675
1249416879598211072
1249417387574730755
1249417869634555906
1249418693660028929
1249419298310938628
1249420984597217283
1249423314025676800
1249423347030675457
1249423895008067584
1249424495237935106
1249425015973588992
1249425509202759686
1249425743672684545
1249426119926910981
1249426737777254403
1249426786527711232
1249426941683412994
1249427185120804872
1249427303358181376
1249429096343298048
1249429465224052737
1249430250368499713
1249430835557806081
1249431502946889728
1249431705104121856
1249432305933918208
1249433740398473220
1249433791648739328
1249433820920713226
1249433964898648066
1249434165713473537
1249434418890096644
1249434731172605952
1249435316554887168
1249435596336005120
1249436066370727936
1249436627602194432
1249436713786761217
1249437045916864513
1249438153938735105
1249438979319095297
1249439954058395648
1249441449709535233
1249441786206060545
1249442301832806401
1249443162441093120
1249443240723517442
1249443263989374977
1249443504968945664
1249443591027675139
1249443841180151809
1249444466164928512
1249446893266128896
1249448588398284802
1249448771538354178
1249451380395384837
1249451453141471234
1249451480408567808
1249452474634842114
1249454602744889345
1249455850412027910
1249457383702585344
1249459736233345024
1249459896816488450
1249460266791604225
1249460808045789184
1249461390433079296
1249461664447070208
1249463619970007041
1249465869559873537
1249466847348641796
1249468281364393997
1249468950523580418
1249469080203075594
1249469725790416908
1249469957349531648
1249471029958901761
1249472993933361153
1249473202239287297
1249473656914313217
1249473696928083971
1249473895775850496
1249474230368034818
1249474941839380482
1249475056406839296
1249475200678273029
1249475270903398401
1249475312380833793
1249475452944728065
1249475523803316227
1249475580669681665
1249476049517391872
1249476327008350208
1249476528871739398
1249476625739051008
1249476902567514114
1249477066350899206
1249477313466638337
1249477745287073796
1249478028671037440
1249478334490312708
1249478441004564483
1249478882375471110
1249478968618577922
1249478973198938112
1249479317031194625
1249479479451365377
1249479748838920192
1249480069862522881
1249480168772702208
1249480555420250112
1249480662387773445
1249480850632323072
1249480882538172416
1249482511643705346
1249482610629361670
1249482794440548356
1249484165550047232
1249484506744213504
1249484780086988807
1249484797233311744
1249485176201191424
1249485628582039555
1249485893544677376
1249486005494824960
1249486876618240002
1249487188649222145
1249488374588739585
1249488450677542912
1249490803858329600
1249494253492936705
1249496090371653632
1249496156704571392
1249497285404135425
1249497896472522752
1249498163846791171
1249499127584604162
1249499765764698115
1249501669764849667
1249506228595838978
1249506653348581377
1249508369683054594
1249508726182199297
1249508904201052162
1249509372209893376
1249509810896285702
1249510004396343296
1249510306335920128
1249510582644080642
1249510907232870400
1249510930834239490
1249511256559693826
1249511313870663680
1249511728381071362
1249512012142596097
1249512366028369920
1249512560270946305
1249512940157448192
1249513117513547778
1249513311684739077
1249513680187908096
1249513750132121603
1249514140227514370
1249514426564255744
1249514517731651586
1249514616960495622
1249515051754631169
1249515274665168897
1249515750550835200
1249515812697899008
1249516174293061633
1249518675213811712
1249520463044382725
1249521190680645632
1249522419724738562
1249522748654784514
1249524439001321472
1249526113853980672
1249526700809076737
1249528293214257152
1249530303678271489
1249531497100574720
1249536395938598914
1249536850991230976
1249537227736199176
1249537478471581696
1249539507625447424
1249541160974024704
1249541934873563136
1249543010502803457
1249544349270056960
1249546486863593473
1249548490956574726
1249550901456654336
1249552040168239109
1249552122468851719
1249553448904929281
1249556399547449344
1249557817268281344
1249559167263744000
1249563684906643456
1249566106693578752
1249567654349848581
1249569346151735296
1249570334812094466
1249571663475179525
1249571859802308608
1249573924678930432
1249574787460083712
1249575259625357314
