1250317260855500801
1250319539889246210
1250320330184200192
1250320732254420992
1250321396904759296
1250323270127112192
1250325363755847682
1250326887424913410
1250327433200283648
1250329056102338560
1250329415638114306
1250331050082852868
1250331774212694019
1250332512796028930
1250335353086423041
1250335893816086530
1250335954595770368
1250336826214080512
1250337592744148996
1250340280017940480
1250343338785423360
1250343815946240012
1250344652030357504
1250345488143925248
1250345488701775873
1250347399102361600
1250347466538377217
1250347918550163457
1250348031792123907
1250348085491843075
1250348253519872002
1250348369748185092
1250348608378957829
1250348810032693248
1250349091927646210
1250349522678501377
1250350934128873474
1250352523669430273
1250353829217853443
1250355611411202049
1250355613009240065
1250356258072195072
1250360153376821248
1250360600821039104
1250361285700489216
1250365193877483523
1250365738315124737
1250367541790343171
1250368700991049728
1250371687624867840
1250373758696796160
1250376083066834944
1250376774418137091
1250376905355857922
1250378374092128256
1250378719165898752
1250378980257120256
1250383092948373505
1250383337069391872
1250388500597428224
1250390299391688704
1250390748631105536
1250390932287098880
1250395163542855680
1250395352081072129
1250395364512980993
1250396686607843328
1250396790337175557
1250398987661828096
1250401666286878720
1250405237850091522
1250406526264672258
1250406982537957383
1250408603120537600
1250409845343367175
1250409946212110337
1250411213814710272
1250413034864082949
1250415080036085760
1250416713511899136
1250416916403011584
1250417064210120710
1250420006300467200
1250420101951586306
1250420773778571264
1250421595069452288
1250421623670239232
1250421707090743296
1250422100893921284
1250422238102224898
1250423759065894915
1250426659922034689
1250428525896536065
1250428547400732675
1250428749666856963
1250429630873387019
1250429733419925505
1250431797332029443
1250431979926851585
1250433154935951360
1250433972561047558
1250434334420373505
1250435592057319426
1250435826774732802
1250435864301199360
1250437567654199296
1250437754573348871
1250438611461222405
1250438865719975936
1250439061107441666
1250439675052843008
1250440122551554049
1250440401200148481
1250444037649129474
1250444084382179328
1250444922274095105
1250446010603712514
1250448182380822528
1250448591866359808
1250448883819220993
1250451290976550912
1250452457324511234
1250452625583222786
1250452793476907014
1250452873730838529
1250454253480685568
1250454305020293124
1250454601503068166
1250454607362314240
1250456336535638019
1250456982433251330
1250457691748777984
1250458815276945408
1250458919388041217
1250460130757484545
1250460323414339590
1250460485381734401
1250460751157919745
1250464396960239617
1250466393188958208
1250466815295328265
1250467548900007945
1250467584153128960
1250467922058915840
1250468076442783745
1250468347776585734
1250469762678886401
1250473123532738562
1250478005031501825
1250479645197205505
1250480013570424834
1250480275324272645
1250481291788771329
1250481853338804225
1250482723602550785
1250484640932081670
1250484763200290822
1250484932545216512
1250486435586736129
1250487039457464321
1250488361959161874
1250489131374907394
1250489370555101184
1250490185160278016
1250490357151870978
1250491073920671744
1250492661460598787
1250492860635512833
1250493685621547015
1250495700909129729
1250495863140515841
1250496269509898240
1250496959884013569
1250497835709145089
1250497838833971202
1250499414399094785
1250500376555663361
1250500856887365634
1250501311902158850
1250502118592655360
1250502341306077184
1250502531979059200
1250502795385614339
1250504120051462151
1250506271515725826
1250508568039735301
1250509936884428806
1250510214346014720
1250513171271598080
1250513306575659010
1250515073040297985
1250515586620284928
1250516355901722629
1250517544026464258
1250517746795843585
1250518070738784264
1250520449953476613
1250520541552926720
1250520656657211397
1250522598540271624
1250524340719935488
1250524612133347328
1250524620479959041
1250526284511412226
1250526762414604288
1250526830056136704
1250527439983345664
1250527690312089609
1250527722868178945
1250528647519371265
1250530956890591232
1250531015342374913
1250531916413112321
1250532297188745217
1250532770654441472
1250534165424082944
1250534938648236044
1250535024245583872
1250535108593016833
1250537221574311941
1250537288582520838
1250539835540099075
1250543682861834240
1250543757864374272
1250544055135731714
1250544634406862849
1250545140831268865
1250545709344047107
1250545941108711425
1250547491252117504
1250548695910793216
1250552914759876614
1250554257360719873
1250554314713686016
1250554494397677569
1250556166389878786
1250559163547160576
1250559275925200903
1250560109257908224
1250560364623863808
1250560845203083266
1250560986312032256
1250561699461160962
1250561737251868672
1250562099769638917
1250562726696452098
1250564106576449537
1250565846432432129
1250565989936304128
1250566406896320513
1250568212812632066
1250568481893781504
1250569665329446914
1250570060172795914
1250570473601146881
1250571407374893057
1250571597716602882
1250571864155598851
1250571921063895040
1250572201767682049
1250572249511403523
1250572312325357569
1250572375965532161
1250572905542561795
1250573476013932545
1250573786627411969
1250574329722658819
1250575546767020037
1250575691571224579
1250576304593920001
1250576533711925248
1250576779070201857
1250576789044412429
1250576939804495875
1250577009220124672
1250577270407913473
1250577319967756289
1250579401323970560
1250580008923529220
1250580288473894914
1250580454656401408
1250581789975994373
1250582064916807680
1250583082735976448
1250584187251367937
1250584434404929538
1250585062879395840
1250585116365160448
1250585592137682945
1250585679467360259
1250587466211483650
1250589715406913539
1250592807917686784
1250593062704893952
1250597219834580992
1250598264354803712
1250599013310742530
1250600628591767558
1250602146506182656
1250602758916526080
1250603466881409027
1250604742826504193
1250609788049854465
1250611595773911043
1250611714762080257
1250613160404496385
1250613548104941569
1250615087150268418
1250615471449219072
1250619363767566336
1250620005550522378
1250623337157603335
1250624816798982149
1250625798802935808
1250627096034017280
1250631862302588929
1250634520711307264
1250634934563278848
1250637396405825537
1250639111649665025
1250639435580026881
