1249410796704206848
1249411137323577346
1249414341855772675
1249416879598211072
1249417387574730755
1249417869634555906
1249418693660028929
1249419298310938628
1249420984597217283
1249423314025676800
1249423347030675457
1249423895008067584
1249424495237935106
1249425015973588992
1249425509202759686
1249425743672684545
1249426119926910981
1249426737777254403
1249426786527711232
1249426941683412994
1249427185120804872
1249427303358181376
1249429096343298048
1249429465224052737
1249430250368499713
1249430835557806081
1249431502946889728
1249431705104121856
1249432305933918208
1249433740398473220
1249433791648739328
1249433820920713226
1249433964898648066
1249434165713473537
1249434418890096644
1249434731172605952
1249435316554887168
1249435596336005120
1249436066370727936
1249436627602194432
1249436713786761217
1249437045916864513
1249438153938735105
1249438979319095297
1249439954058395648
1249441449709535233
1249441786206060545
1249442301832806401
1249443162441093120
1249443240723517442
1249443263989374977
1249443504968945664
1249443591027675139
1249443841180151809
1249444466164928512
1249446893266128896
1249448588398284802
1249448771538354178
1249451380395384837
1249451453141471234
1249451480408567808
1249452474634842114
1249454602744889345
1249455850412027910
1249457383702585344
1249459736233345024
1249459896816488450
1249460266791604225
1249460808045789184
1249461390433079296
1249461664447070208
1249463619970007041
1249465869559873537
1249466847348641796
1249468281364393997
1249468950523580418
1249469080203075594
1249469725790416908
1249469957349531648
1249471029958901761
1249472993933361153
1249473202239287297
1249473656914313217
1249473696928083971
1249473895775850496
1249474230368034818
1249474941839380482
1249475056406839296
1249475200678273029
1249475270903398401
1249475312380833793
1249475452944728065
1249475523803316227
1249475580669681665
1249476049517391872
1249476327008350208
1249476528871739398
1249476625739051008
1249476902567514114
1249477066350899206
1249477313466638337
1249477745287073796
1249478028671037440
1249478334490312708
1249478441004564483
1249478882375471110
1249478968618577922
1249478973198938112
1249479317031194625
1249479479451365377
1249479748838920192
1249480069862522881
1249480168772702208
1249480555420250112
1249480662387773445
1249480850632323072
1249480882538172416
1249482511643705346
1249482610629361670
1249482794440548356
1249484165550047232
1249484506744213504
1249484780086988807
1249484797233311744
1249485176201191424
1249485628582039555
1249485893544677376
1249486005494824960
1249486876618240002
1249487188649222145
1249488374588739585
1249488450677542912
1249490803858329600
1249494253492936705
1249496090371653632
1249496156704571392
1249497285404135425
1249497896472522752
1249498163846791171
1249499127584604162
1249499765764698115
1249501669764849667
1249506228595838978
1249506653348581377
1249508369683054594
1249508726182199297
1249508904201052162
1249509372209893376
1249509810896285702
1249510004396343296
1249510306335920128
1249510582644080642
1249510907232870400
1249510930834239490
1249511256559693826
1249511313870663680
1249511728381071362
1249512012142596097
1249512366028369920
1249512560270946305
1249512940157448192
1249513117513547778
1249513311684739077
1249513680187908096
1249513750132121603
1249514140227514370
1249514426564255744
1249514517731651586
1249514616960495622
1249515051754631169
1249515274665168897
1249515750550835200
1249515812697899008
1249516174293061633
1249518675213811712
1249520463044382725
1249521190680645632
1249522419724738562
1249522748654784514
1249524439001321472
1249526113853980672
1249526700809076737
1249528293214257152
1249530303678271489
1249531497100574720
1249536395938598914
1249536850991230976
1249537227736199176
1249537478471581696
1249539507625447424
1249541160974024704
1249541934873563136
1249543010502803457
1249544349270056960
1249546486863593473
1249548490956574726
1249550901456654336
1249552040168239109
1249552122468851719
1249553448904929281
1249556399547449344
1249557817268281344
1249559167263744000
1249563684906643456
1249566106693578752
1249567654349848581
1249569346151735296
1249570334812094466
1249571663475179525
1249571859802308608
1249573924678930432
1249574787460083712
1249575259625357314
1249579352502779905
1249580772333256706
1249583101820502016
1249584222265913344
1249584882092777472
1249585866667896832
1249586270118035456
1249587163370532864
1249588148864196616
1249591979622707201
1249593582060789760
1249594718977167360
1249599379557830657
1249600619171676160
1249603391002738688
1249603906285551617
1249604639508574208
1249605494995668992
1249605503870787587
1249605712101158920
1249605715318185984
1249605899578114053
1249606605664067585
1249607295065034752
1249607640122044416
1249607932829990912
1249608689167851520
1249608752304619520
1249608752510222347
1249609200684208128
1249609367026098177
1249609736720433155
1249609939980517377
1249610333313994752
1249610455334752257
1249610456093863936
1249611364311732225
1249611534638219269
1249612021269770242
1249612954724491267
1249613008222982146
1249613441989558272
1249613577729777665
1249613749079719936
1249613810928926720
1249614160780054529
1249614177410351104
1249616113459171330
1249616152482975744
1249617937138421761
1249619143281848320
1249622030187716608
1249622268176748544
1249623750728957952
1249624265659424768
1249627061393784834
1249627178058350596
1249627478622158848
1249628069490376704
1249628626565251072
1249628993151741953
1249630850418970624
1249631076697374720
1249640912482906112
1249641197280219137
1249641525119791106
1249641832075669504
1249642406602997762
1249646464621559809
1249647466036842496
1249647729736908801
1249648604089929728
1249649200742182913
1249649826091937792
1249650281291317248
1249650771702005760
1249651317582082049
1249651318509232131
1249651713503617024
1249652138462019584
1249652296763551744
1249652478225911810
1249652478871732226
1249652761068781568
1249652971975200769
1249653253324845057
1249653350628495360
1249654325816823808
1249654953376972801
1249655323096502272
1249655941542395904
1249656522495442945
1249656601130270720
1249656655656161280
1249656975182487559
1249658197398507523
1249659369647677440
1249659563328053248
1249659697466085378
1249660185620201474
1249660471424229377
1249660597089775616
1249660861871984641
1249661702209073152
1249662263268605954
1249663152872095747
1249663587800371201
1249663683430690818
1249664544303206407
1249665081153138688
1249665495126740992
1249665720780238848
1249666981806014467
1249668873751793666
1249668880894754816
1249670303556554757
1249670563423010820
1249670617277902849
1249670676182634497
1249670993200779264
1249672793962303496
1249673896628019203
1249674758335139841
1249677585451286528
1249678274269249542
1249679417984651264
1249680386164166657
1249680566515109888
1249680906153009159
1249681550763077632
1249681752605458432
1249681891827081218
1249682680079417349
1249682892416000000
1249683435200942080
1249683824818167809
1249684340671483904
1249684508653355009
1249685055925923841
1249685281512599553
1249686269963259904
1249687092776615936
1249687643614588929
1249687829069864960
1249688468063768577
1249688725195554816
1249688781097181184
1249688942162608130
1249689142151315457
1249689207779528705
1249689556863115264
1249690524413550592
1249691758176473091
1249691771703119874
1249691777918996480
1249692545979953152
1249692787135500288
1249692821998710784
1249692838398513153
1249692922158727171
1249693834692513792
1249694013520830465
1249694549708091393
1249695125699284995
1249695384198352897
1249696036626616326
1249696142671122438
1249696501825245186
1249696800728125440
1249697837010558977
1249698470476292098
1249699109155549186
1249699908887515137
1249700273250942977
1249703320521830401
1249703378155966475
1249703523228344322
1249704190382931969
1249704425196851203
1249705077696335872
1249705607818600449
1249707717851320320
1249708247168188416
1249709084321988609
1249709396998922241
1249709721436573696
1249709829666504713
1249710060495933442
1249710200082378760
1249710640039710720
1249710841399840769
1249711997962399744
1249712200383639555
1249712383938850816
1249712933745065984
1249713150292885507
1249713715571761154
1249714048993763329
1249714151485825029
1249714867533209600
1249716746027745281
1249717647589232641
1249719788710084609
1249719866736730113
1249720000493113344
1249720198296461314
1249720493709635589
1249720862955245569
1249720902360502272
1249721751384145920
1249721889301413890
1249721890450612224
1249723238336180224
1249723422868787201
1249724329174151168
1249725154759933955
1249725483165589504
1249726148898172930
1249726336932941824
1249726642282512384
1249727061222215680
1249727659774562309
1249727663939432449
1249727779966459909
1249728010808410112
1249728211753283588
1249728282997768197
1249728303348486144
1249728561465835520
1249728696333864960
1249729412725116931
1249729418257448960
1249730066034176001
1249730421803319296
1249731046863765506
1249731186538295296
1249732184128315395
1249732408024293376
1249732671246401544
1249732934191513601
1249733587483668488
1249733780723634177
1249735267767988224
1249735337368158209
1249735880576811011
1249736547160797185
1249737050636640258
1249737381625753600
1249737651541835784
1249737781468901381
1249737954291048449
1249738407099748358
1249738742853746688
1249738862668193793
1249739480455614466
1249739850200289282
1249740973724368896
1249740974055510016
1249741701243011075
1249743009916293124
1249743423868985346
1249743603167113217
1249744043120066571
1249744450596868096
1249744903036436482
1249746246316802048
1249746810886860800
1249747148532600834
1249749036678053888
1249749072941944833
1249749742332018695
1249753321860202497
1249754191838482432
1249754898637426688
1249755683454664705
1249758024006279173
1249758088061767683
1249758484075294723
1249759915901628417
1249760306844368903
1249761566200868871
1249762034834501637
1249762177873055746
1249762326317858819
1249764359863177216
1249765146077147137
1249766657075171329
1249767214888161280
1249767538965258242
1249768139853688836
1249768755141455872
1249769033735581703
1249771208310173696
1249771228388261891
1249771351730200578
1249773629820350466
1249774024223227905
