1247779403339141120
1247781566429843463
1247781717277999116
1247781743781801985
1247784124451934208
1247784993281069056
1247785160566693893
1247786206416388097
1247787927108612096
1247788713435779072
1247791390962016265
1247792210055024640
1247792997699170304
1247793547996102656
1247795142666244097
1247796577852223490
1247799365474717700
1247800011640827904
1247802433461301250
1247804214580920324
1247806042374680579
1247806194325942272
1247806800306393090
1247810339342700544
1247810771678924807
1247810853509857280
1247810900871901185
1247811323037179905
1247811654483677185
1247811799279378432
1247811874411986946
1247811942657298433
1247812218546049025
1247812447601213440
1247813414988075008
1247817332921118725
1247817755480543235
1247817974104367104
1247818720929513474
1247819033841250304
1247819524075925504
1247820489734729728
1247820628431974402
1247820664456777728
1247820778869002242
1247820840172830722
1247824803513298944
1247825346713526274
1247826989404360704
1247827506289246208
1247830851964076032
1247832826474627073
1247833182029803521
1247834494461190144
1247834957143212033
1247835373549412353
1247835567905259522
1247837371229507584
1247837595272384513
1247838155501379585
1247839974231285761
1247840511982960640
1247840895438925825
1247841108635406336
1247843973126856704
1247846662271315970
1247847008569876482
1247848018579206145
1247848852079681536
1247849097391943680
1247849628223012864
1247849894041264128
1247850523883196416
1247851167155191808
1247852011065954304
1247853181511454721
1247853753363058689
1247854714835931136
1247856261628071936
1247856747999637504
1247858747436871680
1247859614944759810
1247860215703375873
1247860723201515523
1247860773755420672
1247861695135059973
1247862203593752576
1247862204269027331
1247862711653937152
1247863219458396160
1247863257949446147
1247863469510139904
1247863673995100162
1247863729703829504
1247864237374013440
1247864416546295810
1247864481495101442
1247864746369482752
1247865374978105344
1247866065302040576
1247867094768726017
1247869490110611459
1247869738220433408
1247872054810025984
1247872168907718656
1247872256921030656
1247872286511624192
1247872677546733569
1247872786749628416
1247874942881931267
1247875078232080390
1247876362762739725
1247876364612624384
1247877997224284161
1247878182780403712
1247878334031073284
1247878908642381827
1247879911307534337
1247880426342854660
1247880784322707456
1247881569215246336
1247881700564058118
1247882620039573505
1247883284685574147
1247884085508198400
1247884866957369344
1247885132129652737
1247885818670145538
1247887083923890183
1247887457946755072
1247887886042554370
1247888574936010760
1247889006517309442
1247889613303074817
1247889830236680193
1247890878644891649
1247892144028700674
1247893407256563715
1247894153985310723
1247894671809843205
1247894810909802503
1247894868141072387
1247895936186998794
1247896204941209605
1247896756014051331
1247897445033373703
1247897855865393154
1247897877000511501
1247898074426388480
1247898466530947073
1247900648013611008
1247900780784308227
1247901040122269698
1247901374760636422
1247901494231236611
1247902196005367810
1247902641331392522
1247902855366733824
1247902913424273411
1247902931430436871
1247903986608254976
1247904863452880896
1247905254504411136
1247906349876498438
1247906494818983936
1247906522115584000
1247907217552158721
1247907784810795009
1247908765283823619
1247908765283823619
1247909049036922881
1247909613200199685
1247909795908255746
1247910311799201792
1247910316396163076
1247911339802144769
1247911455145357313
1247911579489832961
1247911886009622530
1247912740146028544
1247913040370114562
1247913404624441344
1247913431396728832
1247913784066412545
1247914022449618946
1247914765797769216
1247916059665014789
1247917087433068544
1247918809027092480
1247918981480095745
1247919047477518337
1247919546180218881
1247920380288909312
1247922547397554176
1247924019937955840
1247924610093514752
1247924813001150465
1247925677220859906
1247927547679080450
1247927586354802688
1247927671373299713
1247928004065427456
1247928190850551810
1247928899595624451
1247929660966649856
1247929916630368262
1247930463760584704
1247931737965035520
1247931985508646914
1247932661064175616
1247932746930028544
1247933111465320448
1247934090231328768
1247934271265869826
1247934782740344840
1247935032880177152
1247935794301538304
1247936245453533185
1247936253162598401
1247936441839214598
1247936555823648770
1247937317425360899
1247937606693855233
1247937633982046214
1247938076661465089
1247939058770288642
1247939370260353026
1247939598103314432
1247940616895500288
1247940617335902208
1247940694926213121
1247940729592217605
1247941149333106690
1247941559879749632
1247942302649044993
1247942633072230411
1247942779206078468
1247943385253433346
1247943658403434498
1247945428282245120
1247946294036922372
1247946447603073026
1247946680554700801
1247947311726149632
1247947348459884546
1247947563203997696
1247948608789504001
1247949291882262528
1247949482567712769
1247949627589967872
1247949892309450760
1247950835390337024
1247951261242015744
1247951586044850177
1247952808827125761
1247953716184903686
1247955112624095239
1247955615953178624
1247956416196902918
1247956625484382209
1247957519097618433
1247957595039469568
1247957710584205312
1247958741766504449
1247959301798481921
1247959473727119362
1247960283751968769
1247960601093189637
1247963620543205378
1247964083787202560
1247965484059852800
1247965789841510403
1247965973434548225
1247965982305460225
1247966337546280964
1247966475438239744
1247966624650604548
1247967336486731778
1247968054652342272
1247969766616240129
1247969939811532800
1247970102110236673
1247970206946910208
1247970893948747778
1247971229224632320
1247971990872436737
1247972813652328449
1247973147636387840
1247973830171267077
1247973907585523713
1247973924589260800
1247974553797738501
1247974669627654147
1247974669992542208
1247975431774535685
1247976016259268608
1247977745084284929
1247978092615827458
1247978094041890816
1247979003241250816
1247981343251795973
1247982635705606146
1247983214351826945
1247983308115292160
1247984071243894785
1247985147682512898
1247985286593871872
1247988765806800899
1247988840280870912
1247988934543622148
1247990220982816769
1247990360002854913
1247990768301674497
1247993021330788353
1247993201010638848
1247993595627536386
1247994993324650496
1247995449467944962
1247996012003758081
1247996695125917707
1247997364536672257
1247998440967229443
1247998980128043008
1247999007944617984
1247999952657289221
1248000310796320768
1248000829585420294
1248001889595084802
1248002300242587650
1248002626622353409
1248002650580418571
1248003106534764544
1248004562239152129
1248004595361570819
1248005031279779840
1248005486412062723
1248006909304516608
1248006922302709760
1248007138196111360
1248007496939126789
1248008396550197249
1248008983555657728
1248009262573342722
1248009576441466882
1248011052681326592
1248011103361052673
1248011850270142466
1248012662459387907
1248013167424225281
1248014899449483265
1248014945024741377
1248015772804235264
1248016257552531456
1248017341390045186
1248017500891017218
1248017741333721090
1248017985115049986
1248018197074198528
1248019245381767168
1248019295168126976
1248020365382737928
1248021262175277056
1248022933760626689
1248023240959823874
1248024015295447043
1248024975342292993
1248025616395440133
1248026215832866817
1248026411622858752
1248027035274018825
1248027605388976129
1248028019303874560
1248030258000994310
1248030661727760386
1248033060161040384
1248033075784810496
1248033310078636032
1248033547316793347
1248033608159375360
1248034002558164992
1248034263691407361
1248034393446330369
1248034589207126017
1248034641199718403
1248035504186109958
1248035523169574913
1248035773515010048
1248037943270203393
1248038600362602505
1248039176722960384
1248040046407692288
1248040293796139010
1248040346686066688
1248041802017517570
1248042634330980359
1248044922072154112
1248044969123864584
1248045390491942916
1248046175598661634
1248046292246429696
1248048049760370689
1248048563910828032
1248049122835345408
1248049210768924678
1248049224564031500
1248049718262992897
1248050226063118338
1248050575780073478
1248050735092285441
1248050895121715200
1248051190174232579
1248051410182307840
1248051752957599745
1248052263278596097
1248052772173381635
1248052919120912386
1248053281085153284
1248054102422061056
1248056123082657793
1248056891034435584
1248060365914681350
1248060575780753408
1248061046889353216
1248062369290506242
1248064168571199488
1248064983180570624
1248065032623095809
1248066343922020352
1248067305952677888
1248067589076594690
1248067814113652738
1248068751167303685
1248068832062816258
1248068838891106305
1248070166866526212
1248070292146139140
1248070674574434305
1248071295708860416
1248071362876489729
1248071463283953664
1248071972115881985
1248071985457922051
1248072481069568001
1248072988735479808
1248073070893584384
1248073282168840193
1248073496388947968
1248073640404496384
1248074004059078658
1248074511741865984
1248075143978594306
1248076833087684608
1248077476317802497
1248078570204913675
1248078907602948096
1248079291390341123
1248079434474827778
1248080059375800320
1248080851860144133
1248081579127250950
1248086085571424256
1248090964348059651
1248092554891005952
1248093914147500042
1248093920178909187
1248094172634120192
1248095550123192323
1248095988289605632
1248097111138238464
1248097312553029634
1248098168622985216
1248099078870913024
1248101805579317249
1248102739416174593
1248105707704066048
1248105711957159941
1248107204789637120
1248115305194213377
1248117250260979718
1248117400660135938
1248118020721070082
1248118463224315904
1248118527598514176
1248120447662768128
1248122901561294848
1248127974706053126
1248128427875590145
1248130157350715392
1248130710688239618
1248136122292531205
1248136469425704961
