1247030416047038464
1247033205909315586
1247033439741755393
1247034320440754177
1247035041156341760
1247037736198037504
1247038734790471680
1247038745896984576
1247040240335781893
1247041003841654784
1247042107895939077
1247042529217871872
1247045759108886528
1247046011002015744
1247046503652302848
1247048824239030273
1247049506149064704
1247052656687931393
1247052727114502144
1247052764317876224
1247056304952270850
1247056676005576707
1247057263401058304
1247059852314267648
1247061828397490176
1247063444320407552
1247064475565424643
1247065095840161793
1247065564071288832
1247065856053596160
1247066136396607489
1247066616334073856
1247067292443332608
1247067712762806273
1247067724083322880
1247068229077323779
1247068893123874816
1247069253741744128
1247069653387657216
1247070413546491906
1247071172505845760
1247071931490279424
1247072111098617858
1247073036068675586
1247073168113700864
1247073451833274368
1247074070358831104
1247075335721627649
1247076063387230208
1247076095515557889
1247077120167288832
1247077402964082689
1247077698972741632
1247077732648775687
1247077851607830528
1247077879101435904
1247078057405489152
1247078613117210624
1247078637930766336
1247078725574955008
1247079396919455744
1247080846550609922
1247080846949040129
1247081204698005506
1247081827854094341
1247082101553364992
1247082861674536961
1247083699973300224
1247083935059914752
1247085723121057793
1247086670656221185
1247087044058324992
1247091468814241793
1247092508351434752
1247092636219060224
1247093090256633857
1247097648076795904
1247097746185768960
1247098545351593984
1247098960981962752
1247099376738217984
1247099399571816450
1247101764869984256
1247101846050742272
1247102344069865473
1247102436335972352
1247102436721991680
1247102988520312832
1247104697074438152
1247107377763102720
1247108429900111874
1247109120877944837
1247109170337320960
1247110470684860417
1247111803726954496
1247112783226908672
1247113573001764865
1247114361547771904
1247114649260232704
1247117249787420673
1247118878284697601
1247119789081886725
1247120414540627968
1247122063766065153
1247124775022911488
1247126463494721538
1247126745850859520
1247128265657024512
1247128511724146689
1247128668658425857
1247129987561512963
1247130620574171136
1247131619732963329
1247132038177718272
1247132068921970693
1247132503493586946
1247132737275912192
1247132764685688833
1247133176754995200
1247133799806353412
1247134114425126912
1247134837292642304
1247135459358081024
1247135777680744448
1247138429340659712
1247138874503172096
1247139251935985666
1247139405011320833
1247140150385278982
1247140773776277509
1247140978022064129
1247141213519712256
1247141491778224128
1247141731885342722
1247142069275103232
1247142349039427584
1247142925336633344
1247143138457800713
1247143369157029889
1247143651718938625
1247144563300618242
1247144990461001728
1247145210531819520
1247146088328503298
1247146324312670210
1247147211919691777
1247147988646010881
1247148218296696833
1247148621881061380
1247149192381755398
1247149238129242114
1247151266058457093
1247152202713456640
1247152401951277057
1247152927287861258
1247154135453048832
1247155844354981888
1247156077042348034
1247156445629616128
1247156570762268672
1247156743844569089
1247158255064879105
1247160252039974918
1247161305712263168
1247162926064193536
1247163467787726849
1247163746604265477
1247163866670182400
1247164065211916288
1247164420435804160
1247165209200013312
1247165275130040320
1247165772390002688
1247166701969371139
1247167163867119616
1247168217493073923
1247168760391372800
1247170251801997315
1247170286421774337
1247170555897315329
1247170811645104128
1247170963495624704
1247171142021939204
1247171532083924994
1247171821318922240
1247172217999446020
1247172710477725701
1247173694809661441
1247174399385632769
1247174424492638208
1247177575354568710
1247177610070720515
1247178141266821122
1247179124021616641
1247179331358593024
1247179695017394176
1247181958930731011
1247182601036668928
1247182741873078272
1247183644646653953
1247184034217762817
1247185521530540034
1247186691623813121
1247186734867189760
1247187283553419264
1247187348556840960
1247187602391699457
1247188031347527680
1247188059340378118
1247188291692134401
1247188304090542080
1247188658584682496
1247189057668595712
1247190887018442752
1247191321749618692
1247191872021368835
1247191916711731201
1247192717408505856
1247193181919293442
1247193224906706948
1247194446015365124
1247195116718239745
1247195394393739264
1247195694085128192
1247195696215871488
1247195915833602048
1247196199624589314
1247196848714067968
1247196888404652033
1247197760476110849
1247198237821468676
1247198394927460357
1247198760075231232
1247198767998099457
1247199203882946560
1247199368257703937
1247199500780912641
1247199740909031431
1247200644265644034
1247200764319105024
1247200878966329344
1247200883496095750
1247201387827601410
1247201478332252161
1247202027509334017
1247202180538515457
1247202717753376769
1247203291513204736
1247203512179703809
1247203537668509696
1247204022756544515
1247204188683026433
1247205167352741894
1247205199686569984
1247205265604333569
1247205328900497408
1247205564637220865
1247205819801899010
1247206524424015877
1247206835016413193
1247207112587055104
1247207365201539074
1247207556646387713
1247207837111066624
1247208438742081538
1247208806934876162
1247209701848334336
1247211447588962304
1247211653852266496
1247211968223567872
1247212188546162688
1247212213452054530
1247212917889646593
1247213169698918401
1247213615477710848
1247214183348756483
1247214274352689152
1247214680386555904
1247215447298228226
1247215511345094657
1247215595269033984
1247216061604343811
1247216330081697795
1247216453272682502
1247217269383585793
1247217511491416066
1247218068985651202
1247219027207806976
1247220292004519937
1247220330353111040
1247220965114875904
1247221463645552640
1247221554930429954
1247221709079527427
1247223512336666624
1247224242669850632
1247225090246422529
1247225093161246720
1247225599468412928
1247225820109733888
1247227363731136514
1247227487802798081
1247227623463215110
1247228179498106887
1247228256039755777
1247228860674052103
1247228961903558656
1247228967062388736
1247229097111162882
1247229214815739905
1247229465282912256
1247229734683127808
1247229764395577345
1247229866103255040
1247231494453710849
1247234101188362240
1247234198521479171
1247234254896914437
1247234446648135680
1247234513589030912
1247234677733298181
1247234993765711872
1247235087063711747
1247235873680343044
1247236263184338945
1247237111947952130
1247237119497682946
1247237624206483457
1247238142438105088
1247238485766893568
1247239454772912128
1247239941509328899
1247240158874869766
1247240488459087874
1247241349801410564
1247241457611747329
1247242209767931905
1247242445772984323
1247242522503544833
1247243833802395655
1247244481994330112
1247245045620711424
1247245705862877184
1247246579167346688
1247246788467273732
1247247930920251394
1247248615497760770
1247249166805409796
1247250647889698816
1247250699639033858
1247250706614059016
1247251793387704320
1247251824983314432
1247254431101366277
1247254570264395776
1247255273967726594
1247255450028068868
1247255651677503493
1247255788394954752
1247257094450843648
1247257535259774976
1247257871139647495
1247259612182712321
1247261488424853504
1247261861546000385
1247261919775543296
1247262591728189447
1247262822444068864
1247262824553988096
1247262965046394884
1247263290108956672
1247264300793769984
1247265341375492097
1247266799168761858
1247267263184613382
1247267566327861251
1247268058382520320
1247268998384775168
1247269044505509890
1247269486073430018
1247270191882547200
1247270632074539008
1247271013697667073
1247273077232357383
1247274303764271104
1247274669914324992
1247274880023678976
1247279046062256128
1247286344977506304
1247288860851105792
1247296698042515458
1247301849717358594
1247302971886571520
1247303479971983360
1247303987348541450
1247305290552393730
1247305771232235521
1247306002116030464
1247306129392238592
1247306448331251713
1247307105356390405
1247307685927714820
1247308193040142341
1247309167188213761
1247309561763160064
1247309645728722946
1247309675319775234
1247309751815417857
1247309777069166592
1247310182947926017
1247310520916398082
1247310690819375105
1247310942850826241
1247311544125288448
1247311744684433408
1247312266724335619
1247312544072515584
1247312746825179136
1247312774222528513
1247313549510098944
1247313821255024641
1247313833057796096
1247314389964918786
1247314534861287429
1247314579916566533
1247315245116383238
1247315496787197955
1247315921934389256
1247316620151869440
1247317078341754885
1247317233296080896
1247317475236220928
1247317729192935424
1247318239266377728
1247318438902747142
1247318990965202944
1247319260512337920
1247319771793817607
1247320340927307777
1247320863235616775
1247320984216109062
1247321342787149825
1247321458335981568
1247321465369829376
1247321489084502016
1247321550493233155
1247321979214008326
1247322167919992832
1247322490076049414
1247322997368774658
1247323506112692235
1247324015393374210
1247324076995219457
1247324628311252992
1247325381813821440
1247326429483843587
1247326501722370049
1247327235570372608
1247328012858806274
1247328278718840832
1247328292593471490
1247328888562290688
1247329199167352833
1247329709660110849
1247329775183486976
1247329807026847744
1247330146484465664
1247331693524144130
1247332480513957888
1247333003984023555
1247335039865667591
1247340108774346754
1247341972156747777
1247342353771384832
1247343586544410626
1247344480123904000
1247344853727444992
1247345212344631297
1247345249707491328
1247348626088755202
1247349318505422849
1247349870375002112
1247349992072908801
1247351263001546752
1247352072699121664
1247352503563440130
1247353090312994817
1247353345871884288
1247353449743814658
1247354041807618048
1247354831410327552
1247355242381037570
1247356506275819522
1247357283417423873
1247358582690959362
1247360276271443969
1247361380585541632
1247362258738597895
1247362325587169286
1247362401810317312
1247362495792254976
1247362681276895236
1247363387052437504
1247363795191623680
1247365295959834624
1247366379377999873
1247369173811912705
1247372579742134277
1247373840986124288
1247373963765964801
1247375694486802434
1247377768360423425
1247378206287630340
1247378207231348736
1247378522122924032
1247379190309105664
1247379874412716032
1247380112045002753
1247380306824507394
1247381134926888960
1247381244968677377
1247383712184090624
1247383800419684352
1247384112517742593
1247384604530446336
1247385050901024768
1247388600985178113
1247390552695410690
1247390983748288514
1247391930339778560
1247393299704483842
1247393454944108546
1247394134308118533
1247398537790468098
1247399817933774848
1247400368188715008
1247400691003351041
1247401432895991808
1247402913703571459
1247403446703026176
1247406307474313216
1247407106229014528
1247407937225732098
1247407949460443137
1247408338490527744
1247408742158786561
1247411629383462912
1247411956299870209
1247414585843466241
