1251369527549575169
1251369962058526720
1251370120938733569
1251373240653660161
1251376024073404416
1251377678671908865
1251378412725374976
1251380006175080448
1251380415266353152
1251380744506806273
1251380766271045639
1251380780456165377
1251380955530420226
1251381654700122112
1251381778532745218
1251383189744029698
1251384705770905601
1251385273327419393
1251385395713134593
1251385601556918274
1251385721581039616
1251386008043753473
1251386173920022528
1251386355650908161
1251386767112110081
1251387127176269824
1251388790146547713
1251389669771628544
1251389689896017926
1251389888676626444
1251390275924213760
1251390730997772289
1251390737331216384
1251390765303042048
1251391275049377793
1251391511973056514
1251391770136543234
1251391774972616704
1251391836540637184
1251393050116534272
1251394728094023691
1251394846427930629
1251395214528274433
1251395257872388096
1251395885990318080
1251396088180899841
1251396643783684096
1251396866065027072
1251397683337736194
1251397914871635968
1251397990675333120
1251398242425868288
1251398634530377728
1251398829909426176
1251399617368993792
1251400162791927810
1251401469091368960
1251401537034862593
1251401704215441408
1251402936888045569
1251403152269729792
1251403216295653376
1251403425876770816
1251403689476194310
1251405117628153862
1251405215921831936
1251405475654049793
1251405607103594498
1251405949916626944
1251405995214958592
1251408043763531776
1251408328472829953
1251408871177859072
1251410674279997441
1251410735021752320
1251411011799785472
1251411020809228288
1251411505234489344
1251411775872000005
1251411974484684801
1251412162079326208
1251413439483981826
1251414784043626496
1251414895746338819
1251414967426994176
1251417055330525185
1251417111261560832
1251417251971989507
1251417916404150272
1251418269141131264
1251418924220125184
1251419359639027712
1251419463825719296
1251419701042954243
1251419785604280321
1251420294713131008
1251420295077998597
1251420748746498049
1251421806877118468
1251421893816487937
1251421945662509060
1251422073655705600
1251422654323732481
1251422952106741761
1251423830519590917
1251423960517967877
1251424432746369026
1251424480234274816
1251426171863982080
1251426524055494659
1251427023777607680
1251427326577049600
1251427957710749696
1251428114783260679
1251428152628428801
1251429333274632197
1251429437930983425
1251429496894492672
1251429595548725248
1251429701760937984
1251429780601344003
1251430024021864450
1251430555591286786
1251431003605946369
1251431305297920001
1251431350617464833
1251431604251250689
1251432466012950528
1251433447714947072
1251433487711776771
1251434365483200512
1251435400092176384
1251435675666337792
1251436602624180225
1251436651454189568
1251436976277987328
1251437144582881281
1251437227344683009
1251437549786185730
1251437622280495104
1251437683676712965
1251437809862393856
1251438838309949442
1251439406243819525
1251439442633596929
1251439597617209344
1251440045548077057
1251440323408138240
1251440457684586496
1251440682272722944
1251441492746473472
1251441887455608834
1251442113809715200
1251442196856930307
1251442941090050049
1251442945271705601
1251445106160345089
1251446111623135232
1251446139402018816
1251446548485017601
1251447922018996224
1251447980084920321
1251448285056978945
1251448715614859265
1251448786632785921
1251449048327958531
1251450112397717505
1251450270539751424
1251450296213008384
1251450511972356096
1251450613189144577
1251450733477715969
1251451480738983937
1251451628735074304
1251453113732493313
1251453193403408384
1251453955026161664
1251454636428533760
1251454665830608897
1251455771050536961
1251455919629783040
1251456395901317122
1251456963562614786
1251457475150254080
1251457882693894144
1251458001048702977
1251458445104025600
1251459004217397251
1251459288364711936
1251459863709986818
1251460352216371200
1251460498790453249
1251460639077302272
1251461407994007552
1251461465485324289
1251462226843766785
1251462515848024064
1251462708844789761
1251463462909349890
1251463608732733441
1251463756078632962
1251464516950528000
1251464720365817856
1251465587978416128
1251465883534290944
1251465887636312067
1251465889498595332
1251465889892823041
1251465890970742789
1251465914811404288
1251466786534494208
1251467371308634112
1251467416284147713
1251467717929865217
1251467963015794688
1251468034289684481
1251469686191120384
1251469836955332608
1251469854919491584
1251469862792290304
1251470054153224193
1251470289994682369
1251470448673595392
1251471066532323328
1251471229871144960
1251471396414332928
1251471556213178368
1251471914159177728
1251473846886191105
1251474009478311936
1251474320041394176
1251474991264206850
1251475003431964673
1251475205488336896
1251475488683569154
1251475831697924096
1251476384171655169
1251476471614488579
1251477004018421760
1251477706337853440
1251478250364297216
1251478380274483200
1251480737372450817
1251480738421018626
1251480976573837312
1251480981674045444
1251481095461371904
1251481316832481281
1251481478900432896
1251481748782886913
1251481749365886977
1251482253110112256
1251482260035055617
1251482357556826120
1251482368407244800
1251482638696710145
1251483062715760642
1251483416907874304
1251483731363151872
1251484294632968192
1251484688046268416
1251484799237324800
1251484944418906114
1251488908447186944
1251489163456778246
1251489382822895616
1251489820045643778
1251489953571319815
1251490035964284930
1251490433945030657
1251491151040872449
1251491239872073728
1251491843919011840
1251492028028006400
1251492318756122624
1251496448916623362
1251496905781239812
1251497006616514560
1251497024064827392
1251497740363800578
1251499816544358402
1251500257474752512
1251500572840206336
1251501105990729728
1251501532849287168
1251501747194953728
1251502234648678400
1251502384632737792
1251503345157705733
1251503587798265856
1251504073762902017
1251504108344877056
1251504191362617344
1251504856306798594
1251505004843802624
1251505480775671809
1251506067886014465
1251506671643496455
1251506834093072385
1251506896701276163
1251507053086023682
1251507166067986432
1251507242295152641
1251508495326855169
1251508882465308674
1251514263870603265
1251514832274313218
1251515773719400448
1251515777058029568
1251515793076039681
1251515870117060608
1251515944612044800
1251516145619865608
1251516234870345731
1251516478618206208
1251516570620186625
1251517327709032454
1251517412891070464
1251517623155769344
1251517627618463744
1251517762209558529
1251518398036611072
1251518538122235906
1251518926959321088
1251519480062066689
1251519584374591489
1251520323553386496
1251520343677820929
1251520830573629442
1251520868112412672
1251521085926973440
1251521544586760193
1251522516654403584
1251522874374062081
1251523082671587329
1251527361557823491
1251527574724898823
1251527575257485312
1251527684519313408
1251528473992101890
1251529513995042816
1251529559096406018
1251529995056537600
1251530167199072257
1251530292260732930
1251530306445860864
1251530507143262208
1251530951634481152
1251531262357131269
1251531567974907904
1251531571397419009
1251531899367022592
1251531950013190144
1251532448644685825
1251532519893131264
1251532755596386305
1251532779810152451
1251532823938437120
1251533002464788481
1251533505659576327
1251533569232699392
1251533833876303877
1251533840948002816
1251534055604129795
1251534056027717633
1251534086067195907
1251534140064903168
1251535029043372033
1251535369872564230
1251535477003476992
1251535478429491201
1251535480757334018
1251535481898180615
1251535512244011013
1251535829878616064
1251535939928592385
1251536165804662784
1251536608802664448
1251536609553465345
1251541227369086977
1251541807298678784
1251542512012980224
1251542515460665344
1251542796290404354
1251543182241869826
1251543472001019905
1251543543212060673
1251543575852179469
1251543794945843205
1251543938093154306
1251544092275810306
1251544294537621504
1251544306063728645
1251544617721487364
1251544624956616704
1251544662063620101
1251544712948965382
1251544739054260228
1251544775498448896
1251544813180260353
1251544867500687360
1251545664384831489
1251545863710740482
1251546029939462150
1251546479321325569
1251546508769591296
1251547079253450752
1251548589182144512
1251548806883143680
1251548836465651714
1251549062656069634
1251549305418256386
1251549444136452097
1251549574315028486
1251550056802549763
1251555584765280257
1251555727639863299
1251555731473526785
1251555778437230594
1251556402952310784
1251556565758468096
1251556612558462976
1251556746616868865
1251557845432184834
1251558294063181824
1251558298748424193
1251558572464504833
1251560190127886344
1251560287641141250
1251560462304464897
1251560589396267008
1251560949401751553
1251561657844850688
1251561792893059072
1251561951710281729
1251561967786921989
1251562007079391232
1251562237547905026
1251562249879277569
1251562308217835521
1251562492804947968
1251562686091071488
1251562988240281606
1251563310295724032
1251563599799226368
1251564272192294922
1251564992962445312
1251565102756769793
1251565327370063872
1251565395695239171
1251569869658693632
1251569961778270210
1251570123275632640
1251570493192355842
1251570701808566273
1251570717839233025
1251570931937374208
1251571059343740928
1251571183935467522
1251571233000472577
1251571335324672007
1251571463825625089
1251572219563487232
1251572252497371137
1251572303596597250
1251572415815208961
1251572897967222791
1251573099524435969
1251573176586338304
1251573196060528640
1251573250544545796
1251573293406203906
1251573364927447041
1251573409756016645
1251573410188189696
1251573796538060805
1251574794857984001
1251575399391416320
1251576607602548745
1251576828680179714
1251576828751478790
1251576941896966144
1251577163763105792
1251577219421335552
1251577239369637891
1251577362627604481
1251577496023166976
1251577496228655105
1251577873732788224
1251578116998299648
1251579044577054721
1251579107617447938
1251579672942518272
1251579701308665858
1251584128018870272
1251584245627260929
1251584291768852483
1251584291848347649
1251584463840194560
1251585121012105218
1251585331498897409
1251585460670873600
1251585549472686080
1251586257580425218
1251586364858159104
1251586660988567552
1251586686192177154
1251586848788484101
1251586891197095937
1251586892866469889
1251587248769978368
1251587272220295168
1251587286527025153
1251587312200245249
1251587314913951745
1251587318261129217
1251587335503974406
1251587737930645504
1251588376953749509
1251588594793316355
1251588690079559680
1251588695465103366
1251588870665371648
1251589298861768704
1251589311188828166
1251589488456994819
1251589575815958531
1251589798948737024
1251589924475867142
1251590032575606786
1251590398314713093
1251591240136699907
1251591643712667649
1251591992410288128
1251592139269484544
1251592508540362753
1251592707723669509
1251592766674685952
1251592981800538112
1251593211631620097
1251593312705802240
1251593508949037057
1251593732765487106
1251593875048849411
1251594117936607232
1251594369951567872
1251594562478489600
1251594760243970048
1251599285684076544
1251599429087477762
1251599462369316867
1251599508355657733
1251599546322427904
1251600111148380161
1251600322679750657
1251600432100782080
1251600522299101184
1251600568654729217
1251600788079681536
1251600881830805507
1251600950533533697
1251601201709400070
1251601213843484674
1251601996236423170
1251602006545960963
1251602293025275905
1251602498588217352
1251602556301778952
1251602875526066177
1251603281815707648
1251603634091028482
1251603670292213766
1251603731516456962
1251603908201414662
1251604324213501954
1251604546377469956
1251604919926300674
1251605086666665985
1251606127068024832
1251606461626671104
1251606463157542917
1251606612575432706
1251606680636403714
1251606710160105473
1251606859582263297
1251606993934172166
1251607029124399111
1251607439360876544
1251607476258078720
1251607577319923714
1251607968392466432
1251608205643386883
1251608600818208770
1251608723421880322
1251614204265717765
1251614930664656898
1251615115486494720
1251615156448251910
1251615366037401600
1251615367090196481
1251615697932861445
1251616100753838082
1251616620692283395
1251617403856977921
1251618007836737540
1251618284740411393
1251618411290824705
1251618569709895682
1251618630695075841
1251619246519586817
1251619991771844608
1251620073351118850
1251620223096172544
1251620831630934021
1251621082953650179
1251621099630198793
1251621625684013056
1251621674497314816
1251622145517592577
1251622203877015553
1251622577015062531
1251622711589249027
1251622790962262016
1251623268810993674
1251623319889047552
1251623381260173318
1251623800292155393
1251623805618991107
1251624338534608896
1251624582076923909
1251624849363079175
1251624924701212673
1251629531351244800
1251629606077153280
1251629727124729861
1251629806950596608
1251630070713782282
1251630218227245057
1251630218294353920
1251630406409084929
1251630553503199233
1251630636890284035
1251630919708020739
1251631031691522049
1251631405844611075
1251631446470483969
1251631997866434560
1251632319959568386
1251632908151984136
1251633213677568002
1251633447174578176
1251633804399333378
1251634382869274624
1251634613186899970
1251634689980485632
1251634865797283840
1251634924337213444
1251635385580621826
1251635738535477257
1251635843929911296
1251636136717324289
1251636548258484224
1251636836105097217
1251636966703185925
1251637578870251522
1251637634277007363
1251637646394380288
1251638371543375872
1251638392837701632
1251639525262188544
1251639596900929538
1251639609064292352
1251640288201900033
1251644839294382081
1251644886119600129
1251645028776185856
1251645082685640705
1251645086166851584
1251645100456886272
1251645192131670016
1251645192857239552
1251645195730313216
1251645197026381824
1251645262688370688
1251645439264391168
1251645695200645120
1251645763484102664
1251645820593516546
1251646065347948544
1251646298530418689
1251646303253204998
1251646756896604169
1251647037256368128
1251647141556060160
1251647173026107392
1251647214109196289
1251647347064549377
1251647746374860800
1251648249938743301
1251648333317386241
1251648492671569921
1251648643964305409
1251648653699268614
1251648912320073728
1251649083854524418
1251649381754900480
1251649425388326918
1251649872568242176
1251650135827898368
1251650192878850049
1251650400161337347
1251650408826589185
1251650576355667968
1251650626712412161
1251650703346540549
1251650752390537223
1251651243820191745
1251651281904480257
1251651574839083008
1251651634406608896
1251652317738393600
1251652351590633479
1251652377796653057
1251652528078454787
1251652554007678976
1251652616431579138
1251652699826814976
1251652793225695232
1251652843456602113
1251652881079566343
1251652955851444231
1251652998155177984
1251653385402699779
1251653422148878336
1251653611739848711
1251653735979376642
1251653983929802754
1251654000547692545
1251654936988979200
1251655009542037505
1251655161979695104
1251655185589514240
1251655274093522944
1251655450803736579
1251659722744160257
1251659907046215681
1251659923999674369
1251660099216695298
1251660165226496000
1251660165532680192
1251660324102684672
1251660430394654727
1251660500385046530
1251660588750721024
1251660649073192961
1251660764919795713
1251660853440634881
1251661030222172161
1251661218005299205
1251661372724785153
1251662264211562497
1251662531665506307
1251662686460526592
1251662896574222336
1251662981538201600
1251663687598985216
1251663864518848512
1251664040625086464
1251664372839170048
1251664725294878721
1251664822539898880
1251665531511492611
1251665538780139522
1251665620405571584
1251665638822760448
1251665815369285632
1251665875154984966
1251665903479128064
1251665928489754624
1251666080415780867
1251666168382971905
1251666207331188736
1251666781388902403
1251667039934169089
1251667485205704704
1251667502964240384
1251667787162038272
1251668096550670341
1251668473186566150
1251668561560469505
1251668613314088960
1251668738061058051
1251668782910758913
1251668826049204225
1251668826921463811
1251669002470010880
1251669108828958723
1251669178815320066
1251669353134784512
1251669355479412737
1251669488988282888
1251669514971996161
1251669523037552641
1251669591941689345
1251669898276847616
1251669935526305795
1251674318360150021
1251674494462308353
1251674634996658176
1251674644286971904
1251674670534967298
1251674900206682113
1251675136454832128
1251675142888894464
1251675170261041154
1251675692179304455
1251676191666339841
1251676230807465985
1251676268896096257
1251676444641710080
1251676531778338819
1251676532994695169
1251676611780284416
1251676715429982208
1251676781662269441
1251676797919473665
1251677151188914176
1251677320479420417
1251677327534284800
1251677442013569024
1251677443850715136
1251677630857961472
1251677660658499585
1251677837205155840
1251677890434891777
1251677903965827072
1251678034991685641
1251678104742838272
1251678687751294976
1251678698325098500
1251678747075342338
1251679101875826691
1251679190308487168
1251679324484354048
1251679366850973696
1251679460488855553
1251679637349990402
1251679989403201536
1251680302365278208
1251680411262029824
1251680730696028160
1251680810450792454
1251681028659445761
1251682082184626176
1251682293888028673
1251682370916421632
1251682409655009283
1251682470308851713
1251682646695931904
1251682843375403010
1251683083834855425
1251683158749335552
1251683286298001409
1251683359580971012
1251683546499969024
1251683885223559174
1251683924385959936
1251688490850349062
1251688768224067584
1251688904425639941
1251689208780951553
1251689560439914501
1251689664051699713
1251689736873431040
1251689825100599296
1251690062141685761
1251690112087281665
1251690112917757953
1251690113144205312
1251690176650326016
1251690266869862400
1251690443211001859
1251690449972101122
1251690619451445249
1251691184239439873
1251691379039670273
1251691417568763906
1251691567724756992
1251691586750218240
1251691610418622464
1251691637505433601
1251691813708193792
1251692083171205121
1251692186799931394
1251692192760049666
1251692363921178624
1251692369487056896
1251692540266414080
1251692968295247872
1251693032262504450
1251693384210640896
1251693771403608064
1251693787879034882
1251693885765685248
1251693916925165574
1251693955449839619
1251694145531502592
1251694478911553536
1251694490814996481
1251694579432198149
1251694660445253632
1251694706314096640
1251694755819540485
1251694788904136711
1251694844025733122
1251695020635312135
1251695197139984386
1251695372835131392
1251696020137926660
1251696043000868864
1251696207250042881
1251696512674828288
1251696782326849537
1251696970848243714
1251697004767576065
1251697147407368192
1251697235512999938
1251697411896029185
1251697500240691205
1251697677328420864
1251697960443936769
1251697993654419457
1251698192686764033
1251702663366021121
1251702725064241154
1251702813249372160
1251702889241882625
1251702924272717825
1251702989523505153
1251703140216430600
1251703166988681216
1251703342927093761
1251703446647894016
1251703463693729793
1251703595830927370
1251703661706776581
1251703686390337536
1251703746054303745
1251703845794779141
1251704084844986368
1251704165652402178
1251704235466555392
1251704382418288640
1251704940923359239
1251705117029666816
1251705205403549696
1251705337960226818
1251705339201810433
1251705342477479944
1251705344356577285
1251705381312770048
1251705469409861632
1251705648548544512
1251705655473442817
1251705803658141700
1251705825799766016
1251706001318916098
1251706182181490688
1251706308367179777
1251706394568536064
1251706536180711424
1251706826799882242
1251706855925207046
1251706994928615427
1251707007167598593
1251707599969533952
1251708311147290627
1251708329740636161
1251708487136051201
1251708663104000000
1251708887214014464
1251709138729566208
1251709274159411200
1251709314169004033
1251709445165461508
1251709865166278658
1251710261511294976
1251710437525204994
1251710525613932545
1251710701887946758
1251710789943201793
1251710795844550657
1251710883602092042
1251710926144692224
1251710966372368384
1251711142621335552
1251711294115364864
1251711318765289472
1251716453448978433
1251716629022605314
1251716685293326336
1251716739794157568
1251717469112356864
1251717872268840960
1251717926945783808
1251718048425353222
1251718227014701059
1251718403062202369
1251718419319308290
1251718491071303680
1251718526987128832
1251718667898847233
1251718756352565250
1251718932874047488
1251718974699692032
1251719094069538818
1251719109143867392
1251719131063353344
1251719283723378690
1251719284818161664
