1253550960212754432
1253551017955917826
1253551020594118656
1253551045893996545
1253551837439025153
1253551991831367680
1253552199113805824
1253552456795127808
1253552556137082880
1253552872408543232
1253552973076185089
1253553109932138496
1253553213011374082
1253553273493168128
1253553375423205377
1253553842647687168
1253553886834679808
1253554130892795905
1253554178217082880
1253554626227572738
1253554680594128896
1253555013135200256
1253555537729519616
1253556769491574789
1253557412143005696
1253561889898082304
1253561963956797440
1253562048996409344
1253562250704515073
1253562516661317633
1253562598894813184
1253562615240044544
1253562937005891585
1253564284296146945
1253564377413943297
1253565353747079169
1253565659121963011
1253565955252252672
1253566516630638594
1253571733308792832
1253571899889799168
1253572010006978560
1253572942664855554
1253573122017632256
1253573206788669441
1253574052603551744
1253574156505014272
1253574992882778112
1253575520979243011
1253575829365325824
1253576296635891712
1253581317075283969
1253581595430260736
1253581813445992453
1253581852650041345
1253581932132216832
1253582025031929856
1253582204677980161
1253582674968469505
1253582692127346688
1253583663410921472
1253583803471269889
1253584098737754113
1253584175929659392
1253584204530479104
1253585179576348672
1253585236312629249
1253585575304744960
1253590050161528833
1253590208026742790
1253591495527014401
1253591518482296832
1253592930666905600
1253593553025957889
1253594039699546118
1253594238945824771
1253600412403449856
1253600597887995909
1253600852973170690
1253601436392402946
1253601450648834049
1253601485927190528
1253602302864302082
1253602624022155265
1253602946325102592
1253603551747756033
1253609225571364864
1253609560989810689
1253609681802625025
1253609796684713985
1253609961734778880
1253610514883567617
1253610516162809861
1253610517219794949
1253610946263683072
1253610998377914368
1253611561698177029
1253611990683172866
1253612087613566976
1253612401460563969
1253612438970339328
1253613517510410240
1253613738772402177
1253613759278379010
1253613914014662659
1253618917819346944
1253619176939323393
1253619368728104960
1253619887899058176
1253619899387215875
1253620049975422982
1253620364640497664
1253620566994624512
1253620697190064128
1253620831915212800
1253620833274204161
1253621746747543553
1253621956617723904
1253622108015427584
1253622112562053123
1253622846430932994
1253623096159817728
1253623265161097216
1253623409763848192
1253628281028595718
1253628305305145344
1253628541503225856
1253628684117905408
1253629013471330305
1253629123420991489
1253629392531582978
1253629408243404806
1253630194306420736
1253630854485729280
1253631120354279426
1253631128394555395
1253631792004857856
1253631793770762240
1253632009538174976
1253632039368060929
1253632487479283712
1253637488461086722
1253637559265214465
1253637641150640128
1253638603420434432
1253639214564065280
1253639467060965377
1253639474673844226
1253640059749838850
1253640960157929472
1253641113908502528
1253641505161523204
1253645788154081280
1253646255898517505
1253646259899953153
1253646626075275264
1253646929541558272
1253647339132268550
1253647356203094024
1253647439325773824
1253647599577464834
1253647633572192257
1253648200667447297
1253648559750217729
1253648815283941383
1253648915536023552
1253648959798730757
1253649572120924160
1253649745396092928
1253649784059150339
1253650192999624705
1253654565473390592
1253655144346071042
1253655239883984897
1253655285534797828
1253655355344781315
1253655399867219969
1253655424844382213
1253655458235256832
1253655781104328704
1253656175654010881
1253656609148014592
1253656952183250946
1253657106923880449
1253657131573747712
1253657723733934082
1253658248256897026
1253658378469064705
1253663404008435712
1253663629691551744
1253663751322009602
1253664745447718916
1253665848876847107
1253666136647860224
1253666272732229634
1253667387309731841
1253667421162012673
1253667576326086657
1253672362937114626
1253672375318573056
1253672467006136320
1253672680647094273
1253673532422344709
1253673892402606081
1253674564116234245
1253675126505250816
1253675147866910721
1253675193437913089
1253675231702585344
1253675571558535170
1253675590693126147
1253675976715898885
1253675986182443008
1253676062027984896
1253676427318345730
1253680853898661889
1253681567844704256
1253681706500005892
1253681723889668097
1253681761692930050
1253682693088464901
1253682738965688322
1253682840065228805
1253682860902567936
1253683175924150272
1253683627055087617
1253683955771092993
1253684159589072900
1253684169420529665
1253684437209935872
1253684576074907648
1253684891713183744
1253685268185579524
1253685297822478341
1253685297826738182
1253685308979392515
1253690044868509697
1253690195687485440
1253690276440354818
1253691373984890883
1253692071434752001
1253692205572722694
1253692402730180609
1253692679306838017
1253693169595813895
1253693211744370690
1253693362818990081
1253693397128413185
1253693631271231488
1253693844308230144
1253693874683469824
1253694004262318089
1253694114056548355
1253698714310410240
1253698911841087491
1253699557210361858
1253699696163540992
1253699696922689537
1253700082647654400
1253700144387837954
1253700156979138562
1253700212763373568
1253700294812282883
1253700333416538112
1253700505873907714
1253700953632657413
1253701126098169856
1253701968851329024
1253701981580824577
1253702334963765248
1253702757699248133
1253707623393710080
1253707623494488065
1253708046733279235
1253708245182615554
1253708354041585670
1253708877838913539
1253709096383021057
1253709373924392960
1253709439028342784
1253709608193064960
1253709959289810947
1253710064776433664
1253710136541093896
1253710392423047168
1253710643028389888
1253710874533126151
1253710915272355845
1253711675188002817
1253716285680205826
1253716863030263815
1253716973663383552
1253717064159764480
1253717732245331969
1253717778026110976
1253717850017206273
1253717929624887303
1253718034885328898
1253718344827625472
1253718678828314625
1253718726634946563
1253719422373691393
1253720025409572864
1253720516441014276
1253720655343869957
1253720767759515652
1253720860688478208
1253721091203371008
1253721103559790593
1253721138468978688
1253721288356450305
1253721426701488138
1253725952183431168
1253726003253456899
1253726228613230592
1253726695070318592
1253726794987044864
1253726997123121154
1253726997634863106
1253727224626327553
1253727361096282114
1253727647848435717
1253728046491803661
1253728285126733824
1253728363472183299
1253728658432409600
1253729735680671750
1253729798087684097
1253729954954608648
1253730042271719424
1253734585327902721
1253734743109181440
1253734974290878464
1253735003642408960
1253735109368385537
1253735671732350983
1253735850871005184
1253736194984337409
1253736282598989825
1253736673260851201
1253737171535749120
1253737295712342019
1253737415635845121
1253737482153349127
1253737550281240582
1253737647094276096
1253737982659448832
1253738777912184832
1253738782337060864
1253738904756252673
1253743468482121731
1253743929683521536
1253744039280742401
1253744052131987458
1253744179869515778
1253744486854930436
1253745108870193154
1253745837454352385
1253746109782077444
1253746915901988864
1253747070441336832
1253747557982851072
1253747564886843393
1253747636819185664
1253747742767284226
1253752275895541761
1253752285097865216
1253752446993805313
1253752456229445632
1253752506225696771
1253752904571400196
1253752997965959168
1253753527920406528
1253753617682661377
1253754171506880512
1253754226796163073
1253754638559477763
1253754737368981507
1253755023802216451
1253755099014365186
1253755292002562048
1253755724489830400
1253755773135421440
1253755798716649474
1253755857432608770
1253756446132572161
1253756454495977473
1253760987674468352
1253761042972389376
1253761134282321920
1253761395092533249
1253761487023345666
1253761503565623297
1253761561992232962
1253761641319202822
1253761672105340928
1253762120455540746
1253762287384616968
1253762553345445889
1253762930753114113
1253763340578574337
1253763509080535041
1253763726265782273
1253763777696129024
1253764050200285186
1253764204697284613
1253764384989609985
1253764573993336834
1253764700439003138
1253764778830499846
1253764914247643137
1253765194674835457
1253769825207410688
1253770081458368514
1253770089905696768
1253770181567971335
1253770491317362688
1253770739326607360
1253771289216647169
1253771617236332544
1253771985722712071
1253772065238208513
1253772274236379141
1253772517770059776
1253772895286956032
1253773515586711552
1253773654271438851
1253773687452508160
1253773695778205697
1253773738161721344
1253774073361920000
1253779378485387264
1253779426422272001
1253780370878861314
1253781180379549697
1253781401478074370
1253782134717906944
1253782356915302401
1253782742543679488
1253783045066407943
1253783046177861634
1253787775809146880
1253787810156425219
1253787819320971264
1253788045528182784
1253788455798267904
1253788895893913600
1253789182767628294
1253789521910603777
1253789698583126019
1253790713747247104
1253790792365162496
1253791015380582402
1253791114919886854
1253791321757712386
1253791372932296704
1253791783668064257
1253791861971484673
1253796534409474049
1253796790610034690
1253797390366027776
1253797503071170560
1253797825370042368
1253797876381122566
1253798124176527369
1253798153582718976
1253798710745665536
1253801629981257729
1253801744464781312
1253801772000436229
1253801878493765633
1253801907916693509
1253802125659795456
1253802657493291008
1253802666611871747
1253803031604363267
1253803564746584064
1253803666047451138
1253803681008562176
1253804033703325698
1253804697099665415
1253804731543273483
1253804755601756161
1253804836308557824
1253805033466011651
1253805245211250692
1253805430439940097
1253805681519423489
1253805681578131456
1253805816123097093
1253810413147426819
1253810740215111681
1253810813065928705
1253810849015357440
1253811155862241281
1253811247092568066
1253811433122471940
1253811449551630341
1253811542748991490
1253811630040850437
1253811893103398913
1253812329092956160
1253812716197810177
1253813348480815104
1253813551401230339
1253813705424470021
1253813948765237249
1253814013256966145
1253814130882084864
1253814427528376325
1253814762036551680
1253814931629256704
1253819357211373568
1253819468242968582
1253819533321818112
1253819616381591555
1253819705267236866
1253819843813478401
1253819937807904768
1253819938789359617
1253819943092727811
1253819944053202949
1253820287453409287
1253820300665315328
1253821067539472385
1253821201278959622
1253821305683673095
1253821902310834176
1253821906479837184
1253821973332975617
1253822471641247744
1253822924039077888
1253823600236417026
1253828861487448071
1253829082867019777
1253829131717967872
1253829179046612999
1253829363361107969
1253829398765219840
1253829422035218432
1253829490012291073
1253829593837924353
1253829904157888517
1253829928627302400
1253830358753214465
1253830442874257413
1253831516376924160
1253831598178476033
1253832090656952321
1253832249272864770
1253837272023212034
1253837293451833344
1253837529343840257
1253837705064087552
1253837764442779648
1253837871670153217
1253837988674465792
1253838338915737604
1253838519908229120
1253838717288165376
1253839002312093696
1253839778681769984
1253839785870929922
1253839816451653634
1253840425611395073
1253840546327658496
1253840805141364736
1253840850737598466
1253840960787812353
1253846428826439685
1253846593712926720
1253846816988073985
1253847098564521986
1253847635141615616
1253847830827065344
1253848017356103680
1253848090383089671
1253848270838927363
1253848414145720320
1253848547688144901
1253848736020811777
1253848924449882112
1253849008298172418
1253849018008027138
1253849039499599879
1253849078192132100
1253849580627730439
1253849916406972416
1253850249585664000
1253850332368703488
1253850599138844673
1253850821147660290
1253850940957954048
1253856091018051584
1253856200539508736
1253856495743139843
1253857015140544512
1253857080961839104
1253857830668509189
1253857866982752256
1253857986914598912
1253858406026424322
1253858735123906562
1253859586764914688
1253864230572433408
1253864806643204097
1253864818353684480
1253864942979158016
1253865122210222080
1253865127251554305
1253865711035957248
1253866081015541767
1253866508113100801
1253866529461952512
1253866571300245504
1253866639562551297
1253867030811480064
1253867338975391744
1253867472828207104
1253867802437410816
1253867895551143942
1253867901167316995
1253868079962087431
1253868112417640449
1253868151701413888
1253868245909676039
1253868312867614720
1253868487698571264
1253868904922873857
1253873773289365504
1253873844374339584
1253873956089671680
1253874018790367233
1253874130564165632
1253874189162950659
1253874362136047618
1253874632823717889
1253874958142451715
1253875269150011393
1253875345733844992
1253875643374239744
1253875809170964480
1253875874253778944
1253875979946209280
1253876308540641280
1253876616905854976
1253876855922397184
1253876926885724162
1253877175024939009
1253877892053786624
1253877934802296834
1253878072669061121
1253883320942899201
1253883399657447424
1253883588854124544
1253883666067001348
1253884058976882689
1253884218180018176
1253884312207806464
1253884389160878087
1253884577514479618
1253885192659300352
1253885239270739968
1253885734370623488
1253885757330251778
1253885871335583744
1253886300161269762
1253886444415979522
1253886837715693568
1253887023397601285
1253887314960367616
1253887551070515201
1253887677604212736
1253887819556302851
1253892765848686592
1253893002713608193
1253893548535164928
1253893881596268544
1253894037884604416
1253894056733802497
1253894349802307589
1253895112305893382
1253895484508385282
1253895705711841282
1253896380457910273
1253896427568336896
1253896853164298240
1253897035733798918
1253897570075713536
1253902322633027584
1253902379382177792
1253902404157833217
1253902407802683392
1253902724678197253
1253903871979794433
1253904190310621184
1253904732940382208
1253904842491387904
1253904918706114561
1253905200894611457
1253905209073565704
1253905352862707713
1253905468130496518
1253905587177316352
1253905590314627072
1253905612540465155
1253905653120237571
1253905707818078208
1253906342202544128
1253906705349521408
1253907044584710144
1253907578637225985
1253907977876025344
1253908300590198784
1253908499089821697
1253913536234786822
1253913839793582081
1253914229326954496
1253914381106253824
1253914542481960961
1253914895483047936
1253915086474878976
1253915192162910208
1253915514990202880
1253915582564573184
1253915607579402240
1253915859854262272
1253916145763016704
1253916314592251905
1253916908346212358
1253917287066882048
1253917306293563393
1253917663547609088
1253918198572945408
1253918213236195333
1253918265178492932
1253918998124789760
1253919143079956480
1253919547003994112
1253919549071785984
1253919555220430848
1253919896590643200
1253920438536699904
1253927381447909376
1253927731231731714
1253927732775251968
1253927858990272512
