1251721940341047297
1251721949899665409
1251722077851324420
1251722077905788929
1251722190795481093
1251722436741083136
1251722534158032896
1251722551287570434
1251722636415074305
1251722669214531584
1251723089987108866
1251723098912706562
1251723136929869824
1251723559208189952
1251723739995295746
1251723743782531072
1251723776028487681
1251723828285394945
1251723831242153984
1251723894978985984
1251723956077260800
1251724004550991873
1251724093189230594
1251724362761351168
1251724373100240896
1251724446676680704
1251724622321590272
1251725320694177797
1251725640853852162
1251725743337418753
1251726220846419973
1251726223153266689
1251726397090992130
1251726433627582464
1251726485175652352
1251726661214777346
1251726749668380672
1251726839309049856
1251726889347096576
1251726926353440768
1251726973275123712
1251727102812045312
1251727106687381505
1251727205685776387
1251727278721183746
1251727682318020609
1251727739398258688
1251727813113192448
1251728104311193603
1251728244568719360
1251728361505779717
1251728877052887040
1251729053645668352
1251729142019764224
1251729237482094594
1251729265718104066
1251729318209900547
1251729406239870977
1251729427249205249
1251729531229966338
1251729545121673216
1251729583084376064
1251729759295414273
1251729935246467083
1251730017501020160
1251730100577611777
1251730233029464064
1251730450311151616
1251730534436347904
1251730824636108805
1251730880881668097
1251730970534916099
1251731121731178498
1251731274429009939
1251731533943144448
1251731628457488384
1251731710007562241
1251731798062759936
1251731974282248193
1251732062358339584
1251732140179390464
1251732175336194049
1251732238301003776
1251732415430619137
1251732591838928898
1251732613750022144
1251732666287820800
1251733282473086976
1251737901060304896
1251738046631903232
1251738167041904640
1251738753896497153
1251738793734033408
1251738872209342464
1251738878043717633
1251738888198148101
1251739288447975424
1251739384287760386
1251739471483006977
1251739504865456128
1251739593508032513
1251739687049400321
1251739688785739777
1251739778078425091
1251739960316768257
1251740026003742727
1251740051521835008
1251740233999224832
1251740381512970241
1251740416451457026
1251740439922827265
1251740455617859585
1251740555329114113
1251740598563995651
1251740713936719874
1251741177860284417
1251741330302263297
1251741338443415554
1251742895385841667
1251743202614403079
1251743400472260608
1251743838940524544
1251744103777423360
1251744509731516423
1251744669479907331
1251744835700240384
1251744858374582274
1251745201904893953
1251745279281430529
1251745647960772608
1251746090946375680
1251746389639475202
1251746564856401921
1251746674625609728
1251747187148632064
1251747804155973632
1251748172075896835
1251748214170161153
1251753178803998721
1251753393179295744
1251753657931972609
1251754665164918784
1251754722454880256
1251755415538409472
1251755657541439488
1251756171750453248
1251756347282067456
1251756856575287296
1251757578230673411
1251757587827228673
1251757607842447361
1251762847358410752
1251763260229107714
1251763388641837058
1251763459500281856
1251763857544089601
1251763996018872322
1251764308217921537
1251765086055731201
1251765112236576769
1251765232730402816
1251765233875484672
1251765235062501378
1251765567473758210
1251766375867133953
1251766437288566785
1251766470473908224
1251766740154896385
1251766742637899776
1251766743950741504
1251766765232762881
1251766893628850181
1251767181471342593
1251767479157825536
1251772595420172296
1251773082991316992
1251773207264231424
1251773266747891714
1251773777140232192
1251773821918552065
1251774419925520385
1251774434811228160
1251774506437193729
1251774599953616896
1251774609667612677
1251774805352878080
1251774925909528576
1251774928833187840
1251775622315233281
1251775869921767425
1251775955242188800
1251776244808658944
1251776261040615424
1251776269815033856
1251781242065911810
1251781343555596290
1251781787765915648
1251781837707374592
1251782015646605316
1251782739482771456
1251782810014232576
1251783225963241477
1251783226399440897
1251783367303012357
1251783612774649857
1251783805570080768
1251784291459174400
1251784339853017090
1251784952661884929
1251784959485865985
1251790542234685442
1251790657066336259
1251790693821014017
1251790818366668802
1251791002970599425
1251791060516421633
1251791086139383808
1251791237713141760
1251791435818508293
1251793123845554178
1251793672603041793
1251793922894028801
1251793933803364353
1251794125604732929
1251799497195302912
1251800212106088450
1251800572585316352
1251801479364726784
1251801985692700672
1251802102101245953
1251803177982275586
1251803347243470852
1251803392642633729
1251803552307126272
1251808646666674178
1251808767487938561
1251808905568583680
1251808946903449603
1251809277427060736
1251809784623480833
1251810363911344129
1251810407393583104
1251810699103350786
1251810947750117376
1251811028729393153
1251811789378973697
1251811790536577024
1251811956547301376
1251812152522027008
1251812739741253633
1251812838328471552
1251818342270169088
1251818351954989057
1251818588194865154
1251818660961890304
1251818752993193984
1251818790247108609
1251818807196299264
1251818950679199744
1251819012431835137
1251819022250905601
1251820027038351360
1251820098958102531
1251820243594379266
1251820268336623617
1251820691877330946
1251821338391691265
1251821429991133185
1251821703396818945
1251826591010902017
1251826626863775744
1251826633050226691
1251826810486169600
1251826851909177344
1251827262325952512
1251827436578205696
1251827527817007105
1251827962816724992
1251828396163768323
1251828750444101632
1251828799471312904
1251829356424507394
1251829617352212483
1251829658397454336
1251830009964216320
1251830413628018688
1251830552048676866
1251830655782129665
1251830724551983112
1251830987815862272
1251831066287054850
1251831138399719425
1251835996934557696
1251836245937881088
1251836613400899584
1251837324062855168
1251837396192280582
1251838142669357056
1251838391550910465
1251838459192455169
1251838949234028549
1251839166444457986
1251839404697694208
1251839409504292864
1251839440126967808
1251839618586038274
1251839884886671360
1251840054546366467
1251844743790804993
1251844756964925443
1251844823880892416
1251844950561624064
1251845075333779456
1251845194535796736
1251845249040695297
1251845513764384769
1251846473039392769
1251846679357161478
1251846783505960962
1251847247614091264
1251847346801053697
1251847402778169344
1251848136903069696
1251848240024125441
1251848401836290051
1251848426515509250
1251848498233966592
1251848599006216193
1251848608749666304
1251848742870953985
1251848784495157248
1251853570258931712
1251853834282045443
1251853976460500992
1251854331659390979
1251854470914248711
1251855523017895936
1251856044197851137
1251856736060932098
1251856979791839233
1251857424778178560
1251857432562798593
1251857437625397248
1251857571876651014
1251857796792025088
1251857860184678401
1251857865184247815
1251857868959166466
1251862389856915456
1251862435633393664
1251862612637372416
1251862946013208576
1251863010928443392
1251863531076624387
1251863609891786755
1251863773171908609
1251864440162717696
1251864814093287424
1251865786802737154
1251866675508473857
1251871419450957824
1251871918715699202
1251872266432000000
1251872439853821953
1251872675124989956
1251872847246569472
1251872867953922048
1251872992830935047
1251873010669232128
1251873530737811456
1251873941355925504
1251874537001582592
1251875148149465089
1251880580939218945
1251880673171910656
1251880718235578371
1251880726452146176
1251880728650022915
1251880730986262530
1251880731984396288
1251880735243452417
1251880739718791173
1251880743892115459
1251880837055942663
1251881047425454082
1251881238987759617
1251881302552428544
1251881372979023872
1251881373213831170
1251881403127660546
1251881405803610112
1251881410316718080
1251881575802953731
1251881676319477760
1251881834713165824
1251882192583745537
1251882265728167938
1251882396401774593
1251882463749713920
1251882598814691330
1251882949726949377
1251883142677291009
1251883197962629120
1251883827049517056
1251884029303042049
1251888835123912711
1251889170626289673
1251889506900377607
1251889758332166145
1251889841387769856
1251890273015095298
1251890553937149961
1251891012127031297
1251891116233891845
1251891446002716672
1251891716770193408
1251891770071429120
1251892143360278528
1251892631392718855
1251893083639148544
1251893201104863235
1251893694975918080
1251893943224029187
1251899976164216839
1251900219576463365
1251900406113931264
1251900583574978567
1251901199302836227
1251901279498113025
1251901412784713729
1251901510411096066
1251901513426862082
1251901569878147073
1251901610311258113
1251901720587894785
1251901776112103424
1251901821427253251
1251902008950431744
1251902378615418880
1251902458105921537
1251902504742223878
1251902764839514115
1251902785974603777
1251903686151897090
1251903775075229697
1251904018483462144
1251904065421955074
1251904328111132672
1251908807418155015
1251908816842756096
1251909081914380288
1251909236587708416
1251909302224289796
1251909555115700231
1251909605757771777
1251909750775787522
1251910162207703040
1251910611929366531
1251910695764889600
1251910859271532544
1251911157813829634
1251911261463498756
1251911766277316609
1251912368357081091
1251912416134217728
1251916887212150787
1251917277131309057
1251918383739781120
1251918412277854208
1251918600501448704
1251919193575956482
1251919202476158976
1251919637035520001
1251919823539449856
1251920253937946625
1251920493336199172
1251920498587566086
1251920728879804418
1251920803387650048
1251921020426035201
1251921050646065152
1251921084149927937
1251921085668392960
1251921105914335233
1251921126835585024
1251925677483397120
1251926353563312129
1251926356935323648
1251926382894088195
1251926436979539968
1251926500770828289
1251928088948039686
1251928273090760705
1251928811517730816
1251928827967791113
1251929180595539976
1251929880939331585
1251929896697253888
1251929948618723328
1251930564506107905
1251930802662838274
1251931289621536774
1251931394063859712
1251931533222580227
1251932205468848130
1251936972278566912
1251937175152865280
1251937374902407172
1251937380845727749
1251937384842825729
1251937471232905218
1251937724640174080
1251937749885767681
1251937778620870656
1251938146327105542
1251938159199498244
1251938196973334529
1251938345195839490
1251938717754888196
1251938763166699527
1251938830481002499
1251939035817431040
1251939171670691846
1251939381692321794
1251939674677030912
1251939890398289920
1251939904499548160
1251940408701190144
1251940475847802890
1251940982028976129
1251941128984768512
1251941406622564355
1251945991613353986
1251946061192728577
1251946193023795206
1251946540328980480
1251946763088547840
1251946805983510528
1251946808319684608
1251947005636640773
1251947181604560897
1251947269097693187
1251947702864293889
1251947961082413057
1251947963292606466
1251948125717172228
1251948439769886720
1251948516055953411
1251948696373284870
1251948712307408897
1251948718028398592
1251948964179587073
1251949194908241921
1251949301275729920
1251949560504541185
1251949606243631107
1251949770215575553
1251950146759376896
1251950155160596489
1251950164002181120
1251950226044305408
1251954812578603008
1251954853074604034
1251954915423014912
1251955180314284033
1251955867886510088
1251955885955592193
1251955898718859264
1251956389938855937
1251956549272117248
1251956770165207042
1251956900226387974
1251957048390148096
1251957249016164352
1251957337524506631
1251957398765539330
1251957452972740610
1251957495561629697
1251957521377624067
1251957642236506112
1251957902757318658
1251958188485808128
1251958217858527233
1251958460067037192
1251958519487750144
1251958545341267968
1251958635904802824
1251958644800962560
1251958725851656192
1251963607237234694
1251963631371194368
1251963816298139650
1251963984158351360
1251963985055883264
1251964038625595392
1251964081856221185
1251964412237418502
1251964442218311681
1251964449013055489
1251964526326509568
1251964530424504321
1251964862160388097
1251964961125027847
1251964962223935498
1251964965080137730
1251965204201521152
1251965700874203138
1251965703319695361
1251965704334688259
1251965712949706752
1251965906068127744
1251965909377449989
1251965910409150465
1251966034032164864
1251966795612852228
1251967076555722753
1251967125599780866
1251967126585344001
1251967294336630784
1251967449227984896
1251967452004704269
1251967511064727554
1251967701544833024
1251967707978838017
1251972487266439173
1251972818117505027
1251973170074173442
1251973378786942978
1251973607040966665
1251973810766721025
1251973890726858756
1251974982193864712
1251975162075000835
1251975165904371713
1251975439939141632
1251975545220448257
1251975578032525313
1251975728880594945
1251975960171290624
1251976291097739268
1251976457187807232
1251976495913791488
1251976789590552576
1251976889431994368
1251981290816983040
1251981776374960132
1251981873623990273
1251982074854195205
1251982083867590656
1251982398549569536
1251982665064071169
1251982854092992519
1251982913488461825
1251983130384359428
1251983567439065088
1251983856481087488
1251984555080327168
1251985190756417538
1251985424819671043
1251985534408364035
1251985677895577600
1251990065120571392
1251990114110181377
1251990266199891970
1251990789309321216
1251991246719123457
1251991415837593600
1251991491658031104
1251991612504367111
1251991679009202176
1251992019225976839
1251992107797151745
1251992527982428167
1251992793075122177
1251992996742078464
1251993220063678465
1251993587107033088
1251993758742335488
1251994134631628800
1251994157477847040
1251999666885058562
1251999855452524547
1252000054640087042
1252000207241457665
1252000278674640896
1252000289688678401
1252001056638328842
1252001058269921281
1252002514473562118
1252002812525006850
1252003402835525645
1252007919878582273
1252007991043186688
1252008185298325505
1252008349341585408
1252008385085681664
1252008548898410499
1252008890004275200
1252009203717115904
1252009455161454592
1252009512925630468
1252009686347505665
1252009707058933762
1252009953117769728
1252010469445025793
1252010572327071744
1252010964272234496
1252010985713532928
1252011606835372032
1252011610794795010
1252011610832384000
1252011666184732672
1252011732312248320
1252011733297827841
1252011775479906304
1252012327349690368
1252012329094516736
1252012331606913028
1252012332462542848
1252012332538085378
1252012416558403584
1252017256508334083
1252017345775702025
1252017349097594880
1252017350146166786
1252017815827165184
1252017817131651072
1252017819375599617
1252017901835620352
1252018058870378503
1252018061739266048
1252018064117374977
1252018115581489152
1252018140948713472
1252018141871443969
1252018145365237760
1252018543463477250
1252018608236101635
1252018627982827522
1252018629853536259
1252018630918889474
1252018627055943685
1252018866391220227
1252019069680787456
1252019073036292098
1252019819978743808
1252019994826809345
1252020017517998093
1252020019418017795
1252020220916621317
1252020478333661185
1252020524311621633
1252020813022334977
1252020819057754112
1252025715551342593
1252026082112557057
1252026161431011328
1252026323754725379
1252026464268140544
1252026528021524482
1252026742958628864
1252026764076843009
1252028072838279170
1252028211426406400
1252028296084234241
1252028899204227072
1252028975620263936
1252029000190357504
1252029146659729413
1252030120220598279
1252034383202181120
1252034470192037889
1252034511195570177
1252034649863393285
1252034711825928194
1252034781170274316
1252035141943296005
1252035275372429312
1252035365868888066
1252035723374493698
1252036593571020800
1252036696025124865
1252037794991570944
1252038265777131521
1252038471998464005
1252038475399991301
1252038883937849346
1252043698508087297
1252043704510173189
1252044038192144390
1252044185340973057
1252044449095565318
1252044452845301760
1252044457089761281
1252044566150119426
1252044874091827200
1252046093019418624
1252046313748869121
1252046582062575618
1252046785066885120
1252047091129434113
1252047599462494208
1252047644110786560
1252047691204435969
1252047847077232641
1252053382979715074
1252053477737594881
1252053690250407942
1252053787830779905
1252054184448360454
1252054351771828225
1252054393438035968
1252054929818161158
1252055706984943616
1252056032060280832
1252056059180716033
1252056105129254914
1252056528401633282
1252056535058067456
1252056761789530113
1252056849198780416
1252061316514230272
1252061470856294407
1252062031156412417
1252062119392141312
1252062212606365701
1252062508011139072
1252062631155785728
1252062893492834304
1252063624979517442
1252063724380270593
1252063830710071297
1252063969159909378
1252064231568089088
1252064743482941443
1252064940577492992
1252065209310576640
1252065347320066048
1252070169544986625
1252071489131687936
1252071717448515584
1252072153056522241
1252072851542286336
1252073354946887681
1252073722011439110
1252074198710865920
1252074587782856711
1252079046025900034
1252079183066529792
1252079769019129856
1252079899382296582
1252079995297636358
1252080063295533056
1252080065455636481
1252080067783430144
1252080346729984002
1252080637999185922
1252080770010812418
1252080908179562500
1252081803625668608
1252082457890787329
1252082479546150913
1252082779388608530
1252083206691663875
1252083270206054401
1252083456466509824
1252088112106344450
1252088712252526594
1252090003187998720
1252090329022394373
1252090955773198341
1252091064925786112
1252091107225341953
1252091317150257152
1252091924644868096
1252092088814100484
1252092611927642117
1252097672024121344
1252097723463077890
1252098595635048449
1252098806415454208
1252099574635933697
1252099708027371526
1252099755578187776
