1249933360375480320
1249934504543870978
1249936139911192576
1249937561083990016
1249938467661938688
1249938618497597441
1249939389729341441
1249939856500895745
1249941643974803457
1249942592332193796
1249946616603131905
1249946736296067079
1249946869414928384
1249948914662412289
1249949632173617152
1249951373933924352
1249952942704209925
1249955347386654721
1249955399622692864
1249955989006270464
1249956123521802241
1249958061638324227
1249958527793233921
1249958530800549888
1249958765056503809
1249959512691347458
1249962128741675009
1249963747784953856
1249963816177328128
1249968994481770501
1249970223416999936
1249970499754561536
1249974206881726464
1249974800619012097
1249975217381871617
1249978517900668928
1249979645107359744
1249983546225123333
1249984540506021889
1249984763940782080
1249985010347708416
1249985216363585537
1249985398358581249
1249985569716948993
1249985598821146624
1249985852454862849
1249985964136685568
1249986267758170119
1249986286011719681
1249986332711141378
1249986669589250048
1249986802863267842
1249986962984964098
1249987136931201027
1249987457803866112
1249988084290269185
1249988451002433544
1249988956827127810
1249989546059739137
1249989943662915584
1249990695173214213
1249991403775688706
1249991450667843584
1249991630477758464
1249991759272333312
1249992262085476354
1249992353185779713
1249992442511798273
1249992684523175936
1249993103705903104
1249993398339145729
1249993738513985536
1249994429194272768
1249994666944024577
1249995765650317321
1249997496396349442
1250001141879820288
1250002560355905536
1250002878040694784
1250004241231511553
1250004564528357377
1250004846679375873
1250004987645530113
1250006323539869698
1250007117194506242
1250007763268354049
1250009419263295488
1250012844126543874
1250013568831033349
1250013775266287617
1250014273088172033
1250015478455525377
1250017524852371456
1250020299988402176
1250022222959427590
1250022666976800775
1250023018958598145
1250023101561257984
1250023746263449602
1250024114393358342
1250025588578045953
1250025838629793795
1250027795180335104
1250029346389209088
1250030242959224833
1250030622103535617
1250031351908220929
1250031615327244290
1250032813765799941
1250032863090745344
1250032989662326785
1250033037330591744
1250033733593378818
1250033780804521984
1250037883353825280
1250040659580456960
1250042893726777344
1250043486713327617
1250047509621243906
1250048909554188288
1250049693851308033
1250050036047712260
1250050242344615936
1250052536632934400
1250054259967701003
1250056790282244101
1250057616799170560
1250059581272850434
1250061815968604166
1250062087541403648
1250063505056837640
1250064212421902339
1250064466420563969
1250064848194502657
1250066112722632704
1250066827905990658
1250066835283881992
1250066905274159105
1250067349501292549
1250067707552292867
1250068787338129412
1250068970591436800
1250074386096361473
1250074739361669123
1250074927925002247
1250075009881640960
1250075836604186626
1250077277326639104
1250077404040658947
1250077424756363264
1250077641530638337
1250078423126589441
1250078433213845504
1250085065230557185
1250086364831506432
1250086794303016960
1250087122524143616
1250088208362287106
1250089103774941186
1250090243103100928
1250090751071072263
1250091128491315201
1250092265042841601
1250092409465253888
1250092426020007936
1250092642899116033
1250093222233333760
1250093559530864642
1250094034132987905
1250094239368859649
1250094375037628417
1250094382100987911
1250094562137255936
1250095066892455936
1250095136803115008
1250095890443968512
1250096331751858177
1250096755666026496
1250096797042671616
1250096968031969280
1250097235397873664
1250097772604411904
1250097816296439808
1250098294950227968
1250098637956362242
1250098814167416832
1250099158431784962
1250099583193145345
1250099767406968832
1250100396015661057
1250100981053960193
1250101284641935372
1250101973929676800
1250102448850644994
1250102547618160642
1250103263703293954
1250103376710270978
1250103515332083712
1250104146721734661
1250105247403593728
1250105476878041089
1250106178144698374
1250106454868197379
1250106464544468995
1250106495037067265
1250107151265206273
1250107428265431045
1250107703151726593
1250107909180178435
1250108785877815299
1250109739872083969
1250110449418412040
1250110699092807684
1250111378305802247
1250112110002085894
1250112281867882498
1250112463070060549
1250113358726074369
1250113575709966351
1250113908758675458
1250114888707366912
1250114991111405573
1250115151837061121
1250117182102650885
1250118241348919297
1250118596044472321
1250119666212667392
1250120325666205696
1250120523767599104
1250123535328165889
1250123677355503616
1250123949024968707
1250126489166721025
1250126763847548930
1250128542928703488
1250130664327974913
1250130734397915136
1250130933262487559
1250131752292683783
1250132677459656704
1250134520159850496
1250135116682125312
1250137690798010370
1250138547308376065
1250140087960178691
1250143667530145792
1250143754322935808
1250144154862014465
1250144434215419904
1250144527555407872
1250146952387481608
1250147522850545668
1250150264545345536
1250152786802528256
1250155835193466881
1250156261531963392
1250156696913182720
1250157613771296770
1250157760123219968
1250158097575948289
1250159278645796864
1250160999447040000
1250162216193495040
1250162286364430338
1250163837598384128
1250164239970508805
1250165145159880704
1250167759595425792
1250168672255193090
1250169063617298434
1250169154377637888
1250170286059724803
1250170359070031874
1250174135583551489
1250174337887252480
1250176100963155968
1250176710567317505
1250176935801561088
1250177725836509184
1250177826235408384
1250178034973331461
1250178135108321282
1250179301867216899
1250179719548502016
1250180025984352256
1250180293211959296
1250180919706648576
1250181610189832192
1250183429129371650
1250183447735414784
1250186269826650122
1250186296707805184
1250186660874203137
1250188828146634753
1250190530241343494
1250191905478107136
1250191965414711303
1250192224270376961
1250195738748837888
1250196077241749504
1250196643540017152
1250198765866110976
1250199298064764932
1250200026485309440
1250201411024904192
1250202214578229249
1250202672856268806
1250202912631844867
1250203069532581902
1250205638044651525
1250207671556464645
1250209184416706560
1250209293556764672
1250209706104074240
1250210665484169217
1250211276195803140
1250211706204303361
1250213165415239685
1250214399371026432
1250214587821162497
1250216143954026496
1250220817121775623
1250220893055463435
1250224589906403328
1250224633175031809
1250225483754635266
1250226757438976000
1250228561069342721
1250228958391603201
1250229752599908352
1250231787097382912
1250231944513589248
1250233154859917313
1250234820740997121
1250235063343644672
1250236139228839942
1250236303658160129
1250236490963128327
1250237677066215424
1250238079287377921
1250239643544457216
1250241868610273280
1250243716142510081
1250244148625428480
1250247923238973440
1250249554907336705
1250252286837829635
1250255613667315712
1250264026824597506
1250266007232372739
1250269333143470080
1250270387457253383
1250270517816246272
1250270770288197635
1250271418975055872
1250271423865573377
1250273573337350144
1250274241531895817
1250274599398334464
1250275184021401600
1250278950221172736
1250279593673515010
1250282219102302208
1250288495102312450
1250289566444949504
1250289835647979524
1250290969607426048
1250291335845670912
1250293296045252609
1250293761352953856
1250293944216256514
1250294307614904323
1250294390620172293
1250298086296977409
1250298730818883586
1250298905301929984
1250302153261862912
1250305764373049345
1250311160911417344
1250311689267904514
1250311698365296640
1250311761854492674
1250311855009976321
1250312654649839624
1250312772677554178
1250313410207612935
1250316244252680195
