1248456623577649156
1248457382243356678
1248457493476282371
1248457621331312647
1248458710189363204
1248460970181058562
1248462969962295297
1248463781606252547
1248467312014798848
1248468295218413570
1248470919514697728
1248472592438005760
1248472730858475522
1248473363409809414
1248473363707654145
1248473980563902466
1248474767679574016
1248475333705076739
1248479590537777154
1248480055061184514
1248482747800096769
1248487087998824448
1248489191974961153
1248489205614829568
1248490529781739530
1248491381082873856
1248494479444566018
1248495065409794048
1248498895379779586
1248502504121192448
1248504232027668480
1248505549282410497
1248508173583028225
1248510025502535681
1248510784734363649
1248510976032305153
1248511454728290306
1248511969298087936
1248513488013742085
1248513836015063040
1248514174017306624
1248514247568633861
1248514681444151299
1248515595156566016
1248515644942884869
1248515679835361280
1248516524958265349
1248517283795910656
1248517415840841728
1248518042641928193
1248518801337040897
1248519561973989376
1248519586632421376
1248519769281531904
1248520782839455745
1248521082438594560
1248521511239122944
1248522381267800065
1248523085139120128
1248523205804986370
1248523573154779138
1248523964416131072
1248524919727587328
1248525032822718465
1248525678657654785
1248525875127164928
1248526439458246661
1248527200145596418
1248527242432598016
1248527958958096385
1248528717804179457
1248529153697165312
1248529476700516352
1248531648351801345
1248532595085840384
1248533213162565635
1248534172324560896
1248534767240437762
1248534971469443072
1248537305733873666
1248537736459386880
1248537954487762944
1248538147626995712
1248538157714411520
1248539340084588545
1248540593766236166
1248541923108945922
1248543790819835904
1248544109029179392
1248544424033992704
1248544456866967553
1248545180812271617
1248545754337161216
1248546152246652929
1248548469503033345
1248548851738427393
1248549150745972743
1248549294723997696
1248550398471933952
1248550903608741890
1248551844000993280
1248552008417763328
1248553301999828992
1248553632028639238
1248553735086841857
1248554678964625408
1248555007907110913
1248555296894533633
1248555372102574082
1248555522971832320
1248555596611309569
1248556760450899969
1248557398148526081
1248557748758941696
1248557903105196038
1248558244487979008
1248558474658811904
1248558770193674240
1248559251833925637
1248559476682211328
1248560397902381056
1248560526797312000
1248560867249016832
1248561227338584070
1248563316005445632
1248564786247487489
1248564859907776512
1248565701461389315
1248567054489264128
1248567124169240577
1248567218192945152
1248567874756714498
1248568328836308993
1248570568703696896
1248572837465657344
1248573021570228226
1248574300522713088
1248574587824111623
1248575714854457344
1248577629764161536
1248578322746966017
1248578736754130945
1248578951569702913
1248579070230532098
1248580066709307393
1248580079472476160
1248581847774306305
1248582610110029825
1248582761717223425
1248583412308496385
1248583986219233281
1248584330370093057
1248584373961662465
1248584468195160064
1248585068546793473
1248586221472841734
1248586430353416193
1248586480450068481
1248586872869326849
1248587453755260930
1248588592298983424
1248589188032847872
1248590336131305472
1248592398973841408
1248593655746555905
1248593900362752003
1248595014164402179
1248595368666857473
1248596455721492480
1248597345987633155
1248597886343892994
1248598194486947840
1248599103178780673
1248599324726038530
1248600202744913924
1248600489098383361
1248601036345856000
1248601087755550721
1248601918038872066
1248602020854063105
1248602420235640832
1248602733315309568
1248603158110232578
1248603571597316096
1248605812886405125
1248606300511940610
1248608579172487175
1248611257973764097
1248612182696194054
1248612560070266886
1248613036283138053
1248613732403437572
1248614955584081921
1248616115091042308
1248616895814578178
1248617474834063361
1248617824827748352
1248618481890676736
1248618674849591298
1248618995864887296
1248619487571488770
1248619950119370755
1248620484616323076
1248620697036787712
1248621471716368385
1248621780832415753
1248622726991896576
1248622862375612423
1248623185370595332
1248623561872257027
1248623606797492226
1248624065763393536
1248624077683609600
1248624125616115726
1248624698176360456
1248625621191643136
1248626009559056385
1248626700599963649
1248626949540454400
1248627064766226433
1248627290210095106
1248627699574288384
1248628599701241856
1248629071547904005
1248629279820320769
1248629492555436033
1248629819534970880
1248630814792994817
1248631134109544448
1248631849825558528
1248631962748751872
1248632866218672132
1248633364778754053
1248633781533036545
1248633879117754369
1248633929982193666
1248634206869229569
1248634764552278016
1248635064969281536
1248635252265738240
1248635386697580544
1248639176133787649
1248639208610304013
1248639254596648960
1248640385351630856
1248640782464094209
1248642146346958849
1248642235475820546
1248642357748260864
1248643199981309956
1248643247469142017
1248643522514821121
1248643711795449858
1248644247097614336
1248644276277465093
1248644704817872896
1248644709989453831
1248644716020850688
1248644721020473344
1248644727286697988
1248644738183553025
1248644750779068424
1248644756239978497
1248644764393750533
1248644772140650501
1248644805527244800
1248645776734969856
1248646069745057793
1248646356794736647
1248646452668174338
1248646545001627651
1248646905967579145
1248648658674950147
1248649667010854915
1248649995575865344
1248650290183757825
1248651124971843584
1248651231121285122
1248651715315982336
1248651892319813632
1248654141020426241
1248655069396041738
1248655382601441280
1248656228328357890
1248656562392047616
1248656692948029440
1248657037338214401
1248658052380626944
1248659122813374465
1248659727829151758
1248660288754368516
1248661054219001858
1248661175044378625
1248662886702071808
1248663262742405120
1248663688581652480
1248664343652302848
1248664771089575937
1248664988971143168
1248666318435430405
1248666457749311495
1248668378199441410
1248669680711143424
1248671562825437188
1248672202150547457
1248672630938447875
1248672850795511809
1248673218396737538
1248673721637900291
1248673958183960579
1248674028551888898
1248674284559577089
1248674723615125504
1248674769861586945
1248674906642006018
1248675096857886721
1248675230370783232
1248675291582603265
1248675501964701698
1248675813840560130
1248676193093763072
1248676203571134470
1248676332613009415
1248676458261856258
1248676554881802241
1248676866665447424
1248676881886515204
1248678532374360068
1248678808758042624
1248679052317097985
1248679445960982530
1248680092831813639
1248680993369751552
1248681670464675841
1248682069527613441
1248682211651383296
1248682558159761409
1248684733325860866
1248685490695520258
1248686521005137920
1248688718669434882
1248688755415953408
1248689491084263425
1248689546486677504
1248690171828154368
1248690189091905536
1248690838768672770
1248691312188104709
1248693809921302528
1248696373890834432
1248696623997255682
1248698149033607169
1248699243885465606
1248699405055729664
1248699613760106501
1248700001821343748
1248700291589066754
1248700894880776193
1248701874657779714
1248702646929719304
1248702709848592384
1248703109376835584
1248703139689177095
1248703651830521859
1248703760601419779
1248704192388227073
1248705352780124164
1248706030252503044
1248706173605482496
1248706232770334721
1248707872416043009
1248708394866933765
1248709196499034116
1248709352002732033
1248710455465594881
1248711502598672385
1248712098013724674
1248712674298540032
1248713302148108289
1248713657208516608
1248715978550239233
1248716465517232133
1248716473154985986
1248718087110701058
1248719068598808576
1248719082205196290
1248719269413761025
1248719457335283719
1248720993801121805
1248721447897399297
1248723723869392904
1248723771214770176
1248725036086603776
1248726871161876481
1248726915537608706
1248727079123931146
1248727126548688896
1248727937404280832
1248729678736572416
1248730082723745792
1248730795738648583
1248731358870089729
1248731817940844546
1248732446767624192
1248733847493230592
1248734335529897984
1248735236617318400
1248735851120640000
1248736709153452032
1248738782280638465
1248739644142956544
1248739770563538944
1248739772463546375
1248740466994053120
1248740863032930305
1248743174056665093
1248743820377968640
1248743905673306112
1248743971758596097
1248744746098528257
1248746861898248193
1248747675538857994
1248748240037691393
1248748266075885569
1248749341935841280
1248750594896146433
1248751231675379717
1248751234263199746
1248752890388324352
1248753912355729409
1248755143107137536
1248755151701065728
1248755738182385667
1248757607097081857
1248759287905767424
1248759656685633537
1248760197058879488
1248760467398578177
1248760730914037764
1248761610270838785
1248762065977774082
1248762432371208193
1248762564714147843
1248762655927668745
1248763111366148096
1248763465315028992
1248763595061682177
1248763756747816962
1248763883013263360
1248764429254172672
1248764825066524672
1248765065857294336
1248765419105722369
1248765495261749248
1248765569689620480
1248766072209227781
1248766080098668545
1248766372609490944
1248766739556577280
1248766823413297152
1248766859052277762
1248766949653385216
1248767228842889217
1248767924783009792
1248768349116350464
1248768918224654337
1248769541259362307
1248769674390585344
1248769758851264513
1248770509430566912
1248770668101079040
1248771196428210178
1248771334156562432
1248771363009159178
1248771452641443842
1248775751610052608
1248776843085393920
1248778306754838529
1248778529161920513
1248781545701343232
1248782158983880705
1248782606549819393
1248782654423662592
1248782758987563008
1248782835730853888
1248783606576791553
1248784024392392704
1248784103299784706
1248784604514959364
1248785411641573376
1248785770942468099
1248786100015038471
1248786301509349377
1248786320408838146
1248786748542418957
1248787407207530498
1248787501424218115
1248788193404751872
1248788318009151493
1248788396673294338
1248788519306383362
1248788547320061953
1248788917333221378
1248788999583477763
1248789228995125248
1248789691891056640
1248791054226206721
1248792009470550016
1248795937331466240
1248797818237509633
1248798699322474498
1248800281657323520
1248801261694189574
1248801971072569345
1248802907014811648
1248807668405288960
1248808818055827457
1248809260919775233
1248810346799927296
1248810695040303104
1248811182384873472
1248811326773829632
1248811747999387649
1248813727694102528
1248818968699248642
1248820174351974400
1248823592130928640
1248823887078592513
1248824620234543107
1248827574899429378
1248829527519899648
1248829773968785408
1248832469899587584
1248832569367343105
