1253193074190278656
1253194089765302273
1253194167888433152
1253194232363397121
1253194315687436288
1253195177839206400
1253195205018337280
1253195213658566658
1253195281488842754
1253195621328134145
1253196676828999683
1253196827974868992
1253197214765195265
1253198068301934592
1253198109401911297
1253198247826513920
1253198294244823040
1253198465657712643
1253198558544621572
1253198770382278658
1253199185278464000
1253199275972014080
1253204737421426694
1253204778093613057
1253204844439052290
1253204882418434048
1253205027767926784
1253206010530951169
1253206739262070785
1253207161863364608
1253207457595379712
1253207805076606976
1253207850542915584
1253207948295385088
1253207989244145668
1253207998610247680
1253208001588199424
1253209381870559233
1253210218206502913
1253215257268498432
1253215808781778945
1253215962184085504
1253216201657864200
1253216363201560576
1253216679536070656
1253217021430505472
1253217137881239553
1253217197649850373
1253217203765346306
1253217214834106368
1253217349785849862
1253217431738183680
1253218439252017152
1253218639509164032
1253218862985814016
1253218946221735936
1253219273679556609
1253219320370475008
1253219718560804864
1253219855635013633
1253220100452356097
1253220782140002305
1253225928848785414
1253226492865261569
1253226620745203713
1253226622301294592
1253226938770087936
1253227026040815616
1253227403620552704
1253227553759911939
1253227580632621056
1253227786946387968
1253227853010931713
1253228267118755841
1253228601077633025
1253229348284436480
1253229360825290753
1253229484922134528
1253230320922636288
1253230650552799232
1253230781490589699
1253230899291926528
1253236231128977409
1253236428747632640
1253237551827214337
1253237964282499073
1253238059321028610
1253238062680649728
1253238337390940160
1253238489069629443
1253238569889652737
1253238652068491266
1253238864795316224
1253239312721854464
1253239601721794560
1253239656516161536
1253239732559065089
1253239793787572225
1253240078459174913
1253240411176546306
1253240989529112577
1253241428811153408
1253241456606707714
1253246773856030720
1253246867737055238
1253247867164254208
1253247873644261377
1253248009145630720
1253248255229493248
1253248488789495809
1253248533731278848
1253248615180652544
1253248871318401024
1253248945960124416
1253249484097814529
1253249530730029057
1253249542851571712
1253250007081287680
1253250280277213184
1253250803357364225
1253250854544646145
1253251040280969216
1253251492145922051
1253251631145197574
1253251679945986048
1253251901078020096
1253252334756511747
1253252360874401792
1253257429732798464
1253257450368557056
1253257559076556801
1253257768200474626
1253257836668338181
1253258034614202368
1253258056994971653
1253258956677558273
1253258981532938247
1253259083982999554
1253259282222628865
1253259481045065728
1253260164859387909
1253260494309392384
1253260958585290754
1253261290732228608
1253261539395715073
1253261852026568704
1253262179744309248
1253262481520300032
1253262500826578944
1253262625124896769
1253267879262334976
1253268360428732418
1253268563911012352
1253268568805965830
1253268711257116672
1253269588709650432
1253269625040666629
1253270141326016514
1253270551440830466
1253270624442691584
1253270676179279872
1253270813681344518
1253270903200321537
1253271514788564992
1253272056096931840
1253272212087455744
1253272413204123650
1253277116751179776
1253277389863489537
1253277442510327809
1253277589197787136
1253277676057423872
1253277993365102593
1253278208427913217
1253278218657751042
1253278411868581890
1253278434710769670
1253278539102724096
1253279205644615680
1253279423278841856
1253279575473340416
1253279867728248832
1253279977660874753
1253280029473214464
1253280472148443136
1253280681041498113
1253280949476962304
1253281427019399168
1253281571039215617
1253281693819121669
1253286839932370945
1253287081419444225
1253287128265641984
1253287226097557506
1253287529345884160
1253287817058418691
1253288024575807488
1253288042057494529
1253288270051643392
1253288953106452480
1253289261991890947
1253289400592527369
1253289453487042560
1253289503088934913
1253289774414266370
1253289906077667329
1253290060348260352
1253290193324576768
1253290773757517825
1253295547269574657
1253295547345260546
1253295738009812992
1253295904481738752
1253296409908051968
1253298083112218625
1253298099587612672
1253298516228820992
1253298535996391424
1253298877815566336
1253298971545497600
1253299250634637315
1253299592680148993
1253299913426862080
1253300070696595458
1253304404775706625
1253304501198557189
1253304723932712960
1253304815481835526
1253305080587202562
1253305167770013696
1253305226070839300
1253306236776448001
1253306549025427461
1253306783822680068
1253307659312336898
1253307659366916096
1253308145197182977
1253308146350559236
1253308149014069249
1253308237853515776
1253308690704162816
1253313342736928768
1253313878924148737
1253314721249460226
1253314727289278464
1253314784541343747
1253314843571961861
1253315322670612481
1253315648433926144
1253315749168349184
1253315875152764928
1253316005712916488
1253316017801121792
1253316202702626817
1253316349482299393
1253316547113779201
1253319834559033344
1253319977530253312
1253320060904411136
1253321713833537539
1253321927021654016
1253322212288811021
1253322456929951745
1253322511464292354
1253322557777797120
1253322690951184386
1253322858215780354
1253322976591777792
1253323178727727106
1253323269437972482
1253323274416607236
1253325144417697793
1253325161417199617
1253325282850701312
1253325379344859139
1253325543304380421
1253325725257482240
1253325929775955969
1253325967998636032
1253326265320271877
1253326399529607170
1253326554270035969
1253326562314735618
1253326595797835778
1253326776706592768
1253327027626635281
1253327029417570304
1253327254320381953
1253327276181094402
1253327333638848514
1253327800162848781
1253327824934469635
1253328025673846786
1253328231781904385
1253328420420808705
1253328772398383104
1253328923863072768
1253329112803889159
1253329129212006405
1253329444070023169
1253334897273434121
1253335194230112260
1253335216078196737
1253335262425309185
1253335270860058627
1253335821295337476
1253336227635277825
1253336591461789696
1253336717458735104
1253337103615660033
1253337110297194499
1253337640675377153
1253338058285408261
1253338079256932358
1253338139071926281
1253338425148583937
1253338452554182662
1253338512151068679
1253343495437180929
1253343507512623105
1253344131834929153
1253345067521069056
1253345143597473793
1253345634561798149
1253345776438255616
1253345964817031168
1253346275497394177
1253346363116408835
1253346603773169669
1253347098688438272
1253347236987240448
1253351991801151492
1253352033878499328
1253353028742242305
1253353062820872203
1253353095976927238
1253353463855153158
1253353604213362690
1253353804998770688
1253354047136051206
1253354484102815744
1253354714537668608
1253354719365550083
1253355217556570112
1253355402235908097
1253355603545767936
1253355934371495937
1253355968139866112
1253360527603974145
1253360742293581825
1253360943398096901
1253361119835516929
1253362114032476166
1253363087228403713
1253363242950369282
1253363397179199488
1253363644596977666
1253364420346097665
1253364650701275137
1253364865990905856
1253364966805196802
1253365158694522881
1253365188432142336
1253365348084129792
1253365480762507266
1253365816168452097
1253366031705231361
1253366643968835584
1253366694401265672
1253366705461563393
1253371244071829506
1253371429665603584
1253371957820694529
1253372607434493960
1253372976168304643
1253373143948771328
1253373249846751233
1253373727775109127
1253374118331899906
1253375488665452545
1253380619624685568
1253380986806702081
1253381030456758281
1253381465724903427
1253381634717626369
1253381676417286146
1253381740263022597
1253382258234396672
1253382381073059842
1253382577429323781
1253382690646175745
1253382778365902848
1253382808011018240
1253383126128250888
1253383308228075520
1253383458153541632
1253384188742565891
1253384226260561920
1253384386281639938
1253384469807071233
1253384540384489472
1253384624069242880
1253384660903591937
1253388919321907203
1253389010900262912
1253389082031321088
1253389556264480769
1253389723688730626
1253389732706426882
1253390052320780288
1253390500041613312
1253391604359917568
1253391663822766081
1253392322198253568
1253392500968108038
1253392808590934017
1253392832724733957
1253392896457420800
1253393046848372736
1253393314591760390
1253397941575974912
1253398586399895552
1253398637318533120
1253398784517853185
1253398890516066310
1253399287096057862
1253399312832307200
1253399559956553738
1253399585210486784
1253399601731649536
1253399636410339335
1253399709114195969
1253400786266025984
1253401088478281728
1253401113077911552
1253401212034199556
1253401401436311552
1253401599604482049
1253401682437963779
1253401732387942400
1253401786968309761
1253406393148887041
1253406406159499270
1253406527689494534
1253406752592351232
1253406798553460736
1253407269657567233
1253407290646056960
1253407558376714240
1253407637514960896
1253407939697639424
1253408413763006464
1253408420314529792
1253408489616994304
1253408542150852610
1253410709397893121
1253410951153381376
1253411148977672192
1253411211640627200
1253411300467544064
1253411380843053056
1253411479887376384
1253411657105063937
1253411676856057856
1253411703829573632
1253412097662152709
1253412152460767233
1253412207779438594
1253412276767346694
1253412710663876609
1253412859972685831
1253413308310290434
1253413615916351495
1253413702553882626
1253413748808617984
1253413971060600834
1253414096726134784
1253414328805416961
1253414507545677825
1253414736433012743
1253415076146475011
1253419851881701382
1253419894340608001
1253419983373103104
1253421274065330176
1253421332219326469
1253421413156876288
1253421467305304065
1253421496157929478
1253421628123299840
1253421630228840454
1253421719462621187
1253421837381332993
1253421884294590470
1253421912048332802
1253421986698555396
1253422234829373440
1253422301367820290
1253422319793434632
1253422344363597824
1253422344434888705
1253422436705398789
1253422441377890306
1253422445324689408
1253422743552286729
1253422763756285959
1253422909332140032
1253423040680976385
1253423047777763332
1253423296344764420
1253423397729472514
1253423473281515520
1253423547185131526
1253423799942307840
1253424026480832513
1253428397704765441
1253428541615517696
1253428828824760320
1253428875465355265
1253429168181661696
1253429344954757122
1253430640189435906
1253430719063322636
1253430808888541184
1253431307926777856
1253431496058105857
1253431645916418048
1253432268292407296
1253432272033730560
1253432317466472449
1253432585809608779
1253432590645645313
1253432853448101891
1253432866362413064
1253432883655499777
1253433032414867457
1253433140351078403
1253433186148741129
1253433210358296584
1253433379308974080
1253433614726885378
1253433726287015937
1253433941228261380
1253434159957110785
1253434418368135172
1253435076672499713
1253439742588284928
1253439939926081541
1253440399101751296
1253440476457435138
1253440575874924550
1253440663871520769
1253440665221918720
1253440879844397056
1253441083616505858
1253441141846020096
1253441248238714880
1253441600778375168
1253441842152116225
1253441949299851265
1253441985219829760
1253442194725384192
1253442286790139905
1253442557280952323
1253442943463153665
1253442997854916608
1253443048190738432
1253443238603694080
1253443327363616768
1253443406690304000
1253443446473396229
1253443449833086983
1253443504619106305
1253448479675998215
1253448831460470784
1253449517799600128
1253449748498878464
1253450205623713793
1253450303388528642
1253450830587424768
1253450842809778176
1253451099991871488
1253451242287833088
1253451754294980608
1253451890165116929
1253452195539763200
1253452317245964288
1253452483810201606
1253452589611581442
1253452619990945793
1253452764858003457
1253452806784258049
1253452932231639042
1253457278189088772
1253457454853173248
1253457908362338307
1253457962494054402
1253458263808434176
1253458510844583936
1253458737488105473
1253458968258756608
1253459492001456129
1253459693311123458
1253460307483267073
1253460323534766087
1253460405927636992
1253461188026994689
1253461555657801729
1253461579225600000
1253461702600949760
1253461744615411712
1253466850798772224
1253467013776912384
1253467659343020032
1253467913585074178
1253468089787826177
1253468268158955521
1253468832582123521
1253469505856000000
1253469534503292929
1253469863907033091
1253469952624844800
1253469960975921152
1253470129356226560
1253470217998602240
1253470419119734784
1253470440728735744
1253470468742565891
1253474736400711686
1253475040085135364
1253475119747469312
1253475446630617090
1253475535247769600
1253475711555457025
1253476064845795334
1253476215417114626
1253476395017216001
1253476421147779072
1253476731349942274
1253476768192712705
1253477105645559809
1253477244032466944
1253477460458573824
1253477489718026248
1253477561176395777
1253477566910017539
1253477768140148738
1253477812855435264
1253477826914914312
1253477839346819073
1253477927745880075
1253477985950236672
1253478026773295104
1253478099238506498
1253478370182037512
1253478546842030081
1253478577867120640
1253478722956648450
1253483686072377349
1253483982366347267
1253484038830129152
1253484070710898688
1253484142291038211
1253484588699209731
1253484944959119361
1253484978878525440
1253485003050119168
1253485090421776387
1253485821748850689
1253485929639088133
1253485937797070855
1253486081540055040
1253486299459342337
1253486343646257153
1253486520075509760
1253486695766536199
1253486710463201282
1253486910175133701
1253487013166227456
1253487065565728774
1253487275071229952
1253487330448433152
1253487543758270466
1253487728055816193
1253492733257318401
1253493035410747397
1253493118302896140
1253493119439507472
1253493122627239937
1253493177304133633
1253493223424655361
1253493224431333378
1253493226859880448
1253493593379143680
1253493700791017473
1253493702607200256
1253493704737918976
1253494108615774208
1253494181324095488
1253494373620334594
1253494549449789442
1253494611630227456
1253495043815624708
1253495115726929925
1253495253501239296
1253495313245011969
1253495559220068352
1253495705857073152
1253496148318400512
1253496390321229824
1253501414036234240
1253501541660704770
1253501675203178497
1253501749652054021
1253501907995439104
1253502296417329159
1253502504991485953
1253502724395630592
1253503173655793664
1253503456616288258
1253503548907835394
1253503922985033728
1253504131760701440
1253504715050156032
1253504840757645313
1253505300600098816
1253505331201814532
1253505345076506624
1253505647670411264
1253505734458904577
1253505752754421762
1253510227598536704
1253510228714250245
1253510287556313089
1253510289141706753
1253510290425221122
1253510864038133761
1253510901195583488
1253510901610827784
1253510902432894978
1253510903758311424
1253511124621750278
1253511238652325890
1253511369124646912
1253511371578241024
1253511372878630920
1253511452004175874
1253511452943683595
1253511456554958849
1253511566298877952
1253511568635113473
1253511569901748224
1253511759291432964
1253511903734829060
1253512040582467584
1253512042813718529
1253512043967234051
1253512089672572928
1253512090620506112
1253512093640335360
1253512210166566919
1253512211114405888
1253512392975187968
1253512618750300165
1253512731824660480
1253512863085363200
1253512933587509251
1253513083840090118
1253513137174781957
1253513409808785411
1253514223814160384
1253519114125049856
1253519153706778626
1253519194328612865
1253519370002800641
1253519878176124928
1253520070963335169
1253520317772787713
1253520386555359233
1253520558496645120
1253520718622580738
1253521387945418753
1253521572578709506
1253522176436776960
1253522435812417537
1253522528129163269
1253522604914343936
1253523397922955264
1253523511517339648
1253528299927633924
1253528742808469504
1253529059600056322
1253529233160204297
1253529475490299904
1253529486458527746
1253529635373158400
1253530155370319872
1253530540550086658
1253530540638121985
1253531030482497536
1253531552023228416
1253536775248793601
1253537363684233222
1253537406583664640
1253537924458651648
1253538058995224578
1253538255162703872
1253538560541487105
1253540056087687169
1253540184425148417
1253540385768513538
1253540656343113728
1253546151204306945
1253546325158830082
1253546541652025344
1253546665287483392
1253546985577209857
1253547019928571909
