1248137436305035266
1248138434142711808
1248138502291763201
1248140254319652864
1248140742691782657
1248140953468239872
1248141107302739969
1248141360026312704
1248141550451920896
1248141964903682048
1248142247771754496
1248142276037169152
1248142382073348096
1248142818050281472
1248144008624230404
1248145778222272512
1248146423708815361
1248147106516344832
1248147866117341185
1248148926114521088
1248149186866040833
1248149390981816321
1248149685497462784
1248150318271156229
1248150444247076865
1248151203315421186
1248152702460231680
1248152722555240448
1248153011878121477
1248153271958724608
1248153487982157824
1248153547264253952
1248154248996704256
1248154635799576576
1248160831365414912
1248162936654266369
1248163354411249667
1248163431494103040
1248163787561189376
1248164053899513857
1248164195620868097
1248164265346977797
1248164955553136641
1248166474642001923
1248167860091969541
1248168410011381760
1248169168664494080
1248169446285459456
1248170081932230661
1248170244721520645
1248171006289686528
1248171765274234880
1248171985848414210
1248172524153774080
1248173283054366721
1248173470124576768
1248174042059804672
1248174800943616000
1248177450758045698
1248177522803687424
1248178313455165442
1248179006484238337
1248179533565526016
1248179591245692928
1248180363005919233
1248181702142439424
1248182652810809345
1248183755975450625
1248185273927655425
1248185516178186240
1248186376547381250
1248190551704420352
1248190593324310529
1248195764775530499
1248197895054135296
1248198447175516163
1248199910454972416
1248200984653901825
1248200996947464192
1248201443364032518
1248201651934109696
1248201901247782912
1248202253770600448
1248204382367125504
1248206306323898369
1248206544019300353
1248206874702462976
1248207192584527872
1248207228894470145
1248207373430329344
1248208741293527040
1248209176062390273
1248209311756619781
1248210340862660608
1248211077327990784
1248211321050537984
1248211992193708032
1248212534299156480
1248214090985529344
1248215055872770048
1248216099927101445
1248217162663198725
1248218446002704384
1248218469004386305
1248221240944463873
1248221953871282177
1248222213922148352
1248222681910202368
1248223467947859970
1248225566743986176
1248225590794223616
1248226382515179520
1248232581813997571
1248232952816734209
1248233159008718848
1248233242768994306
1248233554150121479
1248234034779611136
1248234747849031682
1248236003359428610
1248236676679233537
1248237663188135937
1248237847305469958
1248238700250779649
1248239022062870530
1248242161331703808
1248242657761136641
1248242798958129152
1248243381404221441
1248245597619892227
1248245896237559808
1248245926000394243
1248246436765917184
1248247232341487616
1248248090881970178
1248249412775587846
1248249685711540225
1248250154542436353
1248251004266700806
1248252103526510592
1248252912611909633
1248252983206449153
1248253951021121541
1248254490026917888
1248254864444084224
1248255009084637186
1248255526779011072
1248255615857811456
1248256239072616449
1248256610348208128
1248257039488430082
1248257296532230146
1248257367688372224
1248257707766943745
1248259569324822528
1248260054777815041
1248260322953175040
1248260654236086273
1248261066984955905
1248261384841953283
1248261460343558149
1248262984402690049
1248265322592907264
1248265605473435648
1248266474474680320
1248266903778250752
1248266903778250752
1248267063921180674
1248267666529251330
1248268027793113088
1248268623115948032
1248269094895353856
1248269373854408705
1248270076442226689
1248271062791598083
1248271292710686722
1248271716339593217
1248271902847709186
1248272549684879363
1248272571679809549
1248273228826578944
1248274801556406278
1248275687498223618
1248276043942834176
1248276985060773888
1248277091377971201
1248277965919735812
1248278433496530944
1248278671657402368
1248279714214674433
1248279898818568192
1248280187726213121
1248280253539192834
1248280422632620033
1248280663096283136
1248281287191859203
1248282914791587845
1248283955402547200
1248284773522472962
1248284935993073665
1248285773608222721
1248288224570736652
1248288679937769474
1248288842874073091
1248289303446335495
1248289401148526593
1248290434259935235
1248290898020126721
1248291368834916357
1248291459914227712
1248291629451972608
1248292450520698887
1248292747796193282
1248293257408385025
1248294348116168707
1248294580480401409
1248294604522356739
1248294675976462336
1248294838082187269
1248295119268327424
1248295312713609216
1248295778172325888
1248295824213319680
1248296458719125504
1248297138821316608
1248297349849513986
1248297618599526400
1248297838079094785
1248298302979874816
1248298504163938306
1248299030989484032
1248299067748253696
1248301146327912453
1248301183522963461
1248301929958162440
1248302625755258882
1248303626155700227
1248304923030085634
1248305707809718273
1248306508527357953
1248306661581893638
1248307265511346177
1248307316807684102
1248308757659930624
1248308945397088261
1248310001061564419
1248310394332086273
1248311994605862917
1248312492494934019
1248312861438423040
1248312911719792640
1248312947019038723
1248312997379858432
1248313995485904903
1248314128160165890
1248314995160551426
1248315005621108737
1248315263830949890
1248315795702194178
1248316043870830594
1248316055501639682
1248316482481618944
1248316723683442688
1248317145982828545
1248318426902401028
1248319013136076802
1248319029036679168
1248319083411648512
1248319110750109698
1248319806115155968
1248319847341207552
1248320257325813760
1248320471701114881
1248320917912125441
1248321190751436801
1248321608055435264
1248322516369772545
1248322617460658176
1248323587964055552
1248323953631920135
1248324390279876610
1248324522962493441
1248325338939248640
1248325451862413312
1248325874241482755
1248325982014054401
1248326116517072898
1248326139266859010
1248326823722848256
1248327610318413826
1248328006331961345
1248328116763856898
1248328584088911879
1248329042903908353
1248329277147418625
1248329280746131456
1248330114519056384
1248330312431685632
1248331597415239680
1248331677803458561
1248332069480038406
1248334255144472576
1248334374409560064
1248335319499509766
1248335648500658178
1248336653447565316
1248337553813581829
1248337693077102592
1248339191638806528
1248339909070524418
1248339918503411712
1248340496478539786
1248340650472493059
1248340678775578625
1248341691473498112
1248341710238777344
1248342042226372612
1248342802418802693
1248343563076866061
1248344044834562048
1248344322795241473
1248345216517640193
1248345841967955980
1248346368277540864
1248346568224378884
1248346600868663296
1248347362390663169
1248348118728482818
1248348121706496000
1248348450401517568
1248348881936670722
1248348980221796352
1248349091819642880
1248349641654951936
1248350436647751686
1248351162497150976
1248351176157995009
1248351185138077701
1248353198370443267
1248353714609491973
1248353958596423680
1248354944098451459
1248355003376578562
1248355237196378113
1248355762642001921
1248356313152630784
1248356522683498497
1248356547023044609
1248356761863667713
1248356790527578114
1248356982014316553
1248357282871730178
1248357451402969091
1248358043139653632
1248358688194269186
1248358802065371137
1248358948782198784
1248359562345930755
1248360306658533376
1248360635659948033
1248361002468597765
1248361468283756544
1248361649838252032
1248362336269873152
1248362477907304448
1248365340607885312
1248366507047993344
1248366664116297728
1248367664600408065
1248367913255555080
1248368142448984065
1248368546389917696
1248370938904588293
1248372268805185536
1248372721953550336
1248373150015864835
1248374078085292035
1248374112910749697
1248376121206263816
1248376210951819264
1248376705313431557
1248377424280084487
1248377445675220993
1248378477855686657
1248378727764873216
1248378861902893071
1248379363675869185
1248380639201484802
1248381319249158151
1248383365683671041
1248384345041063947
1248384357133193226
1248385336230604800
1248385752330727425
1248385850385133568
1248386323099971584
1248386832141672448
1248387454391840775
1248387630091272201
1248387963794255873
1248388253926821889
1248388355693277184
1248388471950946313
1248388980158033920
1248389557768171520
1248389570200133635
1248389728933515267
1248390000472780801
1248390510688882695
1248391021471268864
1248391093986553861
1248391531129499653
1248391869957951496
1248392041391779840
1248392550542532610
1248392551184257024
1248393317177425921
1248393458177306631
1248393572434317318
1248393890878484481
1248394560297816065
1248394690535124994
1248395180002045952
1248395200839307269
1248396160710017026
1248396314854842374
1248396561517703183
1248396670951276544
1248397080340516864
1248397181209333763
1248397524878024706
1248397691467386882
1248398111061377024
1248398201679310848
1248398711970869249
1248399221125812229
1248399222593871878
1248400422064160768
1248401242256097280
1248402887597682697
1248405347800211463
1248405579988516867
1248406152188014593
1248407954572734465
1248408054564941824
1248408791617376262
1248409809876946945
1248409914851987457
1248411032332029953
1248411533102559233
1248414971429441536
1248415481725255681
1248416015131631621
1248417033038868480
1248417078731669504
1248417541715722240
1248419071449686016
1248419580726280192
1248420090606837763
1248420602144120834
1248421111492034561
1248422131496411138
1248423288763641856
1248423428995969025
1248423613373362176
1248424040634576898
1248424123639853057
1248424259686297603
1248424551022649346
1248424841876627457
1248424844208640000
1248425354047283200
1248425863294550022
1248426262105751566
1248426373368037378
1248426882405560321
1248427393837961216
1248427903554965508
1248429553279614978
1248431570576269312
1248432202662031363
1248433878399778816
1248434193542942723
1248437415561347073
1248437628426276867
1248438636036730882
1248439484351463431
1248439623275200512
1248439840573657089
1248441776999890944
1248442096870096897
1248442617395847169
1248443001535422467
1248443465018396672
1248443532530065413
1248444309323554821
1248444309336137729
1248445959152918528
1248446155563962368
1248446582447427584
1248448357854404609
1248449245390094336
1248449598827495424
1248449637763211268
1248451979195502592
1248452937057067014
1248453549559664641
