1251011952979181568
1251014321670324232
1251014530974601220
1251015682193489920
1251015900829974528
1251018232162549760
1251018411964010496
1251019887625089025
1251023409280057344
1251028203881234432
1251029719283367936
1251030196368670720
1251032585255313410
1251033077360590848
1251033943434035202
1251036131937812482
1251039516636389376
1251039735058960384
1251040293522194432
1251043109527584768
1251043572637298689
1251044222725165057
1251044588955095045
1251045975218630657
1251047850202497025
1251048314872578050
1251050051075522560
1251052067730456576
1251056417877999616
1251057233913233408
1251057455640895488
1251057712789688320
1251058492657541121
1251061550196146176
1251062576844279808
1251062790753619968
1251063638728691717
1251065321483644928
1251066872893710337
1251070163019083776
1251070610425253889
1251070702217723905
1251072131204513792
1251072266479251457
1251074666283831296
1251075290941587456
1251076126396432385
1251076643617148929
1251078370617688064
1251082311443111936
1251083608271523840
1251083987734409217
1251084895356702720
1251086522323030017
1251088222857441280
1251089689660010497
1251091089999749120
1251091872929312768
1251093686508826626
1251096039651762177
1251097626235359232
1251097635114680322
1251098589121650688
1251099134532169729
1251103519240867840
1251103575981338630
1251103870366998529
1251105735188058112
1251107812832415745
1251108153548308488
1251109336111288320
1251111206666067968
1251114476318920705
1251114515930001408
1251115514837061634
1251116797505536000
1251116948697632769
1251119951596969985
1251120219759747075
1251122639474577412
1251123939960664064
1251124358866763776
1251124543235805184
1251125256762331138
1251125433237716992
1251125447863070721
1251125609931116545
1251128835782909952
1251129077295087618
1251130503568093189
1251130680219594752
1251131657081372672
1251131699418796032
1251133280100978696
1251134104806006784
1251134109130334208
1251134749134880769
1251134961769381888
1251135195140501504
1251135228384612353
1251136174393110529
1251136269385678848
1251137406872387585
1251137783374192641
1251138818935267329
1251139279188897797
1251139905935335424
1251140292327112704
1251140613669621760
1251141398507786240
1251141985479659520
1251142559688093697
1251142644035706880
1251142988463570945
1251143116427575297
1251143131501744133
1251143315073966080
1251143535811866624
1251143555336171520
1251143825000554496
1251144011211046912
1251144014813966336
1251145108449361920
1251146784258224129
1251147913515814915
1251148405348302848
1251148596285603840
1251148811579211781
1251156429060235265
1251156761068765186
1251157463962841089
1251157912111595520
1251159732519186438
1251161269563875328
1251161631427457032
1251162639524225025
1251162684009168896
1251164043101888513
1251164052409200640
1251164437710585856
1251164456463335425
1251165044399734785
1251165338705825793
1251166080095211520
1251166797694459904
1251167365779337216
1251167390978752519
1251169685606932480
1251170217427980288
1251170471871221760
1251170579861962755
1251171441174876160
1251172280115302402
1251174028246687746
1251175839619842049
1251176121514803201
1251176298598170626
1251178192645357569
1251179429981753349
1251179475984941056
1251180192816459777
1251181255002951680
1251181256961937408
1251183293107703809
1251183681621970944
1251184061701337091
1251184166596513792
1251186778242813952
1251188108571238403
1251188723074637825
1251188923130396672
1251190789822087168
1251190939063902208
1251191931696119808
1251193085859692544
1251193154981806085
1251193239618682881
1251193678896476160
1251193915094503425
1251194524044529664
1251194556672020485
1251194899946446853
1251195066544242694
1251195668728811520
1251195727512043526
1251195862111399938
1251195909796499457
1251196470595911682
1251196494167846912
1251196529123221504
1251197115797299200
1251197312522739712
1251197533315051520
1251197773917179905
1251198015538376710
1251198276101189632
1251198489998082048
1251198942454468611
1251199398576631809
1251199588335341576
1251200281506992129
1251200475166318594
1251200729089482753
1251202033891323904
1251202476302352387
1251202600835452928
1251202740040024064
1251203473741361158
1251204119987134466
1251204690102157312
1251204780099239937
1251204808545054725
1251205036018929665
1251205690791788550
1251205736836841475
1251205961039122434
1251206252547444736
1251206438988533760
1251207857216925701
1251208726813515779
1251209718778953729
1251210265154195459
1251210589801676800
1251210993738416130
1251211836369838080
1251212629550366720
1251214427837345798
1251216208902467587
1251216882629251073
1251220792496369664
1251221827189440515
1251222779422289921
1251222951170580491
1251223737745145857
1251224925941219330
1251225147542929408
1251225807206387714
1251227679615057925
1251229673176121346
1251229824175276033
1251230451353546752
1251230763548323840
1251231345956859910
1251234365499232257
1251234989926002689
1251235177080123392
1251235656141090823
1251237782711869441
1251238700773789698
1251239890454528007
1251240571869499392
1251241897684865031
1251242055415869446
1251242830523072512
1251242892800274435
1251244150105702408
1251244822658273285
1251245470732685318
1251245742108401668
1251245830696251395
1251246886876479488
1251249613920763909
1251251713446723584
1251251750826319872
1251251958213750786
1251254608913215488
1251254641687506946
1251254696511188993
1251256351088693250
1251257282601549837
1251257524856242179
1251257615646064642
1251257705848877057
1251259451383955470
1251260580016553985
1251260707347275786
1251260797990375424
1251261488234364931
1251262209218482176
1251262768919052290
1251264621584936960
1251265101585416194
1251266377987604480
1251266676848541698
1251267363460300801
1251267549251227649
1251268050306969603
1251268561588322308
1251268707122282497
1251269048391917568
1251269366370512896
1251270035403923456
1251270207269634048
1251270288576262148
1251271173146423296
1251271536260120583
1251272612560334848
1251272858883575808
1251273809056931840
1251276399412834304
1251276532833824774
1251278299558367233
1251279855926292480
1251280017537085440
1251280694791360512
1251281431084576768
1251283745900027915
1251284089853882368
1251284547062259712
1251284887677648896
1251286575654281220
1251287260860801024
1251287499487444993
1251288260699140097
1251288406086352897
1251289364925165570
1251289605397073921
1251290723653054464
1251291319009521665
1251291915531759618
1251293152587264000
1251293824074289153
1251294481741217793
1251297556866441223
1251298468804669441
1251298921676226560
1251298971101933568
1251299341026951169
1251300316294844418
1251302947285118976
1251303308955996162
1251304215605129217
1251304458706915328
1251304651422605312
1251307295977304066
1251307379494354946
1251309666551975936
1251311322148622338
1251313003406020608
1251315166588874752
1251317939472674818
1251318331019161600
1251319555923812352
1251320096724643840
1251321171368427522
1251321483814678528
1251322456511561731
1251323283615608832
1251326402072399872
1251330312707211264
1251333146752278529
1251334004709572608
1251334637269528579
1251337032238092288
1251337601946189827
1251337891948576769
1251340059950923777
1251340267594145793
1251341611465875456
1251345816176005121
1251346260021436417
1251347527837851652
1251349379631505411
1251349895878975488
1251350718788915201
1251353224080011264
1251354403443007488
1251357095905107969
1251359682712616961
1251360432079634434
1251364103618248705
1251366441015803912
1251367315117047808
