1250641596887990272
1250646705516707840
1250647034253709315
1250655078744240134
1250655491904147456
1250657293374496770
1250658270525743104
1250659019536109568
1250660068183375872
1250661883494969344
1250664128680607745
1250665913411612672
1250666272288845824
1250667369023909889
1250667566256750593
1250668182920200192
1250669152307724288
1250669558001737729
1250671058618912768
1250671950164344832
1250673313606705152
1250677365639954432
1250677805563678726
1250677815856574464
1250678563210223618
1250679601732476928
1250679632938119169
1250679893215633411
1250680019053162497
1250680787495682048
1250680893401776128
1250681988861878272
1250682019857694725
1250684911347855360
1250685254622490625
1250685830630432769
1250686267056107521
1250686318755151873
1250686851641311232
1250688546916179968
1250688675769389056
1250693636452425728
1250694766897106945
1250695489441476608
1250698581918519302
1250698644673658880
1250698831622258688
1250698916150083585
1250699266307297281
1250699999438155783
1250700288132030465
1250700330532249601
1250700369283481605
1250700704873938944
1250700983849627649
1250701498826264577
1250701633119494144
1250702007125540869
1250702260746760195
1250702688578396160
1250702943919181828
1250703334966800392
1250703681571491840
1250703752899842049
1250705002676523009
1250705124286218241
1250705192540135424
1250706086308569089
1250706313082015746
1250706916080222208
1250707091356082179
1250707639601893378
1250707770451656704
1250707937271709698
1250708084902825984
1250708414705041411
1250708488105361408
1250710717906518017
1250712155172847617
1250712485692428288
1250712839981072384
1250714396172713985
1250714968141463554
1250715266306146304
1250717458215981056
1250718791169765377
1250721353151533056
1250721814596198400
1250721831486709761
1250722793785876481
1250724639313199104
1250725452227858434
1250726522954158080
1250726913217355776
1250727292042698752
1250728634488360963
1250729547772944384
1250729741331677186
1250730404971192320
1250731541543751682
1250736897208582145
1250740180392333312
1250740354112000000
1250742390039760899
1250742398034104321
1250744704636989442
1250745599466627072
1250746374322302982
1250747118030958594
1250747646094069760
1250747813639716874
1250748874857361410
1250750070359810050
1250750531523481602
1250753253974913025
1250753946341212160
1250754056936730628
1250754344623976448
1250754554087555077
1250755003331026950
1250755662478487552
1250756505667805184
1250756975475986432
1250757766529970176
1250757834243018756
1250760258294878208
1250760898697809921
1250764221710647307
1250764830279176194
1250765913906954245
1250765946400186368
1250766326425178112
1250766771402862592
1250767367539392512
1250770108764520452
1250770627092459520
1250770865899425798
1250771353814401025
1250771405337174018
1250776817641951232
1250777916583092224
1250778480066859010
1250779681605013504
1250779694036811776
1250780235076907010
1250780359396134912
1250780906941546499
1250781350656749569
1250782917523132417
1250784296677359616
1250784397273509891
1250784965505277952
1250785074594922496
1250785944204083200
1250786723052883973
1250787377569726464
1250788195958165506
1250789087646289924
1250789777751846912
1250789809129508866
1250789893107785734
1250790355454304257
1250791352692064256
1250791414293827585
1250791841202659337
1250793273268015104
1250793401169084416
1250793909283958784
1250794252054953984
1250794850187907073
1250796993057886210
1250798179366379520
1250798424934531072
1250799809071665157
1250799838574399489
1250799999132164100
1250800369824927745
1250801632226562048
1250802312722952194
1250805111921815553
1250805754900217857
1250805829231575044
1250805989059825665
1250806960326356992
1250807338744905728
1250807407124643844
1250808333646409728
1250808438596214784
1250809061072875522
1250809272847536128
1250809824771805184
1250810175486861312
1250810289466904576
1250810528592801792
1250810728350711816
1250811365729714179
1250812603577831430
1250813069422403585
1250813211256991744
1250814291718148098
1250814678868955137
1250815469340295168
1250815724391628808
1250816571968126976
1250817306235744257
1250817590433382400
1250818405629784065
1250818769355751424
1250819053121351680
1250819769332269061
1250819780011065344
1250820067173953539
1250820616271417344
1250821007176335361
1250821071655272448
1250822323772559360
1250826595272740869
1250827459223642112
1250827493906567169
1250828267902439424
1250828910322909184
1250828979776430080
1250830546114154499
1250832221822423040
1250832919007911936
1250833096867319808
1250833793730183172
1250835123047665666
1250835651345276928
1250836036911083522
1250836220105510912
1250836413098209281
1250837125957685249
1250837146312769538
1250837589009076224
1250837787919646721
1250838417174401025
1250838777804623873
1250838858247352324
1250839592233828352
1250839595870085120
1250840581107879936
1250840609805516800
1250841028074115079
1250841097586302978
1250841147842363392
1250841304805842948
1250841969305292801
1250842641647964164
1250843326825332745
1250843948001656832
1250844893024583680
1250844979343360004
1250845371972177925
1250845823946153985
1250846507663835137
1250846545710387205
1250846785821650945
1250847086733676549
1250847131541405698
1250847139258871809
1250847244456255490
1250847707683528708
1250847846200496129
1250848268055187461
1250848569449254912
1250849013844279300
1250849316077527053
1250849936134078464
1250850050550325248
1250850070897049605
1250850283309002752
1250850614919266310
1250851894555271168
1250852803771346944
1250853785892782083
1250855571038728192
1250855828510453766
1250856756026249217
1250856912553476096
1250857105885667332
1250857151272189959
1250858890977304578
1250858917921460236
1250859592768258048
1250859764978003971
1250860601120784384
1250860719781928963
1250862296731201536
1250863232694304770
1250863940575170562
1250864298571689984
1250865561954856961
1250865684042723328
1250866634715205632
1250867959368728577
1250868227523186688
1250870561938583553
1250870583539240962
1250870751214829570
1250872227760934913
1250872235155472386
1250873464535334914
1250874244990472192
1250875285878251524
1250875707431018502
1250876529044680704
1250877265908346880
1250880461389172736
1250880734275002373
1250881943060824065
1250886246227939328
1250886558355513354
1250887168073007104
1250888060188987392
1250888154183237633
1250888887318306817
1250889052204785677
1250890248076304384
1250890709365936128
1250890938764926985
1250891927517528066
1250893473424818176
1250894356409724933
1250894660689633280
1250896554669625344
1250896769363390466
1250896789236076544
1250899005669810181
1250899122925768712
1250899816919465984
1250903586273406979
1250904686787530752
1250904695578587136
1250905142796464128
1250905148215431168
1250905644883824641
1250907525454725121
1250908154352861189
1250908382841786368
1250911203293093891
1250912310467715073
1250912477434519552
1250916317512765442
1250917492643581952
1250917642728243201
1250918105439703040
1250918264580046849
1250919457515384833
1250921171970699264
1250921693306068993
1250923975414333440
1250925944099016704
1250926792296271874
1250927146769494022
1250929317674201094
1250929392332812289
1250932427230531590
1250932948578308096
1250933140811583488
1250935442175922179
1250939298209320961
1250940576587034626
1250941004208918530
1250941008180887554
1250942354493767681
1250943741654949889
1250944205796622345
1250944317012635649
1250944746786299904
1250944875937312769
1250945721890734080
1250945913884946433
1250948348691046403
1250952682350817281
1250957841978056705
1250959301914406913
1250960048630743040
1250962211763298304
1250962868540862466
1250964310131535872
1250964558501548034
1250965101001101312
1250965743879041025
1250966562154086405
1250967316533325824
1250967664182407169
1250969694858702854
1250975076004044801
1250975347404869637
1250975405319782406
1250975670412423168
1250975838595624960
1250975886699974656
1250976152472125447
1250976275662946312
1250976395876065280
1250976886827745280
1250977062732644353
1250977303439511553
1250977712715583493
1250977932954218496
1250978070707802113
1250978237158744066
1250978412392525824
1250978823463673858
1250978991709839360
1250979104263897088
1250979499828797441
1250979518044569600
1250979624777068545
1250979636303007746
1250980084925845504
1250980570806575105
1250981201915138051
1250981587224854535
1250981831920562176
1250981850417430528
1250982020160913411
1250982106496368641
1250982137710415873
1250982431202705410
1250982435497574400
1250982616725159936
1250984208018874368
1250985225498185728
1250985453714538498
1250986227085520896
1250986227391700994
1250989719070150657
1250990218376654848
1250994679371497474
1250998071988637697
1251002196109524993
1251003938234667008
1251004247979761665
1251005244042915843
1251005542694346753
1251005633907830784
1251005883750002688
1251006880274677760
1251010410519629824
1251010649444024320
