1253935888591130624
1253936181080965121
1253936241193611266
1253936290602430464
1253936461130485766
1253938287204397062
1253938568592007168
1253938589114793984
1253938806341976064
1253938873672953858
1253939523119124485
1253939631034417152
1253939741210394624
1253939903785603072
1253940140352909312
1253940572961701888
1253940672660410370
1253941254662041600
1253942940885348352
1253942976843255808
1253943126458130433
1253943272302620672
1253943362484342785
1253943513143808001
1253943621012914178
1253943756656652292
1253944068574502912
1253944091034910721
1253944343812952064
1253944375756959745
1253944591461412865
1253945387108442114
1253945396856082432
1253945548178182144
1253946402356461571
1253946712575664128
1253947166734708736
1253948109320830977
1253948116488687617
1253948188634972161
1253948205240369152
1253948380977356802
1253948386581123073
1253948562674798592
1253948716433711105
1253949179078025216
1253949437619167232
1253949748517703681
1253950085425172480
1253950174734548992
1253950175741165568
1253950312424955905
1253950868518510593
1253951194717999104
1253951554303991809
1253951688140115969
1253951864904835074
1253951908680814592
1253952156064976897
1253957689652072448
1253957689777909761
1253957693422702593
1253957889070379008
1253958578177601536
1253958676206850048
1253959415964762113
1253959524987305985
1253959543400411136
1253959679752822785
1253960646112116737
1253960775858712577
1253961440827977730
1253961460620853248
1253961772987568128
1253962000390074370
1253962083529453568
1253962360290762753
1253963653826699265
1253963757098696704
1253969705733443585
1253969824331546624
1253969851443318784
1253969962483552256
1253970222974939141
1253970363568046081
1253970888854102016
1253970914385035264
1253971840348946433
1253972345221513218
1253973375392808960
1253974146071044096
1253974164907540480
1253974184822296576
1253974427852734464
1253974731503529984
1253975218802102272
1253975397898878976
1253975426977808389
1253975577280774145
1253981284008935425
1253981558559645702
1253982097510989824
1253983238231592960
1253983302173802496
1253983345635196929
1253983679413542912
1253985266840285184
1253985607090614272
1253985790855647232
1253985851521986560
1253986098465906688
1253987050388324353
1253987193997189120
1253987441767260162
1253987593517240320
1253987664983982080
1253987741206970368
1253994163303075847
1253994757455515648
1253994815185879042
1253994964612198401
1253995097982668800
1253995405572005888
1253995504956030978
1253995555006496768
1253996215970250753
1253996495856111616
1253996572112715776
1253997086099587073
1253997610643275776
1253998116895961088
1253998241630154752
1253998248529989632
1253998267253305350
1253998612205494272
1253998824059809792
1253998856473317377
1253999041119244289
1253999161461993472
1253999202834747392
1253999245562122242
1253999457328398336
1253999487690985475
1253999550307721217
1254004627118456832
1254005276870664192
1254005512078856192
1254005778266062854
1254006743870423040
1254007006744190976
1254007031092121601
1254007485448536064
1254007559452856320
1254008061515137024
1254008433818456064
1254008920991031300
1254009203284467712
1254009517911805952
1254009660883042304
1254014349074726912
1254014473142181892
1254014536245489665
1254014820170465282
1254014824264028161
1254015553645182976
1254015877088980996
1254015961897644032
1254016292786450432
1254016342044409857
1254016488673103872
1254016842223542272
1254017063250726913
1254017361285390345
1254017475764764673
1254017597403811841
1254017652978319361
1254017682686476288
1254017869496680449
1254017981367095296
1254018101911400448
1254018832231837696
1254019000541089793
1254024106707750912
1254024746859102208
1254024930070614029
1254024997690994688
1254025276889149440
1254025278394970113
1254025712991973376
1254025974079000576
1254025990147239937
1254026235098923008
1254026395262562307
1254026525424390150
1254026768060727297
1254026950135484416
1254027016640159745
1254027247423496192
1254027653176340481
1254028026276392960
1254032773918208001
1254033084904648705
1254033298545729536
1254033566931062785
1254033663953498114
1254033798297239552
1254035287799455745
1254035426236461057
1254035492905062407
1254035563818233856
1254036322232283137
1254036758439788544
1254037065215414272
1254037099642265600
1254041598591107072
1254041900522274818
1254042368040296449
1254042835998949377
1254042937954091011
1254043073388195840
1254043340179247104
1254043378829885440
1254043507674820608
1254043767692124165
1254043977420062720
1254044190398386177
1254044229216669701
1254044356589346817
1254044454941421570
1254044458800349190
1254044564597493761
1254044609770070022
1254044769317199873
1254044958228729859
1254045067981053954
1254045244485709829
1254045732010688515
1254050277063307264
1254050600687370241
1254050858460987392
1254050865373229058
1254050908998119426
1254051272694493185
1254051322862735362
1254051326847303684
1254051808957411329
1254052190844583936
1254052596811214851
1254052814013247488
1254053380219187202
1254053636591759367
1254053791948832777
1254054093959675907
1254054158010810370
1254061090415292418
1254061728192659459
1254061785608568834
1254061830617456640
1254061916990963712
1254062046305533959
1254063074518188034
1254063148929335296
1254063220064690177
1254063427062042625
1254063509517635584
1254063565406781440
1254063719971278848
1254063825864790017
1254063883913920518
1254064500891881472
1254064596547141632
1254069354339205121
1254069457212698624
1254069551261769729
1254069604554506240
1254070012236779520
1254070079370690561
1254070103139893253
1254070317934350341
1254070973843812352
1254071051761270786
1254071147576078338
1254071383866441730
1254071404976312321
1254071436764942336
1254071442062409729
1254071528834109441
1254071772279906306
1254071795541401601
1254071802285957121
1254072085082750978
1254072381578108928
1254072636516294659
1254072747405135872
1254072784713646082
1254072805139890178
1254077178947436544
1254077380781621250
1254077692225470464
1254077931980230665
1254077967954849793
1254078105540411397
1254078789371469830
1254078909571665920
1254079038672580619
1254079314611572738
1254079520342183938
1254079582250074115
1254079776765116416
1254079783593533442
1254079889768099841
1254080241473028096
1254080250201415681
1254080598836215808
1254080790209744901
1254081263998308354
1254081580555001856
1254086070465105921
1254086151176024065
1254086356558589953
1254087888460853251
1254087942089342977
1254088006731882496
1254088416989376512
1254088643536437255
1254088735190327297
1254088869189955586
1254089346526990337
1254090078118449153
1254090137107083264
1254090144065486849
1254090270620164096
1254095421502357504
1254095512581668864
1254096352927252482
1254096469201649664
1254096684612595712
1254096829660246022
1254096948279345153
1254096981020028932
1254097568079855616
1254097611159552002
1254097752272797698
1254097840231665664
1254097926223101952
1254097945529483266
1254099082303373313
1254099112473092098
1254099240613109760
1254099326680174592
1254099366555590664
1254099381671919616
1254104112934813696
1254104397459701761
1254104408201314304
1254104489235304456
1254104653391892482
1254104982745493505
1254105364716490754
1254105449940414465
1254105834327543808
1254105897179234304
1254105948890828805
1254106205699616770
1254106280714817537
1254106304924139520
1254106414085058561
1254106432082980864
1254106683229560833
1254106871834828800
1254106887517339655
1254107054874202112
1254107115079323649
1254107294733869057
1254107407061573645
1254107725765599232
1254107957416964096
1254107962223874057
1254108025402556417
1254108070193627136
1254108075281256448
1254108078242443265
1254108335902621697
1254108364558274561
1254108426545893379
1254108448943484929
1254113101017944066
1254113379914055683
1254113422574260224
1254114021650939906
1254114077242273793
1254114404653838339
1254114789531496450
1254114882267406336
1254115079836053504
1254115891702358016
1254115955875201029
1254116250860556292
1254116615668535296
1254117013166964736
1254117169228587010
1254117228213153792
1254121844258586627
1254121951552868352
1254121994712383488
1254121999993094144
1254121989977104385
1254122538055196680
1254122961172418564
1254123085730656256
1254123097369739265
1254123425200771072
1254123498202705920
1254123703832416257
1254123979880771586
1254124041683628034
1254124164966989829
1254124402293174275
1254124728970813440
1254124801049923585
1254124978313719808
1254125033515081728
1254125063219089410
1254125114112839692
1254125223097614338
1254125225572274177
1254125682592014337
1254125883213914112
1254125943079215107
1254125960288505860
1254126279546175489
1254130942899347456
1254132218043207681
1254132255519395845
1254132803811323904
1254133006710661120
1254133014243807237
1254133438581477383
1254133941121871872
1254134909444161537
1254139553662808066
1254139575435321344
1254139666242179077
1254139876280283136
1254140257013923840
1254140442356170755
1254140555061350400
1254140607234297857
1254140902597066753
1254140921932898304
1254141063264116736
1254141079252680704
1254141840141549568
1254142364077064192
1254142623171911680
1254143294579388418
1254143700277563392
1254143757693353986
1254144053848887297
1254148454907027457
1254148591142174721
1254148793060036608
1254148844885024769
1254149498575761409
1254149686484774912
1254150041993908225
1254150144293036035
1254150155630030849
1254150885674016775
1254150936496353280
1254151875370287104
1254151951169847297
1254152400547598336
1254153012119027713
1254157860444835841
1254157970172190720
1254157977491210240
1254158217871056905
1254158738581315585
1254159220129312768
1254159222289371138
1254159568080420868
1254159574472380416
1254159735525462016
1254159991860350980
1254160040518393865
1254160138715332608
1254160240494424064
1254160349114314760
1254160437773508611
1254161100112887812
1254161248335409157
1254161522319929346
1254161572496359427
1254161632722386946
1254166343559057408
1254166979176529923
1254167395696029699
1254167478869114880
1254167659589054464
1254167754044817409
1254168025332252672
1254168435606650881
1254169060742508554
1254170620625137664
1254170621614981123
1254175239484977152
1254175274985574401
1254175357168611328
1254175616183697408
1254175617874100225
1254175670105591808
1254175725520932864
1254175742394609673
1254176160977768450
1254176207387721731
1254176283136843783
1254176367295574017
1254176403316236289
1254176501433425920
1254176840580816897
1254176887397588992
1254177012698267648
1254177130486935553
1254177165395939329
1254177307553681419
1254177451929993216
1254177725650264070
1254178128114716673
1254178162059161600
1254178219428724737
1254178555195527170
1254179219715903491
1254179517318324224
1254179543297949696
1254179613867008000
1254184137549852675
1254184197759086593
1254184383554125826
1254184387186475009
1254184448893038597
1254184473731760130
1254185221492277249
1254185308003983362
1254185526975959040
1254185809080512514
1254185855305957378
1254186214653116419
1254186220487409666
1254186394559242240
1254186471185166336
1254187599104806927
1254187771562020865
1254188395187900423
1254188576436256768
1254193232025509888
1254193307694948352
1254193525337489414
1254193722989961224
1254193767734788101
1254194082680844290
1254194426278301696
1254194718969339910
1254195726118277120
1254195929114120192
1254196023708303361
1254196222275080193
1254196294697930752
1254196327015202816
1254196535094652929
1254196668863569927
1254196684789145601
1254197000599453696
1254197130241224705
1254197289675034624
1254197332096290820
1254197347036336128
1254197363566051328
1254197412421394432
1254197478301339649
1254197756635295750
1254197767695671298
1254197792505040896
1254202292183560193
1254202522006241280
1254202783085068288
1254202807868985344
1254203470514708481
1254203600907239430
1254203605369917448
1254203870810693633
1254204144539152384
1254204276508852229
1254204344288841730
1254204460194291713
1254204529010081792
1254204634954153984
1254205313374457865
1254205875436298240
1254205943010562049
1254206056890347528
1254206174481707008
1254206252785078273
1254206755028041728
1254207024897953795
1254207037225000962
1254207297577873408
1254212173825478656
1254212198911655943
1254212222815023106
1254212263109636096
1254212552432717824
1254213025508229120
1254213074388566017
1254213231779946496
1254213496058888192
1254213712103292929
1254213815228608525
1254214203348602882
1254214296088829952
1254214409800634371
1254214572233416704
1254214702315573250
1254215149524848648
1254215293418831872
1254215697552609280
1254215831598305285
1254215853366603777
1254216032262270980
1254216288454533121
1254216615031439368
1254221697340801034
1254221880342519809
1254221965558194178
1254222079286743052
1254222145628102659
1254222260489072640
1254222411274129409
1254222612089245696
1254222689192955905
1254222875315314688
1254223623151386625
1254223762322526208
1254223805716652034
1254223805863493633
1254223808623292416
1254223809617354752
1254223812574363648
1254224014106660864
1254224272647692294
1254224349999005696
1254224776551436289
1254225056294715393
1254225807658176512
1254225936456790023
1254226362602188800
1254226559617171458
1254232637063008256
1254233055226724352
1254233118053146626
1254233160231116800
1254233470135611398
1254233520689393665
1254233676596105216
1254233872331489281
1254234151391301635
1254234525711978499
1254234651373309955
1254235195307438080
1254235252488273922
1254235465659625472
1254235682060599298
1254235960776294400
1254236145556361217
1254236219090886657
1254236338989252609
1254241651448582144
1254241731102507008
1254241763956531200
1254242031104176128
1254243057895010304
1254243459097075714
1254243990641283073
1254244148577779723
1254244163832315909
1254244381097447428
1254244381340532737
1254244671280214018
1254244671359942657
1254244683984908288
1254244873395372033
1254245498753556481
1254245803062964230
