1255720796548263936
1255721411932499969
1255723241399881731
1255723479728566280
1255723589048950787
1255723594014998533
1255724222896156672
1255724327837691904
1255724328898850816
1255724330056474625
1255724413133238273
1255724452035387392
1255727370012631040
1255727791682830337
1255727886415335424
1255728422925500416
1255729101718999041
1255729102717284352
1255729106827636736
1255729983122665472
1255730352674365440
1255730366385655813
1255730577183047685
1255730741045952512
1255730777939152897
1255730823262687233
1255731245012615168
1255731688228786176
1255731915618947073
1255732189045633024
1255733135905452032
1255733288368513024
1255733529096458240
1255733740611010560
1255733800883159046
1255733959171817474
1255734137928863745
1255734138985779200
1255734140063760384
1255734142970458112
1255735000676421632
1255735016144818176
1255735020490092550
1255736278429036545
1255737003112448000
1255737278254718977
1255738043438374912
1255738776602710019
1255738951110885376
1255739276358279173
1255739416707911680
1255739496756391936
1255739932976480256
1255740115772674055
1255740148358057984
1255740256218951680
1255740444992049153
1255740478571642880
1255740919485280258
1255740928125370368
1255741823752044548
1255742989529382912
1255743958811996161
1255744023286824961
1255744796829892609
1255744810796961793
1255745003420291074
1255745287416680448
1255745398905475072
1255746223040053249
1255746522576281605
1255746593296470027
1255746750754754561
1255747049850572800
1255747050735624195
1255748227040776192
1255748433387888640
1255748612220485638
1255748912998166528
1255750691970338816
1255750994895400960
1255751000947752960
1255751273669943304
1255752142112960517
1255752181824831488
1255753010208071681
1255753147563126784
1255753350789898240
1255753703279276038
1255754292079865857
1255755851131949058
1255756020950937600
1255756288241385472
1255756782053580805
1255756883593433089
1255757000102809603
1255757139961950208
1255757439825256450
1255757540798820353
1255757548637917184
1255757564890865665
1255757803848957952
1255758423091580928
1255758471737176065
1255758526577664002
1255758750540984320
1255758921995698176
1255759054720417792
1255759175520411649
1255759366650769409
1255759678312611843
1255759870600642561
1255760706617606144
1255760779241979904
1255760949832753152
1255761315546701824
1255761655662854144
1255761762898464769
1255761943844892672
1255762289539465218
1255762305943552000
1255762375489323010
1255762676862586882
1255762964516352000
1255763529002598401
1255763948281958400
1255764075281293312
1255764334937993216
1255764335143485440
1255764336183635968
1255764338511495168
1255764491007963136
1255764727294197760
1255765124742352896
1255765233588723714
1255765465592328193
1255765535154995200
1255765660401111042
1255766237683937282
1255767454019727361
1255767613935927296
1255768679624646657
1255769081451630592
1255769252629536768
1255769376516714497
1255769493311086592
1255769632356646912
1255769722970308610
1255769873231212544
1255769874325925888
1255770256787812355
1255770383485227009
1255770546802954241
1255770578381934595
1255770675761029121
1255770968615800837
1255771082742587392
1255771126392918016
1255771128381026304
1255771129949630466
1255771132491423744
1255771280239988736
1255771281909321728
1255771286095028225
1255771287756197890
1255771614064660482
1255771727520509953
1255772199803387907
1255772326093901825
1255772388664307715
1255772709793005568
1255772757297713152
1255772871265157121
1255772918300229632
1255773219996352515
1255773780611411969
1255773934143889408
1255774333647151106
1255774338416025600
1255774374998794241
1255774405315235840
1255774477343961088
1255775709072707585
1255776602002272256
1255776791714689025
1255777402917212160
1255777541987557376
1255777548308447232
1255778016988454912
1255778105874157568
1255778307058085888
1255778520149528578
1255778860215525376
1255779184103710721
1255779184875458560
1255779185139695618
1255779185911492608
1255779186918092800
1255779935228252161
1255780175691649026
1255780585802530816
1255780654366613504
1255780880917954560
1255781113601155074
1255781596894056448
1255781819301191680
1255781832420986880
1255781899483729920
1255782499550199809
1255782597554311171
1255782630290792449
1255782870104358912
1255783336657616897
1255783391376609280
1255783460695924739
1255783872593375234
1255783984350576643
1255784031914020864
1255784483443310593
1255784588665749504
1255785230520258567
1255785943610478592
1255786645518835714
1255786753774010368
1255786857947783168
1255786877992534016
1255786932103249921
1255787136974012417
1255787143022227457
1255787468479246342
1255787671294746624
1255788016477577216
1255788435639463936
1255788438621650946
1255788761339715586
1255788773088124928
1255788808068530177
1255789276027125760
1255789353797931015
1255789574032367619
1255789958998024192
1255790715575119873
1255790768477941761
1255791146497785856
1255792403069513729
1255792423810318336
1255793336947884032
1255793390995812352
1255793647372562432
1255793956320956416
1255794285506527234
1255794285498126336
1255794286697738240
1255794323125395457
1255794411054804992
1255794742929043456
1255794777884446725
1255795357960867840
1255795588144279553
1255796064780763136
1255796283358527490
1255796385645039617
1255796839791632384
1255796884003786752
1255797218478567427
1255797332588793857
1255797441661566976
1255797742150049799
1255798485582053376
1255798630818054145
1255798795213963265
1255799119647592449
1255799517007376384
1255799558870794240
1255799848944594945
1255799972395655168
1255799995606994945
1255800305024974848
1255800902666948608
1255801108355624961
1255801220339564545
1255801254539857920
1255801336609804293
1255801858997858304
1255801921274671104
1255802090326241287
1255804839206010880
1255805131523788802
1255805672257617921
1255805694479151104
1255806460023525376
1255806955945431040
1255807035922427906
1255807063684456448
1255807519638896641
1255807731874832388
1255807768784703488
1255807872136392704
1255807920895340544
1255808027543781376
1255808028491866112
1255808218422546432
1255808537684566016
1255808866899488768
1255809002492981248
1255809003633831936
1255809073301331969
1255809115932233729
1255809205493288960
1255809454584532997
1255809462482333697
1255809499790622720
1255809556384489475
1255809899604381696
1255810142823608322
1255810375729188865
1255810821478899713
1255811141894320131
1255811612633468933
1255811737816719360
1255811905664380929
1255812032324153348
1255812078868234240
1255812134656716803
1255812706285891584
1255812994954657796
1255813002168881158
1255813054689918976
1255813065255399424
1255813318335488005
1255813332004745218
1255813853054631938
1255813878614757381
1255813997317754887
1255814414843904000
1255814790896730113
1255815049211494400
1255815090227613696
1255815335262945291
1255815824423751681
1255815917948358656
1255816248182497282
1255816390772240384
1255816557105745921
1255816877198266369
1255817170975678464
1255817260972851201
1255817326039044101
1255817366933516288
1255817448017678338
1255817490367643648
1255817517911748608
1255817836867522560
1255818066233044994
1255818462049505281
1255818721085579264
1255818752882626560
1255819051387019264
1255819086845497344
1255819425036611584
1255819547837452288
1255819667123437570
1255819907708727296
1255819962670858240
1255820438296498179
1255821659480653826
1255821697355259904
1255821898388312064
1255821908140007431
1255821948636008449
1255822066802020352
1255822206723977216
1255822216173727745
1255822219378225152
1255822663014060032
1255822789816332288
1255822811190394880
1255823848571678722
1255823850547236864
1255823850878562307
1255823851633602566
1255823853047083009
1255824119540658180
1255824767464112133
1255824825563611138
1255825291974455296
1255825491975700480
1255825507603677185
1255826213907697666
1255826249542483970
1255826250121216006
1255826539889020930
1255826648995225600
1255826702955163654
1255826766012338177
1255826889844891649
1255827263657881601
1255827508265660417
1255828343909502977
1255828567327297537
1255828965480005632
1255829115669790721
1255829193989988354
1255829361858666499
1255829641845256194
1255829737412452352
1255830100974632962
1255830433566203906
1255830461642936324
1255830571269468161
1255830862622535680
1255830889373880320
1255831714917765120
1255831803455291393
1255832353139720193
1255832473981902850
1255832631914172417
1255832780577046535
1255833068256079872
1255833075373748230
1255833087025590273
1255833416148213760
1255833570419105795
1255833973298790400
1255834024670609408
1255834067943251976
1255834445271240709
1255834706014330882
1255834923946127362
1255835127051161601
1255835131555860484
1255835495361327105
1255836153351110656
1255836353134309381
1255836440178552832
1255836912922906625
1255837038173192195
1255837105093136387
1255837193014312964
1255837193261559809
1255837416847441921
1255837702567743488
1255837877365288963
1255837891684634625
1255838314541854723
1255838593811017730
1255839773001908225
1255839814009737217
1255839853146669056
1255840129471655937
1255840628816203776
1255840683388264448
1255841274986467328
1255841342456037376
1255841454137782272
1255841560920555520
1255842306936233984
1255842805974523904
1255843400621973504
1255843498504466435
1255844329769353218
1255844381959086086
1255844499273777152
1255844537060163587
1255844676692738059
1255845164884557824
1255845650463371265
1255845682407182336
1255845936359780358
1255846067704340480
1255846375314591744
1255846408936132608
1255846786322903042
1255847302998249472
1255847380789989377
1255847454085390336
1255847783824842759
1255847885746302976
1255848257944772608
1255848261438435329
1255848408075681792
1255848510852943872
1255848519623196675
1255848691669360641
1255848759025639424
1255849113725394946
1255849665062490114
1255849768795815937
1255849771970879488
1255849773191491584
1255850112120578049
1255850140432240641
1255850162645282816
1255850497115815936
1255850725000781824
1255850750388760576
1255851346621796352
1255851847652446211
1255852172597702657
1255852314486865920
1255852682851553280
1255852724853366789
1255852820428992512
1255853173421404160
1255854051171823618
1255854054355267584
1255854478005342210
1255854762844721154
1255854773242380290
1255854804875665408
1255854805995491328
1255855265993363461
1255855682424733697
1255855790654664708
1255856175939301376
1255856912471486466
1255857361140490241
1255857673758748672
1255858098918457346
1255858176643260418
1255858233148833792
1255858840127578118
1255859206193926149
1255859289605849088
1255859344714891264
1255859469868826624
1255859569437233154
1255859716846170115
1255859738555842563
1255859939794472961
1255859973231382542
1255860003610615809
1255860397568974849
1255862397178384384
1255862656751284226
1255862657829212160
1255862984481452032
1255863303898828802
1255863401361870848
1255863464633008128
1255864004423098368
1255864057380302848
1255864438848135168
1255864469101649922
1255864730650099712
1255865135320780807
1255865374639177729
1255865375834558465
1255865554344251393
1255865560723869698
1255865807860629505
1255866177101811713
1255866372564881410
1255867467097935876
1255868156876328960
1255868335130116096
1255868520581206024
1255868852623335430
1255868885133385738
1255869095196520451
1255869150011944960
1255869176335536131
1255869528010964992
1255869589340270598
1255870143365857285
1255870178950340610
1255870510040219648
1255870698565894145
1255870911250497537
1255871105983791112
1255872193986203652
1255872669221826560
1255872865469161474
1255873252309831683
1255873558049218561
1255873645555130376
1255873869765894148
1255873953253425152
1255874590406070273
1255874758312374272
1255874832862007296
1255875050294689797
1255875434325180416
1255875439060549632
1255876046966132738
1255876393784750080
1255876740590776323
1255876847927062528
1255876926184534018
1255876952168300544
1255876988759400449
1255877338367025153
1255877441391902720
1255878204264534017
1255878213231767554
1255879098318106625
1255880055126781953
1255880134990667778
1255880142326554631
1255880286514089985
1255881015416860674
1255881095481974786
1255881512274153480
1255881964344823809
1255882075795677184
1255882743143190528
1255883154403086336
1255883344245555200
1255883380983504896
1255883578992402432
1255883645509726209
1255884382889340929
1255884384021835776
1255885420203773957
1255885792062259200
1255886137454780416
1255886441969856516
1255886607279894528
1255886804160569345
1255887340309897216
1255887529905016833
1255887580920377345
1255888040301662210
1255888455927828481
1255888516334202880
1255888543911743488
1255888678838251522
1255888828805664769
1255889111145082880
1255889115087765504
1255889120871755777
1255889137200136198
1255889270369398790
1255889390892732421
1255889432688726018
1255889434450460672
1255889450397241352
1255889663220486144
1255889693461250049
1255889786407190529
1255889831328190464
1255889840903647233
1255889987285004289
1255890087507828736
1255890254743166980
1255890280080912384
1255890604703338497
1255890684353097729
1255891338979139589
1255891714251927555
1255891852517146626
1255891959895527430
1255892137821995011
1255892399047483395
1255892931954737153
1255893682793873409
1255893707989147653
1255894182834638848
1255894227504041984
1255894319824728066
1255894470014504960
1255894542768902147
1255894675367645187
1255894910357565440
1255895147260383232
1255895340877742081
1255895611582234626
1255895704947634181
1255895725650608128
1255895809255768074
1255895983961051136
1255896135195144199
1255896782699192322
1255897269720801281
1255897356970733570
1255897515142131719
1255898514057543683
1255898526833274880
1255898527353495555
1255898677824098304
1255898794836836356
1255898795889487872
1255899097933869056
1255899098143584256
1255899415442669568
1255899833031954434
1255899914795704320
1255899964829556736
1255900020928393217
1255900314819072001
1255900435967119361
1255900519228477441
1255900662581407744
1255900895637835782
1255901042971160577
1255901115318546432
1255901387763810304
1255901613555933184
1255901764416659457
1255901777033146369
1255901839930937344
1255901868665892865
1255902592380657664
1255902594813374464
1255902595924856832
1255902652984164353
1255902764162482176
1255903047835942913
1255903048863567881
1255903051564670976
1255903341470720001
1255903951985217537
1255904230403178497
1255904403296526337
1255904587241926656
1255904655172870144
1255904888762052618
1255905133512265734
1255905417118527489
1255905506863939585
1255906097011068931
1255906809795219459
1255906824143998976
1255906970676191234
1255907193389486080
1255907250427879424
1255907401577844742
1255907696903163904
1255908362996326400
1255909549522980866
1255909944026632192
1255910129708433413
1255910343370555394
1255910399855202305
1255910982943113224
1255911328805462016
1255911480240857091
1255912434033778689
1255913120473767937
1255913534229221378
1255913551526576128
1255913696775204865
1255913819228057600
1255913899620282368
1255914082483478528
1255914083632717824
1255914090804981760
1255914197335994368
1255914201362513920
1255914237781827584
1255914267607543808
1255914418413723650
1255914485820395527
1255914566183157762
1255914591948689408
1255914703026520064
1255914734148366337
1255914780751167493
1255914812212744193
1255915031541284873
1255915221140426753
1255915231861108736
1255915376292093952
1255915417643646977
1255915424602099713
1255915454763347970
1255915592718131200
1255915682115448834
1255915908817616898
1255915999431462912
1255916135725359116
1255916178347888642
1255916370195124226
1255916406819954688
1255916438050635776
1255916462272724992
1255916478316064769
1255916487212240897
1255916637930151938
1255916821888327681
1255916944521379840
1255917052231122946
1255917073747922944
1255917082048368640
1255917121386819584
1255917144602292224
1255917409183113222
1255917456473952256
1255917584882565129
1255917645855162369
1255917727463530496
1255917777623400451
1255917842094002177
1255918156184420355
1255918542437875712
1255918592798994434
1255918705755729921
1255918726358028288
1255918853080576003
1255919650115854337
1255919707179421696
1255919993646088193
1255920102995660802
1255920304272166915
1255920352926093314
1255920538096144385
1255920538092032000
1255920692907986948
1255920828849573888
1255921015835643908
1255921083468836864
1255921171838763008
1255921242349006849
1255921264667099139
1255921661939003392
1255921885315031043
1255921995159613441
1255922052822859779
1255922248843591680
1255922255458009088
1255922305328349185
1255922338924843008
1255923340901969920
1255923416965808130
1255923629377769477
1255923817492307971
1255923843115384834
1255923882311086081
1255923915357958144
1255924006663761920
1255924390505656323
1255924676133519367
1255925014114832384
1255925181991837705
1255925363076665355
1255925412099694592
1255925560494247936
1255925875419287554
1255926040708308992
1255926155917606914
1255926296405778438
1255926321307422720
1255926493454229505
1255926562245021696
1255926621095198722
1255926650434453509
1255926671607283712
1255926691123417088
1255926691257561093
1255926708928237568
1255926730356936706
1255926835415863299
1255926835612975106
1255926908979752961
1255926955272257537
1255927089418518528
1255927094498000897
1255927127410532352
1255927248978432010
1255927256846827526
1255927282830577664
1255927377097613312
1255927392935141377
1255927395133149184
1255927425176875011
1255927459343732738
1255927480776622081
1255927542084747270
1255927664797290501
1255927857479630848
1255927879226908672
1255927942539997184
1255927980779544579
1255928089080729600
1255928108806549516
1255928115005665281
1255928126200258562
1255928206038691841
1255928255594430464
1255928335244226560
1255928355750318087
1255928440261394434
1255928529801424896
1255928538294870016
1255928538982645760
1255928578019074049
1255928590560083969
1255928607437971464
1255928624521379841
1255928624827555840
1255928713624956928
1255928869376401409
1255928943934390272
1255928987018199043
1255929011387146242
1255929023118692353
1255929085974515714
1255929129624580102
1255929145478901768
1255929157701242880
1255929207529639936
1255929216421392384
1255929232485683201
1255929238084968449
1255929321463611393
1255929364816019456
1255929422089031680
1255929429668311040
1255929443761217542
1255929472689242112
1255929547473723395
1255929627127603200
1255929632576151553
1255929702071578627
1255929815280037888
1255929819667116032
1255929899669426179
1255929924193447936
1255930022654889985
1255930035254579201
1255930072017616896
1255930093270110212
1255930151830876160
1255930169036062720
1255930177571315713
1255930185804926976
1255930189328105473
1255930194696822785
1255930221116735489
1255930222689619969
1255930375773343745
1255930377518092290
1255930473659854850
1255930582858694656
1255930774978691075
1255931305428168706
1255931541068414983
1255931669556670472
1255931891796058114
1255931956925063168
1255932028517744646
1255932211070734339
1255932285746118657
1255932324383866880
1255932660553338883
1255932702064328705
1255933096425332741
1255933313350598657
1255933362189066245
1255933369348689921
1255933634621693954
1255933703924051968
1255933796165222401
1255934371988725762
1255934397246660608
1255934501932449795
1255934514045415424
1255934685592633344
1255935020998504448
1255935193854214144
1255935194382688257
1255935264494624768
1255935364830760972
1255935370707046406
1255935437912276992
1255935869653000193
1255936158749646853
1255936326811160577
1255936488547725312
1255937745572126720
1255937766631841794
1255937902099550209
1255938492057731074
1255938678041513984
1255938732584296448
1255939002303217671
1255939185376202753
1255939249804840962
1255939405166018563
1255939409377136642
1255939490134110208
1255939510052909056
1255939577237458950
1255939581335273480
1255939722515537922
1255939837581918208
1255940001285562369
1255940290197827591
1255940568774873089
1255940989476392963
1255941158032867329
1255941159429562372
1255941441953697793
1255941988895068160
1255942003982045187
1255942093958234115
1255942153810989059
1255942256915349504
1255942420405071872
1255942777579491328
1255942878465011729
1255942903081336832
1255942977861464066
1255943394096005121
1255943573486186497
1255943930278969344
1255943941993762816
1255943978299637760
1255944018166337536
1255944022054432768
1255944023107235841
1255944338380599303
1255944430051180544
1255944814543155203
1255945092944330752
1255945360066744320
1255946110281154561
1255946441517916168
1255946651287597060
1255947391137546240
1255947702250156035
1255947820353425410
1255947924585852928
1255947978281377792
1255948144774447109
1255948365143191558
1255948773949345798
1255948891972931584
1255948912583675906
1255949014991867904
1255949293611073542
1255949731215355904
1255950333714579456
1255950382200770560
1255950544948125696
1255950591349661696
1255950616490151936
1255950617933201410
1255950628100231168
1255950736518774785
1255951073061158912
1255951181530177538
1255951246726516741
1255951375617294336
1255951892095565829
1255951980226199553
1255952004074987520
1255952048815771650
1255952328332632069
1255952717740113926
1255952897902346240
1255953458663841793
1255953463671914500
1255953552960303111
1255953714843705345
1255953858913763329
1255954264108736513
1255954391800127489
1255955435993079809
1255955553571962883
1255955656718327809
1255955658135887872
1255956500192821249
1255956505452478464
1255956637103210496
1255956907669573632
1255957062929903616
1255957315607461888
1255957478279282688
1255958041196978178
1255958304913670146
1255958334630477826
1255958695583809543
1255958740064321543
1255958909254348800
1255959125780987921
1255959315518799872
1255959536235577346
1255959553469972484
1255959706398609409
1255959905141481477
1255960021562687490
1255960233056190464
1255960425834971140
1255960614880579584
1255960717401952262
1255961412423294976
1255961584817639424
1255962361250398208
1255962582176980992
1255962770006212611
1255962946741702656
1255963038433202176
1255963049036570630
1255963137246978050
1255963270722187266
1255963690328825858
1255963899741917184
1255963962933420033
1255964491424071682
1255964637012557826
1255964704381550592
1255965120418676736
1255965861262905345
1255965979936522241
1255966097976762368
1255966192625467392
1255966613419024385
1255966697762193408
1255966722030526465
1255966867858087937
1255967298210238465
1255967472693510144
1255967998332022789
1255968403954847744
1255968484590325760
1255968672222502916
1255968717969776649
1255968852623740928
1255968978679271427
1255969729572818944
1255969792055443457
1255969919415603201
1255969956631588864
1255970348740173826
1255970522556510213
1255971048740270082
1255971305796653060
1255971538341429249
1255971601394413568
1255972678676201472
1255972762700541953
1255972859551285248
1255973722407809024
1255973725654052864
1255973987877679104
1255974678822219778
1255974712498245632
1255974896762368001
1255974975221239809
1255975143177945094
1255975379208073217
1255975495604277249
1255975760164278274
1255976093829541891
1255976283797889029
1255976353117192193
1255976680272822275
1255976687088611329
1255977049547771905
1255977703204884480
1255977820888666114
1255978088929861643
1255978119397285888
1255978190356516865
1255978700912410629
1255979132095049731
1255979304195850241
1255979640251801600
1255980407234985984
1255980535316439051
1255980568875085826
1255980675318124550
1255980868516093953
1255981019796131841
1255981025542303745
1255981030214782977
1255981074158702593
1255981136779472897
1255981619422339072
1255981979935428614
1255983109121556480
1255983227329810432
1255983403951730689
1255983469567578113
1255983738992955403
1255983755480584192
1255983940399067136
1255984299914022912
1255984368780292098
1255984409087377408
1255985077923782661
1255985436591304708
1255985488181309440
1255985745493401602
1255985761930838016
1255985897700503554
1255986041820983297
1255986290140610565
1255986304069832712
1255986321061031939
1255986375905640450
1255986703208251396
1255986724401897472
1255987321373167617
1255987678899605505
1255987861079429125
1255988315402260483
1255988505056104448
1255988566590492672
1255988569480425473
1255988581916528640
1255988753144918016
1255988890227273728
1255988959781494790
1255989052047790080
1255989138203070464
1255989147950514178
1255989343841333248
1255989493611532291
1255989560099713026
1255989830598529027
1255990026808307713
1255990659695206401
1255990742625005568
1255991183672827904
1255992132877389830
1255992335495761920
1255992693764820993
1255992766129229824
1255992904419545092
1255992945188253699
1255993053959118848
1255993613227622405
1255994123124740102
1255994140476620801
1255994252435177472
1255994389312212995
1255994479330328577
1255995022220185602
1255995270602555396
1255995445144424450
1255995496155484162
1255995676380532736
1255995755954876417
1255996068849950721
1255996236835860480
1255996398115356672
1255996618760843269
1255996645189103619
1255996891550101505
1255996996978118656
1255997013721833476
1255997163336683520
1255997465309802496
1255997626413170693
1255997907574108160
1255997953531097093
1255998557674508289
1255998755477880834
1255998885815824384
1255999150384177152
1255999342097334272
1255999509009596417
1255999510112681987
1255999972157337602
1255999983658115073
1256000171160330240
1256000444243025920
1256000708920266754
1256001091084472320
1256001125397835776
1256001458270547968
1256001723572912134
1256002050607009793
1256002148094971904
1256002355595706368
1256002465251708931
1256002668146950150
1256002851991465984
1256002983483113474
1256003117247631360
1256003413881401344
1256003440121176065
1256003653187469312
1256003713120043014
1256004210442854403
1256004227232681985
1256004237353508864
1256004443209895939
1256004831954771971
1256004978428112896
1256005012263755777
1256005410164744193
1256005523146752002
1256005751706980352
1256005905616961538
1256006042837794819
1256006392349175812
1256006434573234176
1256006535341277184
1256006535517519877
1256007049252667392
1256007159650934790
1256007613071982594
1256007825911943174
1256007838079627264
1256008066304106499
1256008509314920448
1256008830556700672
1256009218412478465
1256009268395941890
1256009304123023360
1256009312247431171
1256009730394390531
1256009737944129536
1256009952939970561
1256010066215436291
1256010162919350275
1256010363440517120
1256010460488273921
1256010990690480129
1256011173935247360
1256011323663671296
1256011356882571266
1256011404768948225
1256011411416920064
1256011478450266112
1256011536079953923
1256011841299312640
1256012007662391304
1256012471741018113
1256012866278305793
1256013213147242496
1256013465833148417
1256013488713019392
1256013846407335936
1256013940175319043
1256013984412643328
1256014177132576768
1256014279725236226
1256014641576230913
1256014763169067010
1256014934447620102
1256014966320070656
1256015185245954048
1256015770204676096
1256015844347273217
1256016631127556100
1256016815127396355
1256017101484986370
1256017755523944450
1256017824268632074
1256017842299981826
1256017845634269184
1256017925535866881
1256018154624598017
1256018270202691584
1256018558670299136
1256018759623430144
1256018793177985025
1256019009205669891
1256019180194877446
1256019196997181442
1256019639445962757
1256019721851453441
1256020309590802432
1256020345519292418
1256020645294616576
1256020905957810176
1256021060400689153
1256021131783536641
1256021160690581507
1256021327552577536
1256021609837625345
1256022012578926592
1256022217256775680
1256022269278793729
1256022407879393280
1256022972088946689
1256023206932164609
1256023642292576257
1256023762295762945
1256023926418751488
1256023936296464385
1256023980735107072
1256024170984615937
1256024418909904898
1256024793016655873
1256025091554582529
1256025230507683843
1256025375651647488
1256025473227714561
1256025475769487360
1256025647304097792
1256025754158215168
1256025757228433408
1256025965706260486
1256026140797534209
1256026181129945089
1256026182216232961
1256026184875466759
1256026189514207233
1256026234083049479
1256026397610565634
1256026501100773376
1256026683553038336
1256026827136602112
1256027007726481408
1256027317857480704
1256027346043375616
1256027575882641408
1256027601648451585
1256027632845668352
1256028004045725697
1256028284569161729
1256028330056269824
1256028331792723968
1256028358191788032
1256028451925970944
1256028758215143424
1256028913005969410
1256028949546561536
1256029077846155264
1256029080622792709
1256029653552099328
1256029994490486784
1256030277404590080
1256030320337596416
1256030335810170882
1256030378583875590
1256030448247017473
1256030688953892865
1256030830377480193
1256030945905389569
1256031530826305536
1256031869470224385
1256032232612999174
1256032343460057090
1256032667021250566
1256032800685187078
1256032935595008000
1256033033242714113
1256033102629081090
1256033235928264705
1256033282229178369
1256033357042823168
1256033358116646917
1256033576656801793
1256034789146210310
1256034868057628674
1256034871064944640
1256034872033816576
1256034873015283713
1256035311928434692
1256035699901554690
1256035835440435200
1256036499981832193
1256036571825889281
1256036654885806082
1256036756312526850
1256036978811908099
1256037235889037312
1256037353266823169
1256037757727768576
1256037783438864385
1256038040117694466
1256038131595386880
1256039013405908992
1256039051699859456
1256039779910778880
1256039845895507968
1256039998157139975
1256040036820299782
1256040087273590786
1256040162011856896
1256040194861654017
1256040589243621378
1256040690288660484
1256040751269425152
1256040778104619010
1256040791446892544
1256040928940134400
1256041002621689856
1256041129339912192
1256041170125422592
1256041796838227969
1256041805801455616
1256041895937150976
1256042070017540096
1256042128825819136
1256042336926097413
1256042426868924416
1256043088671387649
1256043297245728770
1256043376593510400
1256043795076046850
1256044174027051008
1256044389958389760
1256044430513123328
1256044434703204352
1256045240500305923
1256045848158486528
1256045961048215553
1256045977686982666
1256045979767373827
1256046832884514816
1256046971393105922
1256047001575100416
1256047012342050820
1256047041467252744
1256047438860779520
1256047545580761088
1256047550987149312
1256048457166368769
1256048460681195521
1256048841645789184
1256048969681076225
1256048971836874754
1256049062312177664
1256049248312987648
1256049368588791810
1256049448859418624
1256049650039218181
1256049658230640642
1256049705022132225
1256049839655268352
1256049886040121345
1256049903798824963
1256049926854893573
1256050327087747073
1256050362278129668
1256050756190339072
1256051148601131019
1256051630450937856
1256051670892646406
1256052110598328326
1256052188377485316
1256052843351617538
1256053744359428103
1256053865339912192
1256054037985853441
1256054129027407874
1256054220404346880
1256055000368680960
1256055286143553537
1256055286982496256
1256055594634665984
1256055659637833729
1256056439354900480
1256056448737566720
1256056609652039680
1256056956114124801
1256056978255773702
1256057047264698368
1256057219981946881
1256057394682949632
1256058019403698181
1256058343585722368
1256058488557654017
1256058770339266560
1256058892745768960
1256058992830189574
1256059066620743682
1256059209835315207
1256059354702393344
1256059355520253952
1256059674274574336
1256059919603773441
1256060224957530114
1256060436681801730
1256060909832802304
1256061251538636801
1256061336703905792
1256061496712466435
1256061916633616386
1256062670509240320
1256063004409565187
1256063501187063809
1256063607177166855
1256063678383702016
1256063679507820544
1256064093364072448
1256064110359392256
1256064220464021504
1256064236020793344
1256064707460501505
1256064712413900801
1256065281333526529
1256065469208985602
1256066111113740289
1256066886569082880
1256067080790687745
1256067505539346432
1256068100228739074
1256068426080157704
1256069092173385730
1256069169545691136
1256069478154211334
1256070133346439174
1256070315681157122
1256070450339287041
1256070494442467328
1256070599538950144
1256071960297123841
1256071989728550918
1256072364762136576
1256072597076393984
1256073118810083329
1256073382463852544
1256073429524111367
1256073454211792896
1256073477070614528
1256073764535754752
1256074035810766848
1256074300186136576
1256074341177049089
1256074813195640833
1256075116909342720
1256075195300773888
1256075259809325056
1256075309981581314
1256075412767215616
1256075511027007488
1256076140093071362
1256076421828677642
1256077221388845057
1256077567167131649
1256077604416884736
1256077606597746689
1256077651724230658
1256077928305057792
1256078277631832064
1256078403091828737
1256078409240723464
1256078421135781888
1256078423430066177
1256079068287635457
1256079098247602183
1256079667121008641
1256079986185953291
1256080046273499138
1256080370308702210
1256080391624183808
1256080668448231424
1256080956433276928
1256080963060334592
