1246321577668620289
1246323062527660032
1246325537435516928
1246327272212180994
1246327570163027969
1246328596928630784
1246328748284284929
1246328749169070081
1246329133430231040
1246331605200916481
1246332936363937797
1246333768606142464
1246334178678972417
1246335954664579077
1246336815403094017
1246336922919845888
1246337016016654337
1246337956970811393
1246338975804952581
1246339341716197376
1246339515347853312
1246339718398255104
1246340675970400256
1246342535624167425
1246342536404361217
1246343057001320453
1246343915470491648
1246345168460165120
1246345234897940480
1246345359267332097
1246345602490867712
1246346199675875333
1246346239475691520
1246346515011911686
1246347157550088194
1246349779237588992
1246351232068980736
1246351819913265152
1246353283318534144
1246353901575639041
1246354597398089728
1246357757692952576
1246357904552275969
1246357988815896576
1246359023546437632
1246359625156395009
1246361480536018945
1246362355858014208
1246364815691591682
1246365237441441792
1246365516148756481
1246365517503397888
1246367581746814976
1246367743772971013
1246367867530022913
1246368923584471040
1246369058590617601
1246370002527227905
1246371397296848896
1246371931181461505
1246372614043504640
1246374153374097409
1246374562113228807
1246379012869500928
1246379574310637569
1246380415310577664
1246380777463480320
1246381784092282880
1246382071238389760
1246384380915875841
1246384782784724992
1246385084145356800
1246385151497637889
1246386107106955265
1246388221237395456
1246390032681914368
1246391856243576832
1246392543878709249
1246394871042187264
1246396821162860545
1246396825533325313
1246396864330596352
1246397708946022400
1246398154821468160
1246399636862107654
1246400969933545472
1246402055864008705
1246406727009996801
1246406866445447169
1246407223858905089
1246409027153780739
1246409986135252993
1246410307594928130
1246410850954612736
1246411504074686465
1246411996477534209
1246413068374065154
1246413494473424896
1246413671691157505
1246414478843023362
1246414928367562753
1246415994207252481
1246416135404294145
1246417414847369216
1246417920701468672
1246418993113677824
1246420261152477184
1246421530390732800
1246423558554882051
1246424052970983425
1246424730900496384
1246424769454583808
1246424945518948352
1246425314307256320
1246426087627927554
1246426384412614656
1246426575890939904
1246426635987038208
1246427325773893634
1246427836807872512
1246428381517938689
1246428696292012033
1246429099289174018
1246429741550391298
1246430105926160384
1246430304631500801
1246430361552330756
1246430364601638913
1246430681883869184
1246431269149224960
1246431930255577089
1246432116520386560
1246432204068212738
1246432272590548993
1246432885017640961
1246433126374674436
1246433336928722944
1246433504944099329
1246433987876315136
1246434401870909441
1246436016686338050
1246436810374311936
1246436833782714369
1246437282556624900
1246437604863758336
1246437652922093570
1246438150500691968
1246438987113336844
1246439688560394241
1246439711868141568
1246439795741667328
1246439898623569922
1246440449000251395
1246440900278071298
1246440974185902080
1246441149402951680
1246441701977337856
1246442235987668993
1246442555056717824
1246442745033441285
1246443498372583424
1246444614808145923
1246444733339242496
1246444887945416705
1246445782716289024
1246445879227269122
1246446040930234370
1246446325639626757
1246447315117899777
1246447909291376640
1246447947874697216
1246448153781571585
1246448411022327808
1246448971129786369
1246449227544309762
1246449816911187975
1246449879964147713
1246450070851129346
1246450337722118144
1246451968542945280
1246452736842969089
1246453383617282048
1246454918392750080
1246455107144896512
1246455443683037185
1246455774513188865
1246455896122802176
1246456047121731585
1246456109147262976
1246456821923094528
1246456906996211713
1246457962132111361
1246458850062086146
1246459060347518977
1246459806820339713
1246460008318922752
1246461150545334272
1246461566670843905
1246462296613928960
1246462738169245696
1246462869442445314
1246463057833996293
1246463167884079105
1246463590623858689
1246464096704184325
1246464215625465856
1246464416146755586
1246464524775051264
1246464753477849096
1246464879378169857
1246464978049171457
1246465038015234048
1246465202524246019
1246465367297404930
1246465560373673989
1246465721187647488
1246467031622455296
1246467377115602944
1246467624311164931
1246467741986377729
1246468028285489153
1246468047340212231
1246468057012342785
1246469320554745859
1246469386384232450
1246469404138729472
1246469498154041345
1246469715196862466
1246470922338553856
1246471665464287238
1246472460792401931
1246473086062350336
1246473867251421185
1246474439610556417
1246474685728149505
1246474839935930368
1246474890842177536
1246475694265249794
1246476117579649024
1246476181798408192
1246476943945539585
1246477702149877762
1246477772429463552
1246477957453021184
1246478347191881728
1246478460018712576
1246478664650436614
1246479516052176898
1246479620737826816
1246479978507755520
1246480223409000448
1246480602276212737
1246480737391595522
1246480967948173317
1246481243845398532
1246481496451493888
1246482256383881219
1246482331675877378
1246482817795739648
1246483014336602112
1246483051300954113
1246483274781937664
1246483599588823043
1246483712318955520
1246483774248030208
1246483814387535872
1246483981341798400
1246484004385193985
1246484058407927809
1246484826884132866
1246484916113735681
1246485291784953859
1246485519699267586
1246485734351147009
1246485806170222592
1246486257322033152
1246486809388826625
1246487308708298752
1246487845700874240
1246488067764105224
1246488153759690752
1246488508749033472
1246488539807846401
1246488885414117376
1246488991823790080
1246489554124705798
1246489777022664706
1246489781313421317
1246490342746198017
1246490479929307138
1246490540679585796
1246490886285840385
1246490927033733120
1246491105270644743
1246491299261407232
1246492069830500354
1246492830090039296
1246492857835364353
1246493690022858752
1246494328370978818
1246495021689450497
1246495022280826880
1246495291626455040
1246495721060208645
1246496051361648641
1246496479918936068
1246496542795628545
1246496576442425344
1246497110729596928
1246497685999214593
1246498213978353670
1246498564680933378
1246498660965367810
1246498912078303233
1246498956898635776
1246499197513281539
1246499246754463746
1246499479471230976
1246499532063551488
1246500348208074754
1246500529280372743
1246501683854577664
1246502231253319681
1246502905236140033
1246504358319194117
1246504493442834435
1246504495250427904
1246505406186360834
1246505623354777608
1246505805760823298
1246505880906072065
1246506049445781506
1246506400743915527
1246506638581944341
1246506737437417473
1246507001179488257
1246507050537906176
1246507396639469574
1246507464348110849
1246507886378913798
1246508913228382210
1246509674465234946
1246510320132202497
1246510410594955266
1246510434787758081
1246510967405580288
1246511206745194496
1246511765413912578
1246511973384302594
1246512044075036673
1246512731039117314
1246513079816310784
1246513760531025921
1246514248659984385
1246514632644349952
1246514876232671233
1246515737902055425
1246515766997987328
1246515846513598465
1246515979225620483
1246516528335519746
1246516806216532032
1246516986445791233
1246517157254631425
1246517289551355904
1246517539871567872
1246517689285214216
1246517717164851201
1246518049714438146
1246518527932215298
1246518807767719941
1246519499647565824
1246519566009872387
1246520332141420544
1246521090651889664
1246521628038696961
1246522225550938114
1246522320098902022
1246523841079382016
1246525545522892800
1246525565764546560
1246525769972580352
1246526312325529601
1246526658623889408
1246526843462791168
1246526917731332097
1246527127006175233
1246527141157711872
1246527166046765057
1246527234485161984
1246527679022739458
1246527736706785280
1246527801525755910
1246528091733790720
1246528623487655937
1246529100187041793
1246529308736262151
1246529418878685193
1246529424306180096
1246530037022629894
1246530210318647298
1246530843222384641
1246530870841917442
1246530995379200005
1246531498049769472
1246531566274326529
1246531637455749121
1246531908210757632
1246532132924686336
1246532631979835393
1246533075187765250
1246533675346427906
1246533933120004102
1246533970520571910
1246535239503134721
1246535484983173128
1246538092267343873
1246538847661547521
1246540012872663043
1246540392251752449
1246540713938038787
1246540816543293441
1246541376461963272
1246542480834691073
1246542693653766145
1246542860784148483
1246543081547149312
1246543547920265221
1246544375389265921
1246544565563207680
1246544691710939136
1246545635198697472
1246546017681649666
1246546599699980291
1246546973294903296
1246547977285644295
1246548762203500547
1246548967518687234
1246549666751184896
1246550617893621760
1246551577541914625
1246551697759121409
1246553976008515592
1246554432323584007
1246554521687515138
1246554628583575552
1246555535635292161
1246555631135248384
1246557923746017282
1246558316588826624
1246559437415952387
1246559888991498244
1246559973917822981
1246560105182760964
1246560149956972551
1246561635759722496
1246561870397558784
1246561986927714304
1246562283360321536
1246563438295486464
1246563601164484611
1246563775253229568
1246564690077106176
1246565145414942722
1246565885986451462
1246565920010407936
1246567059292672006
1246567198790991875
1246567581655465993
1246568461062594564
1246568632567676929
1246568818715037702
1246569167647539202
1246570460189536257
1246570693241769984
1246570835101364224
1246570961090084865
1246572634147438592
1246573763539488775
1246574084076568577
1246574574436786178
1246575418192297994
1246575926722297856
1246576435525046273
1246576455678668802
1246577051383083008
1246577173852491778
1246577186183806977
1246577399149613056
1246577421949833217
1246577451062497280
1246577612010512390
1246577674761330688
1246577830999339009
1246577958166331392
1246578466268549123
1246578727636668416
1246578850064187397
1246578975243153408
1246579483727081472
1246579991862824960
1246580160091967488
1246581008440442881
1246581331825491969
1246581782964776962
1246582223505174529
1246582733809336326
1246584002896691201
1246584510742966272
1246584711440486400
1246585019516289032
1246585141302091776
1246585527215755266
1246585924370259968
1246587394444464129
1246587903234445313
1246587958754455554
1246588562285395968
1246588975562797057
1246589129317638150
1246589146291933189
1246589262222569477
1246589323895504896
1246589666058534917
1246591487007248391
1246591770198249475
1246592123031388161
1246592930258845696
1246594200423911424
1246595217748365313
1246595876149170176
1246595886815293443
1246596423191322624
1246596564656762882
1246596954903252993
1246597747106603017
1246599971769438208
1246600245976465409
1246601504632471552
1246602152300154881
1246602381380501504
1246604577715224577
1246604675635437570
1246605699989360643
1246606207743397888
1246606717888200705
1246606868056850432
1246606886679576577
1246606957261324288
1246607737393381378
1246608246137393152
1246608472881364992
1246608753736257537
1246609261381193734
1246609770422951936
1246609894716956672
1246610278625816578
1246610301744828416
1246611295358590977
1246611342888443904
1246612205149327366
1246612582104018945
1246613089572847625
1246613786460446721
1246613934301425664
1246614271074668545
1246614307753938945
1246614688089112578
1246614780028297216
1246615222586159122
1246615243419238402
1246615287727824896
1246615647943000070
1246615794831822849
1246617513007480832
1246618020639891456
1246620235291074562
1246620268052824064
1246621706149597184
1246621716769579009
1246623713698734082
1246623813044973568
1246623816190738432
1246624693836275714
1246625263967928320
1246625648904482816
1246626497391218689
1246626686025818118
1246627010069356545
1246628161233666048
1246628970881331202
1246629442312720389
1246629472113221634
1246631191748493312
1246631251571859456
1246631936354848768
1246631942646312960
1246632791380357120
1246632904689700866
1246633282843955201
1246634298062454784
1246634778805313536
1246634863886831616
1246635083425107968
1246639395370725376
1246639678918479872
1246641788917624832
1246642436153147394
1246642793092657152
1246643538743435265
1246643965316587520
1246644782195191813
1246644960952229889
1246645393389166593
1246645511316258824
1246646262226661376
1246646289141362690
1246647068262875136
1246647466625286144
1246647515039944705
1246647969434214402
1246648109335293952
1246649513978351616
1246649914559311872
1246651892303790080
1246652019932200960
1246652474875875334
1246652642820063232
1246652735799341057
1246653274578538496
1246657055521247233
1246657200648523778
1246659257195319296
1246660130629996544
1246660518934392832
1246660866529001472
1246661325595357184
1246662347617337344
1246662571937103872
1246666531007799296
1246669510322593793
1246669533542100994
1246669919753777153
1246670341792989184
1246672883159642112
1246673131223293952
1246674296895873024
1246677145973411841
1246679239933472768
1246680835673055232
1246681087511691266
1246681348078809089
1246681410112565248
1246681914456649728
1246683094700232704
1246686432330219520
1246686576555577344
1246687138005102592
1246688053822992384
1246689335845535744
1246695968483028992
