1254251825429196802
1254251907096424448
1254252187888357378
1254252637781987328
1254252658359140353
1254253638651793409
1254253993519222784
1254254014868357121
1254254190404210688
1254254528410669056
1254254777384480769
1254255109720158218
1254255210244923393
1254255220441272320
1254255397487218695
1254255577418645510
1254256007519375363
1254256296808734720
1254256307135115271
1254256840260505600
1254257157219942401
1254257661303980032
1254257708380811264
1254257952208367624
1254258070588456961
1254258143342653440
1254258158001729537
1254258178348527618
1254258318366978049
1254259138189811717
1254259452200484864
1254264591070244867
1254265024664809474
1254265201618071552
1254265367502794753
1254265936325959681
1254265950259548165
1254266103884156928
1254266286361714691
1254266460366659584
1254266736230248449
1254267024328531973
1254267083174494209
1254267400171782151
1254267450511831041
1254267449970753538
1254267875394826241
1254267937218756608
1254269302716403715
1254269377328885762
1254270038569299973
1254270328643244032
1254270699302256640
1254270762644647936
1254270871797223424
1254270979863347202
1254272143598202883
1254272182512910337
1254272682667003904
1254278766966128641
1254279717701718017
1254280303532621824
1254280304556011520
1254280307236208640
1254280360063623168
1254280801652543495
1254281436347215872
1254281478915207171
1254281561790394368
1254282208879181828
1254282380908560384
1254282478375837700
1254282548898934785
1254282660710682624
1254282908153663488
1254283094607134722
1254283660448022528
1254284070512664577
1254284306668814337
1254284853509591045
1254286167060525058
1254286279757500417
1254286357838651395
1254286607072604161
1254286710994862085
1254291891111309313
1254292623449296896
1254292659440693249
1254292886268542976
1254293354705227776
1254293699988725760
1254293953018544128
1254294413397934080
1254294526593847297
1254295170712993792
1254295276786839552
1254295278829502464
1254296293159002113
1254296757036515331
1254296909478596610
1254296972019724290
1254297598539808768
1254298642825072647
1254299667720011777
1254300059790786560
1254300378679644160
1254300450100215808
1254300467368284165
1254300582615158785
1254306613386596353
1254306679925006337
1254307139100819457
1254307340397850624
1254308206463107074
1254308350294208512
1254308443466465280
1254308862490030080
1254308886628249601
1254309214375358464
1254309691921924096
1254309944431697920
1254310079689420802
1254310378680401921
1254310378734891008
1254310504186535936
1254310740351049729
1254310778125107201
1254310870131388418
1254310875860815879
1254311103145877504
1254311528880394241
1254311605610975232
1254311618717954051
1254312974199775233
1254318891913838592
1254319013225803776
1254319517615960065
1254319771983675392
1254319943731957761
1254320020999397377
1254320506871992320
1254320573905338368
1254320742617034752
1254321044724289537
1254322091635195911
1254322100363497472
1254322440857161728
1254323088583544837
1254323214240509953
1254323350173876224
1254324166565810177
1254325111848460288
1254325117582282752
1254325131272261632
1254325224033542151
1254325224410976259
1254325225115680770
1254325225514098690
1254325226113888257
1254325226550128641
1254325470642024449
1254325773537861634
1254325940886347776
1254331895996809216
1254332337795497984
1254333091759288323
1254333147887460353
1254333472878944256
1254333838223966210
1254333999222325248
1254334636504817664
1254334878159638530
1254335113590190080
1254335638272380930
1254335706006241280
1254335776197926913
1254337105708236802
1254337388555448320
1254338144247459840
1254338168771366912
1254338309595119616
1254338504324050944
1254343983808970753
1254344041212317696
1254344042722160640
1254344651697512450
1254344680973746176
1254344871491575813
1254345401500446724
1254346265011392512
1254346291443884040
1254346407428882434
1254346640586092545
1254346774052921345
1254346912737701888
1254347363268821003
1254347400099045377
1254347434693660672
1254347461684080640
1254348130507804672
1254348784181678082
1254349736116551681
1254349779926016002
1254349807067336704
1254349892283138049
1254349912378089472
1254350540554883072
1254350682284527616
1254350957741301761
1254356296112975873
1254356432389943296
1254356740260462599
1254356769180188683
1254356928517541889
1254357126203551744
1254357142297026560
1254357270500171777
1254357482534772737
1254357972203065344
1254358251799527424
1254358265129025536
1254358326936326144
1254358698182336513
1254359116014813184
1254359135480659968
1254359220838969347
1254360000174030850
1254360026053070849
1254360027831263232
1254360130168258562
1254360277916794881
1254360836514201606
1254361655754084352
1254361733097029632
1254362140720328704
1254362236841123840
1254362469625139200
1254362511098482690
1254362775306059778
1254363128223150082
1254368196850618368
1254368487675498496
1254368957303345153
1254369078300598272
1254369399156269056
1254369675779194881
1254369897250840576
1254369898349780992
1254369980247932930
1254370203338670080
1254370538908049408
1254370721716936704
1254371431867191296
1254371500892667905
1254371921778491394
1254372204357185538
1254372340617506818
1254372379117203457
1254372396926033920
1254372773813764098
1254372954332434432
1254372971185143811
1254373310512738306
1254373888873488384
1254373954132815872
1254378935049162753
1254379481931952128
1254379806831116289
1254379897356791808
1254379950611795968
1254380069071527936
1254380439411855362
1254380548258234368
1254380593518792711
1254380827439271937
1254381237671772163
1254381356429316097
1254381430437580801
1254382320070676480
1254382421014974464
1254382751085723658
1254382886804951041
1254383319611060225
1254383365509255168
1254383460992589824
1254388036974137346
1254388326280257542
1254388388167385088
1254388414201368576
1254388765528858624
1254388783933321216
1254389042709327877
1254390285477588994
1254391043245604864
1254391128708780033
1254391254831546368
1254391267406098432
1254391274674798592
1254391618909736960
1254396861168996352
1254398344832614401
1254398697493934085
1254398718318649344
1254398745967386625
1254398945071153153
1254399238882066432
1254399318385197058
1254399842648051713
1254399871571771392
1254399960772042753
1254400090678022145
1254400091814686720
1254400219690618880
1254400220743360512
1254400370572492800
1254400443289088000
1254400644875722752
1254401001399783424
1254401092307177473
1254401127568879617
1254401239892271105
1254405912493727746
1254406126537408518
1254406163254382593
1254406173975089154
1254406264110620673
1254406524866191360
1254407459659288576
1254407570430795777
1254407729415884805
1254407811603345408
1254407941400129537
1254408474198528002
1254409004912193538
1254409353207132161
1254409540847755265
1254409687170236416
1254409799711764481
1254409909514448902
1254410014606757888
1254415228537839616
1254415307516579842
1254415320258719745
1254415320346849280
1254415431122726912
1254415807637000195
1254415924179976194
1254415999677403137
1254416191377993729
1254416311318446080
1254416713015267328
1254417043727802368
1254417101839896583
1254417207892807681
1254417357709225986
1254417380874354688
1254417492769935366
1254417556850515969
1254417668473606146
1254417955502329857
1254418181747281922
1254418557812817922
1254418609650257923
1254418793318801408
1254419048605126656
1254419096436969473
1254423577937543168
1254423675815759873
1254423751728365569
1254423780954423296
1254424497379250176
1254424553117417483
1254424616027774976
1254424828620140546
1254424878083702785
1254425241557831683
1254425601789829120
1254425798691426307
1254425897429536770
1254426036856672260
1254426053960966144
1254426179794321408
1254426238657200129
1254426385218785283
1254426757182218240
1254427086216986627
1254427223240499200
1254427399229497353
1254427609825492993
1254427651160358914
1254431201399648261
1254431267837358085
1254431385760280577
1254431431721472000
1254432345324748800
1254432346184593410
1254432388660092928
1254432667141050374
1254434298788220929
1254434501486358528
1254434518603378688
1254434632147169280
1254434806135480323
1254435305303814144
1254435831336615938
1254435931945345033
1254436136253943808
1254436208605712384
1254436349802930181
1254436351702941699
1254436454555684865
1254436467289415685
1254436523564507137
1254436711238524928
1254436712425459713
1254443131333795843
1254443195745927172
1254443233414754304
1254443792532418572
1254443930520821761
1254444138742849538
1254444539206684673
1254444633234513922
1254444736359915521
1254445126220492803
1254445170826907648
1254445650491531265
1254445651368148992
1254445653171646464
1254445758855573504
1254446089291390978
1254446329293688832
1254446399069945857
1254446643568664577
1254446650115964928
1254446698899951616
1254446752998084609
1254447051187859463
1254447242225889282
1254447441140727809
1254447528952676353
1254447537764909057
1254452382320201729
1254452402339659777
1254452508157636608
1254452698927247360
1254452947452170240
1254453425988947973
1254453455302918144
1254453611301609473
1254453690959753218
1254453815774007299
1254454680874147840
1254454918447919105
1254455108571664384
1254455358891929608
1254455472633102342
1254456047105978369
1254456100608520193
1254456101623431168
1254456106946113536
1254456140123049984
1254456209891082241
1254456211128410113
1254456213896650752
1254456249057501187
1254456429316124677
1254456433728540672
1254456546630815751
1254456620551036934
1254461301666877440
1254461389722259458
1254462044260032512
1254463113409122304
1254463211107016704
1254463447602995201
1254463906791251968
1254463994846478337
1254464019609587712
1254464334631034883
1254464334652043265
1254464389698093057
1254464401308110849
1254464561215950848
1254464733782163461
1254464800664379392
1254464956235481090
1254464980675592194
1254464985641746437
1254464998354513921
1254465306640224257
1254469903936978946
1254470150084079616
1254470526308724736
1254470600531283968
1254470818160971777
1254470819259932673
1254471068007481347
1254471276867006469
1254471422811885568
1254471568769421312
1254471707852767232
1254471833367252994
1254471853982261249
1254472027324534790
1254472399564783616
1254472636261978113
1254472719447527425
1254472721666387969
1254472748153348096
1254473033659461632
1254473393803530241
1254473438607089665
1254473542005129219
1254473611643142144
1254473832678731776
1254473834587193344
1254473836294275073
1254473931597262848
1254473932918456332
1254473936089341953
1254474016456347653
1254474019077787648
1254474022810718210
1254474062174261256
1254474107778891779
1254474159788302338
1254474161545777154
1254474162539814919
1254474165966573573
1254478632648654853
1254478680488886277
1254478822222622722
1254479019971674112
1254479179262963714
1254480127762849794
1254480247623426048
1254480276836831232
1254480735458729988
1254480905726390272
1254481391204663301
1254481645282918403
1254481657308078080
1254481958463139840
1254482024586510339
1254482109378502668
1254482252026843145
1254482770195214336
1254487550657470465
1254487568885977088
1254488149566382083
1254488177148071944
1254488377182818305
1254488603629142016
1254488923062984704
1254489023504097281
1254489193738362888
1254489322599976960
1254489547804680193
1254489601252773888
1254489741120151552
1254490187578531840
1254490256512094208
1254490504902868996
1254490565040836614
1254491340009766912
1254491833788502017
1254491928797863938
1254492114890756099
1254496702528094212
1254496961505435648
1254496986528722945
1254496992207798273
1254497130179420160
1254497206679351296
1254497265290489856
1254497569427935237
1254497907656593415
1254497918641291264
1254498060958339072
1254498523640475650
1254499001803702272
1254499014529232896
1254499261791842311
1254499383397109760
1254499883437916160
1254499975196803074
1254500311659503616
1254500556812570624
1254500640534880256
1254500742179758080
1254501053111980038
1254501101413502978
1254501355021955072
1254505762702766080
1254505822928994308
1254505878432051200
1254505908073365504
1254505937236299780
1254506016022159362
1254506093243445254
1254506134620246018
1254506162038415361
1254506185719496711
1254506186990370822
1254506332146798594
1254506419841196032
1254506818220560385
1254506834817245184
1254506986961600512
1254507155518099457
1254507292080422912
1254507419100606464
1254507464470429696
1254507533651361792
1254507615444512773
1254507759573389312
1254507877894459392
1254507921972609026
1254508190286430211
1254508525528788993
1254508607741341696
1254508664951537668
1254508876226916352
1254508985631281155
1254508995085103105
1254509008997822464
1254509211033231366
1254509220025769986
1254509291622535169
1254509537060704259
1254510596613115904
1254515148380872707
1254515174037315584
1254515377725456384
1254515553642975232
1254515616029052931
1254515752943661056
1254515935202902019
1254515979016642561
1254516002018209796
1254516324618952705
1254516325357162497
1254516654400311297
1254516655360749569
1254516661161517056
1254516661190832128
1254516953651253250
1254516963554078720
1254517521849483268
1254517977707233281
1254518269718847488
1254518328086851585
1254518417773584384
1254518450241839104
1254518603216556033
1254519002820341760
1254519252305891328
1254519255795712001
1254519294576082944
1254519324108349441
1254519390311190532
1254519430421282823
1254519604791123969
1254524272481120256
1254524314470232064
1254524403750182913
1254524419512262656
1254524506523107328
1254524600349753344
1254526037909798912
1254527118547050496
1254527153728880645
1254527185433456642
1254527185961934848
1254527204786081793
1254527307210870784
1254527365327224835
1254527523884396545
1254527652515524608
1254527708178059264
1254527971496464386
1254527971840442369
1254527972377231363
1254528100450402304
1254528458727645184
1254528549022830592
1254528620678262784
1254528811850436610
1254533706355740679
1254533845283733507
1254534316719308800
1254534351603318785
1254534486638956548
1254534899396235265
1254534944556187648
1254535105105682432
1254535106179428353
1254535304121331719
1254535316628623361
1254535893160996867
1254536766712942595
1254537620014669824
1254537710079000577
1254537849355087873
1254537931274018818
1254542791830634502
1254542962416971776
1254543048299565056
1254543685137698817
1254543865463427079
1254544056320917504
1254544154161565699
1254544238634831874
1254544414581522432
1254544850717982722
1254544994788130822
1254545679164346368
1254545727025491976
1254546206677766145
1254546639353712641
1254546703979622400
1254546785995051013
1254546898783997953
1254546926009307139
1254547019462520844
1254552546686971905
1254552555914293248
1254552765113778176
1254553212515909633
1254553338877825025
1254553995408019458
1254554162886565890
1254554560560947200
1254554714852687874
1254554800932311040
1254554869941354503
1254555018541350915
1254555099625598979
1254555364462387200
1254555462751653889
1254555463913439234
1254555466149105667
1254555467386433536
1254555502979223560
1254555533836779527
1254555897130450947
1254555910225178628
1254555944014446592
1254556449654652929
1254556526104231941
1254556831286005767
1254556931882192899
1254557233146400769
1254557519998902273
1254557598864588804
1254557729886285830
1254557825390596099
1254558008928956419
1254562792809455622
1254563204962934787
1254563388128190466
1254563846716559361
1254564133376274433
1254564241555759104
1254564444798988288
1254564687922049024
1254564801453469696
1254564848039538688
1254564923910361088
1254564930633609216
1254565417764487168
1254565506041831429
1254565935635021824
1254566061304713216
1254566165738917891
1254566409624932353
1254566689456472066
1254566873204752384
1254566992629174274
1254567098992467968
1254567697473351681
1254567852713095169
1254567936213127168
1254568127528042497
1254568295203835905
1254568375214395392
1254568618681004032
1254568658220617730
1254573627686580224
1254573805353209866
1254574498201784325
1254574536973905920
1254574684244303873
1254574915308658689
1254575351226871808
1254575442843090944
1254575580047192066
1254575679108243457
1254575818866556928
1254575910541570049
1254576317451980801
1254576407126003712
1254576803357896705
1254577593631887360
1254577758581252096
1254577780777418752
1254578086462488577
1254578149192581121
1254578826811588610
1254579173156360192
1254579784925032448
1254579904298926080
1254579905418805248
1254579906446364672
1254579908464050177
1254579909608931329
1254580188656087041
1254580426124992513
1254580439509094402
1254580566193733632
1254586174443794432
1254586194337255426
1254586198959386625
1254586462005276672
1254586537758658560
1254587183752712192
1254587327516565513
1254587341966098432
1254587758443671553
1254587849283760134
1254589045222637568
1254589186801143809
1254589847735500801
1254589870363770880
1254589883693350913
1254590337676435456
1254590378763788288
1254590602483826689
1254590692661264385
1254590921674539008
1254591932443119616
1254591968354672640
1254592023040008193
1254592292322607105
1254592395527761920
1254592477513674757
1254592688512471041
1254592887825879040
1254593337941770242
1254593368648118273
1254593419932053504
1254593431273238529
1254593454342049792
1254598914734297090
1254598955784118272
1254599004953784320
1254599099241857025
1254599669646229506
1254599818799837184
1254600120814858241
1254600245696180227
1254600474508103682
1254600483362213891
1254600685666144257
1254600769224892416
1254600906085187585
1254600914675077121
1254601464128954370
1254601826860752897
1254602423638712320
1254602615842889729
1254603166936694785
1254603315641495552
1254603405231820801
1254603451046203393
1254603567614144513
1254604451924463616
1254605337174384641
1254605465163530241
1254605474391101442
1254605569157185544
1254605772908048384
1254605810522640384
1254606019705155585
1254606109186207744
1254607019899793408
1254607166033592321
1254607266516533249
1254607413451329536
1254613202970841090
1254613358092996608
1254613472438095873
1254613996667363328
1254614563602956290
1254615167955959813
1254615271215693825
1254615631036637185
1254616016820277248
1254616409654439936
1254616582795354113
1254616741902200832
1254616773082484736
1254616774877655040
1254616887926939656
1254616988233719808
1254617103614820358
1254617693317201920
1254617767053004802
1254618028555137028
1254618033605074947
1254618043684139010
1254618281568165889
1254618447264301056
1254618530248622082
1254618665695281153
1254618707202052096
1254619227304189952
1254619279439400961
1254619381604265985
1254619405608194049
1254619456585846785
1254619621031841800
1254619743690133504
1254619842147213313
1254620212072153090
1254620585218490368
1254621099704438786
1254621151617146881
1254626720260542465
1254627302253776896
1254628388322586632
1254628650105933828
1254629329725788166
1254629617744388096
1254629735021199360
1254629913178648577
1254630177587499009
1254630274438066177
