1245601028700917761
1245601275208593408
1245606464191746057
1245609420693729285
1245609883799416833
1245609985041563648
1245611655393734656
1245612274443644928
1245614542643576832
1245617861474697216
1245618316418248704
1245620182665445376
1245620829376802816
1245621627439599616
1245624696738996227
1245624876276174849
1245625378581778432
1245625723886264328
1245627859319672834
1245628944893620224
1245629393096986627
1245630354674728960
1245631298099539969
1245631769732210690
1245632691329830914
1245635048352538630
1245636304244629505
1245637019444736001
1245637394604257282
1245638082365288448
1245639855524024320
1245640363584278530
1245640393506476034
1245640831223992327
1245642223082852352
1245645347260477440
1245645529133936640
1245645792280317954
1245645825763491840
1245647532203462657
1245647707974160385
1245647739418841088
1245649251855560706
1245650047263322114
1245650511300161539
1245650566363021312
1245652179651670017
1245653732768940037
1245655341603254274
1245657905614872577
1245658026234667011
1245658820300255232
1245659234173239299
1245659977022181376
1245661401231704064
1245662268324372480
1245663147609985024
1245663267957211138
1245664051960729600
1245664825981784064
1245664890339168256
1245669137889652736
1245669190796787712
1245670358176407552
1245671666354700288
1245673995065851907
1245675161984159744
1245675917290004481
1245675919429132288
1245677562971459592
1245677685524836352
1245677806283038720
1245677895152013316
1245681212896747520
1245681274293010432
1245681502828007425
1245681793602289670
1245682011173314562
1245682146527842304
1245683856499527681
1245683899763654656
1245684611184644096
1245684823240433664
1245684884376600576
1245685419016060928
1245685458941751296
1245686085172297728
1245686175676936192
1245686288621039620
1245686535644725248
1245686734563598339
1245687496731537413
1245689220410335233
1245689378564902912
1245689456750989313
1245689692365996032
1245689841242845185
1245690092070584320
1245691852742746119
1245692882452791300
1245692915701223426
1245693525129334784
1245693709653610497
1245693935697252359
1245693982664949763
1245694725119782913
1245694845882109952
1245694962848563201
1245695624827133958
1245696677203390464
1245696824582770689
1245696953628995586
1245697016736501760
1245697323327520769
1245698358318153728
1245699504940158976
1245700079517868034
1245700165891129345
1245702085338976256
1245703224859996163
1245703239695314944
1245703433702825985
1245704613992501248
1245705240743157761
1245706074625150978
1245706926450769920
1245707598411825156
1245707840456712192
1245708481014857728
1245708762012192771
1245709314112647170
1245709516001267713
1245710250357018624
1245711304792268801
1245713089452036097
1245713258645987328
1245716050647420930
1245716530748362754
1245717053824217088
1245717679266099201
1245717764745990144
1245718070062170114
1245718131584229376
1245718589098930183
1245718777460858880
1245719037524443136
1245719524705435655
1245719562630451201
1245720061723250691
1245722358163398656
1245723052144558082
1245723263654912001
1245724027714502657
1245724099315458049
1245724363367866368
1245724487737380865
1245724946333962242
1245725202157273089
1245725752798130177
1245725757449568256
1245726187525214214
1245726231296987136
1245726860450947075
1245727299233865728
1245727621255704579
1245727711072575489
1245728092968095745
1245728302247141376
1245728605210054656
1245729051001655304
1245729217679163400
1245729217679163400
1245729593127874560
1245729723633807362
1245731651142979588
1245732149380218882
1245732301385936904
1245732354947264525
1245732550712201216
1245732596086120449
1245732705351983104
1245733034760065025
1245733245913903104
1245733988335079424
1245734390103228426
1245735134302633984
1245735327429464064
1245735553112387590
1245735962719793153
1245736581618688001
1245736810246012932
1245737217622003713
1245737311515619328
1245737943228170240
1245738019719720962
1245738097792483328
1245738626908127232
1245738698068680704
1245739079888703488
1245739277826342912
1245739616927453186
1245740291996385286
1245740299764236289
1245740663083274242
1245740726882877443
1245741158019424257
1245741686220828678
1245741751626862592
1245741820006580227
1245741877158129665
1245741907336212480
1245742479132983298
1245742768712007682
1245744299880452098
1245744327747407876
1245744800411852800
1245745719669141505
1245746286013317121
1245747079630278656
1245748516346925056
1245748743082848256
1245748875907997697
1245749231928967171
1245749868762718210
1245750208799092736
1245751459204997125
1245751799233032195
1245751991021772801
1245753108384354309
1245753350366408712
1245753355839737856
1245753729078497281
1245753733000171524
1245753761223581696
1245755403432005632
1245755686304321536
1245756102530170880
1245756345774735360
1245756933400739841
1245757014938173448
1245758106522402817
1245758134649524226
1245758331328901122
1245758493082165252
1245758540582490112
1245758640277028866
1245759185205288962
1245760388559486981
1245760868584996865
1245760986788900880
1245761202086526976
1245761552885731332
1245761810483027971
1245762197021757440
1245762288117788675
1245762337782616066
1245762353213444101
1245762734106595329
1245763224194203648
1245763260651012098
1245763325239197710
1245763634426454019
1245763727460360197
1245764287269933058
1245764323915575297
1245764794617139201
1245764850963435530
1245765124226461703
1245765311456034817
1245765560853544964
1245765619045277707
1245765673218965504
1245765773253128193
1245765869344567307
1245766555163598848
1245767167083192323
1245767231209787392
1245767460189503488
1245767915418288128
1245767979771535364
1245768586335072256
1245768742077792258
1245769040133410816
1245769149931978754
1245769214692134913
1245769231687434249
1245769732378198016
1245769937374842883
1245771108630122496
1245771472943144962
1245771660357251072
1245771897658376198
1245772171550523392
1245772878668152832
1245773009329123328
1245773034440531969
1245773062022275072
1245773273612214273
1245773760835342336
1245774143905247236
1245774174301425665
1245774641760788481
1245774729618886656
1245775702810648582
1245775899611533314
1245776358153871360
1245776647678234624
1245776926993600512
1245777033365467136
1245779099580272641
1245779115673780225
1245780362636206081
1245780491162259458
1245781430115819521
1245782749602086920
1245785221888442370
1245795420678361090
1245795721791582209
1245796123404406784
1245796128693596160
1245796153402277890
1245796189104230400
1245796452372275202
1245796499788791808
1245796785148366850
1245797423315914755
1245797546829676544
1245798666893496320
1245799805324066816
1245799867785580544
1245800110321172480
1245800145695932416
1245800191552147457
1245800393289981958
1245800941485522945
1245801204262764544
1245801748427673600
1245801890107002880
1245802754313990144
1245803015002562561
1245803226559102977
1245803477378498561
1245803792945295360
1245803878966267904
1245803972180443136
1245804152984387585
1245804207510376449
1245805040754819074
1245805762699542528
1245806013023911939
1245806018468016129
1245806139587153921
1245806603498074116
1245806812701569026
1245806845119418368
1245807199135432706
1245807312633282560
1245807484587171841
1245807603206311937
1245807675063128064
1245807756260651016
1245808786213875713
1245809115395391500
1245809762475880454
1245809963328589824
1245810326123286528
1245810755083124736
1245811158495506434
1245811173208907776
1245811548792258560
1245811629486305285
1245811789528477706
1245811886819553290
1245812239472439308
1245812449435103233
1245812713583980550
1245813968628785152
1245814110924701696
1245814161189351425
1245814339174576141
1245814966260772866
1245816164833509378
1245816239898984448
1245816756712681473
1245816836190605312
1245816967841210368
1245817832396533761
1245818777683492865
1245818821899882498
1245819067677708288
1245819995587850241
1245820270058881026
1245820406919049216
1245821234564169728
1245821494950866944
1245821884702363650
1245822047285940224
1245822054059905028
1245822478104002562
1245822485083406337
1245822875074002945
1245823161494573059
1245823824815243266
1245824247567613952
1245824362831179777
1245824788716826624
1245825269585379329
1245825344789262337
1245825459188903936
1245826235676139520
1245826356316954629
1245826615415799809
1245826719883411456
1245827044304248837
1245827505761792001
1245827705934721025
1245828513174822912
1245828786441969664
1245829253515456512
1245829454355673093
1245829923899609088
1245830254393876480
1245831579198316549
1245831831917932544
1245832868678385664
1245833268555112452
1245833782113865728
1245834420445208583
1245834635722067969
1245835156683771905
1245835232344977410
1245835993846091776
1245836063936884736
1245836363553026048
1245836700674191361
1245837060168187906
1245837677494243328
1245837725984378880
1245838594754969601
1245839327449550851
1245840365774610432
1245840820776906752
1245842398065741831
1245842658519437313
1245842852535349255
1245843253246619650
1245843487645470721
1245843730168295430
1245843776557535232
1245844053159272451
1245844282197422080
1245845142222843905
1245845963857485824
1245845986980892672
1245846496530116610
1245847038706647040
1245847655529558017
1245847659849510913
1245848208397479937
1245848639781519360
1245848688431255553
1245849021979090950
1245849108335779841
1245849194251706382
1245849424808599553
1245849733341405186
1245850123449630720
1245850350755741697
1245850637977268233
1245851989453520896
1245853190580359168
1245853236042633217
1245853574006882305
1245855304547315712
1245855748841598980
1245856057991168002
1245856116325507074
1245856293182529536
1245856392960864260
1245856516327915521
1245856946873192448
1245857406908686336
1245857676740800514
1245858273653215233
1245859030821515271
1245859283217965057
1245859500646486019
1245859719782100993
1245859736391520262
1245860175493263368
1245860267419774976
1245860886683635718
1245861038307733509
1245861887369068551
1245862002414608384
1245862032181563392
1245862402366656517
1245862577176887302
1245864295184789504
1245864495802511362
1245865028370063361
1245865432105402368
1245865591056920576
1245866507986337793
1245866769853476869
1245867261904093186
1245868074126827520
1245868156519735297
1245869724069593089
1245870593515245569
1245871302079950849
1245871360431116288
1245872591778320391
1245873368198455301
1245875035555815425
1245876194815459329
1245877226043662336
1245877614264356871
1245878088954712075
1245879261107535875
1245880020695945220
1245880322140618761
1245880911624916998
1245881361736630276
1245881535619903488
1245881676074496003
1245882125615800320
1245882472623005696
1245882512590737410
1245882844477612032
1245883193305284609
1245884297107603456
1245884524531191809
1245884791632912384
1245884792576540680
1245885099964538881
1245886409732481029
1245887534078382081
1245887735501656067
1245889496052387857
1245890950045597698
1245891003548139520
1245892424972431360
1245892444287381505
1245893115430481925
1245893397858189313
1245893457031434241
1245893523439792130
1245893590204612609
1245894119911800838
1245894237520039936
1245894746075099136
1245896464997339137
1245896914035490816
1245897947495178241
1245898487725604866
1245898693926141952
1245900139832770560
1245900941452349441
1245901912643448833
1245902903803400197
1245903648615530498
1245905822955319298
1245906443372392448
1245906892242726913
1245908306155069442
1245908952019341312
1245909794193461249
1245910367424954368
1245910475428245505
1245912490963173378
1245913541862776832
1245914168433106947
1245914297529593857
1245918589363736576
1245921729626726400
1245922708510015488
1245923208366297091
1245924545648885760
1245924602171158529
1245926953707663362
1245927117268742144
1245927296294215680
1245928775386193922
1245929255827124224
1245932046146396160
1245932082896859137
1245932216770691072
1245933463087329280
1245935393423470592
1245935723808731136
1245936300022288384
1245936548010323968
1245936685952704513
1245937299323584519
1245937655575085056
1245937991194992640
1245938060400791552
1245938684949680128
1245941063165984770
1245941507510722560
1245941561252249600
1245943154777436160
1245944061812449280
1245944179496288256
1245944311155429377
1245944803495469056
1245946413214826496
1245948165209165824
1245948544814645251
1245949271876272134
1245949380932362240
1245949454991134720
1245949524788510722
1245949797816811521
1245949807002300420
1245950501381947392
1245950643191320578
1245952786514182145
1245953703565287425
1245955037932724225
1245955554008346624
1245956972542713856
1245957832249311235
1245958318562185218
1245961078468521984
1245961412960235520
1245962012263407616
1245963185582223361
1245966913752137729
1245966928385990656
1245967274776936448
1245967694874189831
1245967697793257473
1245968866800525312
1245969790935666688
1245969791745212416
1245970552264830976
1245971395135315968
1245971980429467651
1245972266514616320
1245973012609765377
1245973037876461568
1245973084567474176
1245973974707822592
1245975260630880256
1245977049694638080
1245980410879848453
1245980519428481024
1245981256707387399
1245981257726480384
1245986385825280000
1245987095400910848
1245989018497691648
1245990547673821184
1245991646187134977
1245992197658296322
1245992675595227136
1245995055459921920
1245996129025691650
1245996774751449089
