1246697785006661633
1246700361701867520
1246701621175820288
1246703148921692160
1246703521032015872
1246703907583266816
1246704667163328515
1246705532490010626
1246705646059192320
1246706185027366918
1246706505925214209
1246706727556386816
1246706945228189696
1246707705496076288
1246708465701195779
1246708807763443714
1246709242196828160
1246709268759433217
1246709567398072320
1246710520482336777
1246711085367001088
1246711879642173440
1246712901945212928
1246713045625290752
1246713340199686144
1246713660531187713
1246713981143785473
1246715105661853696
1246715865602588673
1246715870895837184
1246716625904185345
1246716796247425025
1246717122493009920
1246717368484724742
1246717384787984384
1246717558759227396
1246717793355149313
1246718487172653056
1246719818100871170
1246721541540364288
1246721647610118145
1246721648633528320
1246722134086496258
1246722426240675840
1246723320369811456
1246723381514436608
1246725486513971201
1246727973237067776
1246728070561771520
1246728549286809601
1246729304253308929
1246729752502833154
1246730455937925120
1246730995593891840
1246731070537641986
1246731110152908800
1246731453305626624
1246732386840297472
1246733234408390656
1246735010444578816
1246735257019219968
1246736758940803073
1246737050050707457
1246737197048508416
1246737309334212608
1246737550594715648
1246741279897260033
1246742117751365639
1246742830132924416
1246743029714538496
1246744166450618368
1246745272568381441
1246745780125347841
1246746084636086273
1246746720379142144
1246747459289845762
1246747573265850369
1246747616932769793
1246747790702764033
1246748086984224768
1246748726850445312
1246748841287835649
1246748994874806272
1246749512028356608
1246750508292997121
1246751880400842753
1246754336744538113
1246756991139274752
1246757587447451649
1246757859402158080
1246758771189137408
1246759362464485377
1246759812836270081
1246760355923181568
1246760720462741504
1246761063858819072
1246761195677405184
1246761425269374977
1246763424387870720
1246763604956889089
1246764776426024962
1246765105561448448
1246765182153605120
1246770054047232000
1246770781847257088
1246770867419348992
1246771199616655361
1246771376029159424
1246772767615139840
1246773880422834178
1246775320625188870
1246775533083529217
1246775931563278338
1246776455461134336
1246776562365669377
1246776873864093696
1246777197081194500
1246777518201470977
1246777531107282944
1246777662242271232
1246777798573916160
1246777934930677763
1246777957173071873
1246778273608146948
1246779162871967745
1246780541023784961
1246781131296571395
1246781653407739905
1246782055289171969
1246782093574770696
1246782203264106496
1246782317038837760
1246785381565173761
1246786032009437185
1246786773570781184
1246787392683610112
1246787960063885312
1246788014451372033
1246788311642968064
1246789918971572224
1246790110374285312
1246790202942578689
1246791337430695936
1246791874075078659
1246792908495376392
1246794329634594817
1246794443816161281
1246795015508148229
1246795217128132608
1246795360191692802
1246795610658873347
1246796444650143745
1246796887719624705
1246796893860114432
1246799306784493568
1246799349750927360
1246799836629872641
1246800735829803008
1246801244783628288
1246801354963783680
1246801444054990848
1246801453567574021
1246802806562074627
1246803045528174592
1246803319311523845
1246803627076878336
1246805264164061184
1246805736962883585
1246807221339635713
1246807450122162176
1246808336445644801
1246809346119553026
1246809441204305923
1246809484690931712
1246809859401617408
1246810406640893955
1246811796012437505
1246812091459256320
1246812651965091840
1246812675541291008
1246813387654299648
1246814486498951168
1246815184586326018
1246815269110063113
1246815320855191554
1246815348344664066
1246815549612421120
1246815756358242307
1246816719227715590
1246818691746091010
1246818972500197379
1246819155879194624
1246819166293766144
1246819638958108683
1246820757923074050
1246821136505151490
1246821275210625024
1246821358786527235
1246821989710532608
1246822335597838336
1246822517618151425
1246822885970325504
1246823219975389184
1246823397927129095
1246823518882283522
1246823571206307840
1246823640387084296
1246823834273099777
1246824120110600194
1246824505621614594
1246824621409579010
1246824647854866436
1246824657782738944
1246824685146214402
1246824991506804737
1246825123207757826
1246825156233900033
1246825299343441920
1246825417786482688
1246825625240952839
1246825746196082688
1246825817218461698
1246825918276001792
1246825960067956736
1246826132613332998
1246826241090449413
1246826242113863682
1246826406232952834
1246826411307995138
1246826492119658496
1246826575225671687
1246826642720337920
1246826836266496004
1246826943808446465
1246826958350098433
1246827045268545539
1246827148398096384
1246827386496266245
1246827459531673600
1246827523800997889
1246827926831718401
1246828195011342337
1246828200430202880
1246828253240852481
1246828279438299136
1246828317619171331
1246828382689488898
1246828468446396417
1246828475455025153
1246828650999296001
1246828660495089666
1246828682876006400
1246828728866557955
1246828748382535681
1246828954385813506
1246828959750291456
1246828983238434822
1246829083914362885
1246829173101998081
1246829234879938563
1246829293210144769
1246829378660642818
1246829398273208322
1246829557375737857
1246829789157167104
1246829945193730048
1246830410287505409
1246830574238482432
1246830634716274690
1246830636620337152
1246830804384219138
1246831208450981890
1246831210590076929
1246831253795504128
1246831341498400768
1246831498902351872
1246831618452410368
1246831737373708290
1246831906743898112
1246832224873385984
1246832407749279746
1246832424463544322
1246832564527968256
1246832664952406018
1246832814554787849
1246832817830539267
1246833149033631744
1246833350045831169
1246833375551217665
1246833383826653189
1246833428131188736
1246833505595613185
1246833519587987457
1246833596675100677
1246833761079177222
1246833843216084993
1246833868973449216
1246833938552799232
1246834002323005442
1246834563638341633
1246834722866593792
1246834776306302978
1246834816714227724
1246835014932647936
1246835023652827137
1246835062751911937
1246835086143582210
1246835309465292800
1246835444538650628
1246835591179878407
1246835794670690310
1246835816413851648
1246835886291062785
1246835906838966272
1246835951604617216
1246835953357983744
1246836039316123648
1246836103849615366
1246836164960518151
1246836279242719232
1246836287631433730
1246836338449670152
1246836547481153537
1246837176777740299
1246837270415622144
1246837461990268928
1246837550427394051
1246837601060950017
1246837906406354948
1246837996147671043
1246838041928519680
1246838300863840256
1246838379368464384
1246838508242821126
1246838745132863488
1246838814640951297
1246839248277385217
1246839254027603968
1246839361905266688
1246839515790090241
1246839636363640832
1246839802944802816
1246840077076115466
1246840169803550720
1246840242784604160
1246840602215538688
1246840824308084736
1246841087710449664
1246841243507863556
1246841246406017025
1246841844299948032
1246842360937558017
1246842462209015808
1246842561035108356
1246842602697129986
1246842913826525186
1246843539062960128
1246843732961476610
1246843795859296260
1246843938159329280
1246844032208289798
1246844191168016389
1246844516109344768
1246844673261535233
1246845527792275458
1246845679911219202
1246846476573163527
1246846698930032641
1246846791041126402
1246846857764012036
1246847389714898944
1246847686852182017
1246847916611862530
1246848232552050690
1246848379575046144
1246848726200717312
1246848856702300161
1246848908296425472
1246848943016816640
1246849152056807424
1246849158138548228
1246849167936413705
1246850369696735238
1246850426730950656
1246850440202944512
1246850503507619841
1246850995272986629
1246851528448708615
1246851692207001600
1246851853738037248
1246852353485148160
1246852859611828234
1246852883796107264
1246852955699060738
1246853113560076291
1246853238596526085
1246853407664672768
1246853696589357060
1246853779980529665
1246854035640123393
1246855104461971457
1246855115493048327
1246855206031294466
1246855312637931520
1246855314718294022
1246855349937811457
1246855522667692032
1246855535057649664
1246855677529796610
1246855794483757058
1246856002525413376
1246857042171756549
1246857171851194369
1246857837843828740
1246857896916160514
1246857896933183489
1246858502318034945
1246859026736046081
1246859576202452992
1246859800186630146
1246859993917337601
1246860271861325824
1246860703673257985
1246860847634399236
1246861062974181377
1246861813477707776
1246863464288489472
1246863601396338690
1246863770565083143
1246864099725717504
1246864484054061057
1246864753382887430
1246864783279874048
1246864851227607041
1246865439474548741
1246866183896412166
1246866361210544128
1246866513392357376
1246867076528160769
1246867199706316800
1246867239648800768
1246867275052957699
1246867417436839936
1246867572240384001
1246869130646519808
1246869358812463110
1246869470276194304
1246870060246982657
1246871837461614594
1246871928922607618
1246872182497705984
1246872377805418497
1246872441961492480
1246873985998032897
1246873986677473286
1246874218584629248
1246874218907799552
1246874719376347141
1246874834405076992
1246874990848495621
1246875362107236352
1246875610934325248
1246877428263288833
1246877553777876992
1246878208340918272
1246878526319534081
1246878884542517248
1246879079363686400
1246880061808148483
1246880208717676544
1246880241634729987
1246880329077530624
1246880690433597441
1246880740882690049
1246881068545957888
1246881423233073154
1246881661100277762
1246881664539725824
1246881679068839942
1246881789542612995
1246882369027608576
1246882795391197187
1246883079697977344
1246883201655746563
1246884535167582209
1246885012701474817
1246885041394900993
1246885839654846466
1246887932125941760
1246888409907351552
1246889234910322688
1246889589014269952
1246889980431040512
1246890085829808128
1246890777550225408
1246890816490147841
1246890940255686656
1246891172129394691
1246892082888945666
1246892725158449152
1246894604307312640
1246894744174759950
1246895626236964873
1246895919536246785
1246897071942250497
1246897241505357825
1246897416785321998
1246897425136209923
1246898088440193034
1246898124511014912
1246898487071047683
1246898498647318531
1246898647666774018
1246899966708027392
1246900078243012609
1246900278088986624
1246901306083721216
1246901908280877057
1246903325959892993
1246903458206298114
1246903513210372099
1246904031907364866
1246904226590134279
1246905780269350916
1246905930169683970
1246907083125133313
1246907634751586307
1246908048020508673
1246908708979949570
1246908878257819650
1246909054062133255
1246909094906286080
1246909467662245889
1246910195214794752
1246910305885540352
1246910632148045824
1246911077050224640
1246911838916423681
1246912167884066818
1246912371995656193
1246912777375137792
1246912921118167042
1246913382600585216
1246913913846972416
1246914556221444099
1246914726908616704
1246915713169797120
1246916706536128513
1246916723820974085
1246918465899900930
1246918525396156428
1246921736613920775
1246921973105598465
1246922286264975360
1246922704055402505
1246922907533619201
1246923241429614593
1246923762345185280
1246923822348959745
1246924109365338117
1246924128306843649
1246924999618891777
1246925385457074188
1246926895096180738
1246928217182789632
1246928357524201473
1246928499316789251
1246929254228447233
1246929503076487169
1246930469964460033
1246931149475250176
1246931454736596995
1246931582100930560
1246931608575377410
1246931898351390722
1246932340447817731
1246934351545278465
1246935262736920578
1246935561941598208
1246935979652534273
1246937408244871168
1246937424170758147
1246940077797842944
1246940349588701185
1246940385223589888
1246940902607724550
1246941100109107209
1246941680743395328
1246942188497502211
1246942356575850497
1246942697233035266
1246943574559784960
1246944199460696066
1246944727439572992
1246944775124721665
1246945468858368006
1246946591891697664
1246946793486770176
1246946843818373122
1246946849031938050
1246946870989139969
1246947263139721217
1246947293984587776
1246947468668997633
1246947683052318720
1246950792445267973
1246951645029818368
1246951767977459715
1246951836193566720
1246952078867484672
1246952288092028932
1246952639671095296
1246952804079599616
1246953311909134336
1246953819612872704
1246953999695335426
1246954183049134080
1246954212757508103
1246954973306523649
1246955115904368641
1246955248293380100
1246955343873269762
1246955446365229057
1246955632365899776
1246955851031752704
1246956359217827841
1246956866879533056
1246957374394585095
1246957501922320386
1246958390703783937
1246959583865774082
1246960090835542017
1246960113543495682
1246960777535328257
1246961451178352642
1246961959020494848
1246962466732589059
1246962779845787649
1246962973895282688
1246963051984715776
1246964788187541505
1246965590041997312
1246966097691238400
1246966139336437761
1246967586455048194
1246967976026411009
1246970134683619330
1246971186107551745
1246971748513247232
1246971988742193152
1246972211405127681
1246972374576181248
1246972374576181248
1246973274673856525
1246974583636361217
1246974586505367552
1246974681451835393
1246975519217913856
1246975725158035458
1246976900108615685
1246977582295375872
1246978654468321280
1246979007490355200
1246980006372200449
1246980071199592450
1246981623117201409
1246983377057492994
1246983752045264898
1246984961615413248
1246985035007303683
1246987186911748096
1246987413873926145
1246987863016665088
1246988791203745793
1246989639363133446
1246989919110795264
1246992326993608704
1246992651112665091
1246994990343114754
1246995543332659200
1246995873097289729
1246996142719741958
1246996383489376256
1246997876019998720
1246998683607945216
1246998894791319553
1247000070664454145
1247000243763392519
1247001119299178496
1247002228382105600
1247003061794541568
1247003558744121349
1247003605346942982
1247005440937992192
1247006545495429120
1247008418281525248
1247009725264396289
1247012102566371328
1247013203713896450
1247014132592734210
1247015654349291521
1247015825736859648
1247016961625767937
1247017617182900226
1247018830427193344
1247019575654387712
1247021407822852099
1247022627702689792
1247024010615042048
