1254995208888094721
1254995485452050438
1254995705527177216
1254995868333289475
1254996123514789893
1254996305082036224
1254996436162277377
1254996786105790464
1254997859285508096
1254998021722390531
1254998196817997824
1254998295879004160
1254998815750475777
1254998852056350720
1254999586302820353
1254999978071785472
1255000055955599360
1255000259853500416
1255001354474381313
1255002564720037891
1255002569916612608
1255002842982744064
1255003497940037633
1255004125219168257
1255004404723462146
1255005558500982784
1255005591816351744
1255006251676831744
1255006661720240129
1255006884844777472
1255008011380314112
1255008487651921921
1255008728711000065
1255009123344822273
1255009322003845127
1255009363573354496
1255009411942227968
1255009552472305665
1255009757582241792
1255009864503291904
1255010101267701760
1255010946919120897
1255011013575016449
1255011543315435521
1255012082816335872
1255012379215056896
1255012413948203008
1255012553140375552
1255012690587791362
1255012868501540864
1255013612814577664
1255013914850594816
1255014710199517184
1255014728213999616
1255014765883060226
1255014766969405442
1255014767422365696
1255014770941374464
1255014772036087808
1255015149888552960
1255015999167959040
1255017810373349376
1255017984919298048
1255018116473516034
1255018309923323904
1255018376809705474
1255018663322812416
1255019076541468672
1255019373028429824
1255019399850987520
1255019399855013888
1255019432252002305
1255019531107524610
1255019637248589824
1255019724737589250
1255019810699857920
1255019999929888768
1255020299306885121
1255020656535748608
1255020833195556866
1255021324499550208
1255021398696898560
1255021457836564481
1255021620214857728
1255021817607020544
1255021820195098625
1255021929028825088
1255022095626571776
1255022408647540737
1255022468642689027
1255022494223826944
1255022568114810880
1255023204327981057
1255023268601290752
1255023582285107200
1255023825655263234
1255023836824834048
1255024080895475713
1255024100570955781
1255024591233265664
1255025508728872963
1255025877915746304
1255027099573903360
1255027351454248962
1255027355635990530
1255027736546082817
1255027893727563777
1255028305960603648
1255028882048274432
1255029029096341504
1255029039338848263
1255029127129767936
1255029239327477761
1255029742811541504
1255029745734971393
1255029747244908545
1255029835539394560
1255030466618548225
1255030801156108290
1255031133969907712
1255031252341538816
1255031465936642048
1255032096357261312
1255032243543609344
1255032605659054086
1255032892826071041
1255032926405750785
1255033468821680129
1255033708257705984
1255033847391178752
1255033886339485696
1255033903854673920
1255034396337491968
1255034703238889473
1255034841810128896
1255034972538314752
1255035048706727936
1255035908845273092
1255036768342155264
1255036787279269888
1255037295092133889
1255037354772856842
1255037662928474112
1255037758588026880
1255038061710389249
1255038466074632194
1255038662405832709
1255039484502171648
1255039635610390529
1255039656497942528
1255039898287030272
1255040077958447104
1255040321395789824
1255040339494068225
1255041909485113346
1255041954242592770
1255042180923736070
1255042455679848450
1255042646898356226
1255042671166529541
1255043153586868226
1255043792719183872
1255044289102598144
1255044591759159296
1255044595743887360
1255044962871279616
1255045172842414080
1255046001733369856
1255046004895817728
1255046059002396672
1255046322572460032
1255046707034730497
1255046748789264385
1255047104034230274
1255047441235300352
1255047821721505793
1255047864553582592
1255047959420403713
1255048120930496512
1255048147413458944
1255048423738310657
1255048772402458624
1255049127228067842
1255049220886867969
1255049415871672322
1255049688883044352
1255049767312338944
1255049825957097473
1255050529949888512
1255050624049299456
1255050634832891905
1255051054439268352
1255051350917988352
1255051889869090824
1255052587457544192
1255052620538032132
1255052797483061248
1255053077717094400
1255053227378315269
1255053845861982209
1255054327585968128
1255054512617857029
1255054947256844289
1255055115725213696
1255055213108400134
1255055696300834816
1255055740210786305
1255055801015840769
1255055813196087296
1255055957744324608
1255056258224267266
1255056485761134597
1255056771363803137
1255056819464081409
1255057178316214272
1255057234519822339
1255057423242391553
1255057547121373184
1255057661013356544
1255057686565195776
1255057756744298497
1255057804781670401
1255057920296878080
1255058366847750144
1255058475689918464
1255059251590037504
1255059393588101120
1255059561704067072
1255059564308750336
1255059696005910528
1255059720043474944
1255059919536926720
1255060084864028673
1255060199393525760
1255062300018556929
1255062358721847296
1255062928606351360
1255062992141594624
1255063351807414272
1255063960086286337
1255064826570776578
1255064975116206080
1255065107366887425
1255065440637849600
1255065460158038016
1255065468190314496
1255066389175558144
1255066989959065606
1255066992509251587
1255067181924134913
1255067426632368134
1255067762369667073
1255068576379092993
1255068620125691904
1255068839534043137
1255069066533801984
1255069208100077569
1255069261128589312
1255069368058290177
1255069488292286464
1255069916979433473
1255069947857960962
1255070018997346305
1255070117622353921
1255070206864396289
1255070271142313984
1255070349986656256
1255070545168805888
1255070575766233089
1255070626982789120
1255070664937086976
1255070760516845568
1255070763801075712
1255070826476507136
1255070996673040384
1255071069851004929
1255071100016394241
1255071157851750400
1255071242861903874
1255071380040830976
1255071393944940547
1255071552325988356
1255071566561447936
1255071599864229894
1255071693258862594
1255071770249314306
1255071780902965248
1255071898431639552
1255072076119117825
1255072271737081856
1255072298085818368
1255072366415220738
1255072401584467968
1255073867481178112
1255073985697636352
1255073986997891073
1255074225968353280
1255074347531853824
1255074552570396672
1255074589413163009
1255074664193249280
1255074664759451648
1255074665216610307
1255074665938051072
1255075389577334785
1255075785590915075
1255075805048172545
1255075949034569729
1255076049425072128
1255076547746201601
1255077019462688769
1255077546967699456
1255077747174649856
1255077761477214208
1255077817982779395
1255079610796163072
1255079974555410432
1255080184228851712
1255080494439505920
1255081422982766592
1255081524204130304
1255081781734395904
1255082017886294017
1255082790636253184
1255083094702346241
1255083096405241856
1255083520596291588
1255084231161602053
1255084365757001729
1255084659052068865
1255084816887959553
1255085300382158848
1255085545929277442
1255085927338332160
1255086209644331008
1255086413936238592
1255087269293277184
1255087390919659520
1255087616791179265
1255087792197074944
1255088188315652098
1255088437905874944
1255088461490515969
1255088810301554690
1255089545575628800
1255089645852876802
1255089646968561664
1255089702387974145
1255090012443443201
1255090013362098179
1255090029610885121
1255090365444640769
1255090394980704257
1255090573880504321
1255090770626981889
1255090872909258753
1255090898398064643
1255090985492721671
1255091266381139968
1255091434484576256
1255091709639299072
1255091791868555271
1255091911188152321
1255091921309106177
1255092023511711744
1255092155154075648
1255092301874987008
1255092510633988096
1255092929955196929
1255093741951614977
1255093832292712450
1255093851154456577
1255093891793125376
1255095049555148800
1255095482063388673
1255095631128887297
1255095903964344321
1255096643151630336
1255097230270377985
1255097994019512320
1255098116702982144
1255098323255603201
1255098826244812801
1255099112661409792
1255099281784045568
1255099348788150272
1255099917728542726
1255100058615386117
1255100954124464128
1255101319246950400
1255101333859897345
1255101947214016512
1255102141536129027
1255102382100316161
1255102388316274688
1255102427528744962
1255102512954331137
1255102729946464257
1255103160143638539
1255103379828879361
1255104361753006081
1255104612509446144
1255104659624206336
1255104664330272769
1255105007399075840
1255105058179624965
1255105619117424644
1255105729008226304
1255105967601188864
1255106273487486981
1255106617114112000
1255107108489629696
1255107230531072000
1255107818291593217
1255109516187836417
1255110017453359104
1255110290108231682
1255111550291116032
1255111827635101696
1255111928701161472
1255112087551873030
1255112925515264003
1255113029823447040
1255113851261128704
1255113956919857152
1255113969477521409
1255113974540050433
1255114146892460032
1255114232938496001
1255114652041785344
1255115355057463296
1255115491548561410
1255116030390571013
1255116604716847107
1255116917842509825
1255117240845979648
1255117336849326081
1255117422325047296
1255117510187368458
1255117571579277312
1255117575748374528
1255117804489105414
1255118016179777542
1255118034005614592
1255118121544716289
1255118214734008322
1255118788908978177
1255119169537925125
1255119238085386240
1255119790894714880
1255119802944892931
1255121003014955008
1255121011638403072
1255121102759583744
1255121502552326145
1255122110088962049
1255122113628954626
1255122476557832192
1255122969438883842
1255123221369651202
1255123486101565440
1255123487322071045
1255123586530062336
1255123616213204992
1255123625482608642
1255123636786061312
1255124118812479490
1255124683571310594
1255125144021929985
1255125529184927744
1255125580334456832
1255126401667260416
1255126618521178113
1255126851384561666
1255127172878077953
1255127415489257472
1255127458321297410
1255127491485683714
1255127633806802945
1255127793748381696
1255127957699362818
1255128686312878080
1255128923387514881
1255129169522016256
1255129513618362369
1255129978376683520
1255130131498237952
1255130293528416256
1255130456279748612
1255130495530172417
1255130897369624576
1255131456738693120
1255132185717116929
1255132281041125377
1255132458422603776
1255132924950704134
1255133079393366016
1255133207961501696
1255134194436419584
1255134438289104897
1255134442814763010
1255134446061158402
1255134554911735808
1255134931887353859
1255135171558268928
1255135624924782593
1255135636404629509
1255135641999818757
1255135667010416644
1255135733028806657
1255135963421929473
1255136232197124099
1255136517611089921
1255136723266236423
1255136764789841925
1255137504606343169
1255137537124790273
1255138212088999938
1255138431614595072
1255138514938650625
1255138930229272579
1255139250103742470
1255139399882297344
1255139830863781892
1255139898757005312
1255139977521819652
1255140083063087107
1255140128604844036
1255140221072453635
1255140582906687492
1255141353584906247
1255141355208097795
1255141358580273154
1255141698239262731
1255141820100534275
1255141912391987207
1255142747993862145
1255142872950562819
1255143673886420993
1255143937389391873
1255144471869546497
1255145058031988737
1255145070623248387
1255145103468847108
1255145133969862660
1255145413927071745
1255145478301167617
1255145574963138560
1255145644961878017
1255146076232769537
1255146354738774018
1255146878460588033
1255147640741740548
1255147968308457474
1255147997777629184
1255148714445795331
1255149294924906497
1255149444640600066
1255149616380522505
1255150204484907009
1255150224005165057
1255150244993499145
1255150351369396227
1255150414741204992
1255150501781336071
1255150627996356611
1255150719671209988
1255150920658071565
1255151134911520768
1255151436821749762
1255151517755043847
1255152229159321601
1255153144100794369
1255153264968024064
1255153324732661760
1255153609634799619
1255153617948073984
1255153722637852672
1255153886786203648
1255153982739222528
1255154826561781762
1255155431359410177
1255156104931217415
1255156230705885186
1255156348204929024
1255156437413740544
1255156797402382337
1255157233245184000
1255157435825655808
1255157509972791302
1255157641107648512
1255158077038505985
1255158089608650753
1255158156570886144
1255158163944419329
1255158359055048705
1255158433667526664
1255158478533992449
1255158874556022784
1255159021801295873
1255159053954748419
1255159325863092224
1255159595426697217
1255159862469603328
1255160204016132098
1255160324157616133
1255160655885275138
1255160668057210882
1255161033796104192
1255161488114761728
1255161419747770369
1255161502975352838
1255161491633790976
1255161717061009410
1255161720760348672
1255161810220658688
1255162074885488643
1255162162215092224
1255162518961557507
1255163174166421506
1255163511681908739
1255163819191676928
1255164155121881088
1255164251192229893
1255164617040388096
1255164921173676032
1255165802824769536
1255165958571855873
1255166261367050240
1255166381596737542
1255166511666401287
1255166528707719168
1255166704000405505
1255166725814878210
1255166839241560064
1255167266787930113
1255167416818110465
1255167475857199104
1255167523642699777
1255167547403534336
1255167790979350535
1255167853390704641
1255168054453035010
1255168213706584071
1255168495135813632
1255168790339497986
1255169105973391361
1255169165763231744
1255169254967488519
1255169321573195776
1255169334017773570
1255169430067298306
1255169486669459462
1255169774214098945
1255169880892092418
1255169897073704965
1255170277811662850
1255170487015088128
1255170568376201219
1255170630892347392
1255171074666442762
1255171556923203590
1255171653765492736
1255171712473325568
1255171804206903299
1255172044137721856
1255172979324940288
1255173491017617408
1255173867963908099
1255174006883389442
1255174845257658368
1255175130243829760
1255175160526749700
1255175194584289281
1255175209822363650
1255175394648633345
1255175578983919616
1255175802028617728
1255176137505996802
1255176154291539968
1255176167151329280
1255176192728186880
1255176363935498241
1255176738524413953
1255176744988000262
1255176989238935553
1255177304046800896
1255177745174331392
1255177852292644868
1255178007896973313
1255178095595671552
1255178397958856709
1255178436542377985
1255178489830965249
1255178767930187780
1255178768169070592
1255179086714081281
1255179102845145089
1255179107110813697
1255179108167774208
1255179651586154496
1255179957665435651
1255179974958559234
1255180017056841728
1255180045846528001
1255180173042909184
1255180319419924480
1255180390106529793
1255180909956853762
1255181119571591172
1255181128601927681
1255181811820437505
1255182109456519168
1255182155656728577
1255182244479504384
1255182277421813764
1255182363023343616
1255182553960546311
1255182588920152064
1255182700757032960
1255182895662202885
1255182901995548680
1255183004491808768
1255183025740156930
1255183183894765569
1255183486547136512
1255184162295877635
1255184173779877889
1255184240679018496
1255184384317100034
1255184600864874499
1255184647891365889
1255185025903050759
1255185080521236480
1255185162972921861
1255185192718708736
1255185268237361156
1255185516309422080
1255185545808019457
1255185569874919425
1255185980803502082
1255186135808081922
1255186144431669248
1255186257946324995
1255186391849267202
1255186560024223746
1255186909074259968
1255187315976265730
1255187512508608512
1255187730298011648
1255188310517002240
1255188867407384576
1255189408845709312
1255190154458935297
1255190231759945730
1255190352811696129
1255190426434195457
1255190426643881989
1255190427596025861
1255190465244213248
1255190550245859330
1255190869268971525
1255190929973133312
1255191137393885189
1255191966201065473
1255192394536017921
1255192586853027841
1255192692339945473
1255192801379262464
1255193452733743104
1255193585827426304
1255193849003155467
1255194004574085122
1255194243397754881
1255195003221131266
1255195015120334855
1255195082300559364
1255195166706630659
1255195250693476359
1255195369190952962
1255195410207047683
1255195591191085056
1255195666957074441
1255195771663798273
1255195842581016581
1255195867734315012
1255195956435472385
1255196181539495936
1255196224984100864
1255196709497511939
1255196999722438660
1255197067825348610
1255197146111979520
1255197515336388608
1255197524681469953
1255197649248096256
1255197725274124288
1255197984649871361
1255198518131687425
1255198656585662468
1255198811531730951
1255198966888697862
1255199197420154880
1255199227191443456
1255199307856261120
1255199461506256898
1255199799361572865
1255199983785172992
1255200577107013632
1255200901733781506
1255201902347857921
1255201962884292610
1255202006974644224
1255202159098048513
1255202268523216900
1255202603404836864
1255203078170705922
1255203132331528192
1255203329019346945
1255203342558679043
1255203462524088322
1255203648776237062
1255203656783314947
1255203761930280961
1255203991635492864
1255204104990752772
1255204386080505859
1255204567651880962
1255205744250667012
1255205866401382400
1255205921950707713
1255205967538589696
1255205988937891842
1255206033674256384
1255206152360603649
1255206604213030912
1255206622592458754
1255207134423322626
1255207301788528640
1255207363767865344
1255207497930924032
1255207539718754309
1255207541014843392
1255207636225667072
1255207709307219969
1255207745021718534
1255207783810699264
1255207910218412033
1255207956133613571
1255208002673614850
1255208019333312513
1255208052334051329
1255208065080664065
1255208187252273152
1255208692665868288
1255208703776526336
1255208747858751488
1255209080332967937
1255209183739146240
1255209895265271808
1255210216695771140
1255210258533945344
1255210290800668672
1255210290939035653
1255210484653056001
1255211180815237120
1255211323467730951
1255211442132959236
1255211528954888193
1255211814796906501
1255211915850256386
1255212305635086337
1255212326539714563
1255212736537153536
1255212866396991489
1255212907400437760
1255212926048309249
1255213116033507329
1255213270602067968
1255213356983693313
1255213412876836865
1255213597489336323
1255213623246553088
1255214448941371392
1255214520236158980
1255214763711369216
1255214959136509955
1255215132118061060
1255215509576040455
1255215640312459265
1255216226953035779
1255216366703054856
1255216368875700228
1255216425494511622
1255216487352205319
1255217043839877123
1255217220801699840
1255217619931627525
1255217627032702978
1255217857413218305
1255217929391689736
1255218266240356352
1255218376298967046
1255218574605631488
1255218587926700032
1255218625960652803
1255218801714647045
1255218875077189646
1255219023706554372
1255219112713871368
1255219146951966720
1255219170259722245
1255219270662991873
1255219862760292359
1255220220056276997
1255220560465928193
1255220929023664128
1255221045998620674
1255221168103137283
1255221176676372482
1255221298046865412
1255221386542489605
1255221457350807555
1255221514846318595
1255221758208151552
1255221814999101441
1255222057610235905
1255223553542230017
1255223562836889602
1255223771960573952
1255223775647477763
1255224334257459202
1255224417212346369
1255224531670704130
1255224670476996615
1255225075835572227
1255225185755631616
1255226678265221126
1255226943701745664
1255227115689164805
1255227719505399810
1255227740938264578
1255227798685442050
1255228453802192898
1255228578125549571
1255228616977395720
1255229028312760320
1255229170637996032
1255229390067249155
1255230155955544064
1255230315796353025
1255230537087823872
1255231061719744512
1255231121123573760
1255231854774497285
1255232158924505088
1255232579650891779
1255232660143779844
1255232698349760513
1255232808710287361
1255232836812124160
1255232963744235520
1255233666441261058
1255233811052404742
1255234987017846787
1255235391331893251
1255235877854416899
1255236133266624515
1255236136752025603
1255236996487938052
1255237127643762688
1255237840159596544
1255237956715118598
1255238191772246017
1255238222696808455
1255238252795232259
1255238339164323842
1255238632534917124
1255239128511401996
1255239235512274945
1255239592741154819
1255239890331205633
1255240138315137024
1255240218820689921
1255240254866575365
1255240397678358531
1255240470986399745
1255240473024835585
1255241033434247168
1255241039797006336
1255242118303559680
1255242151727960066
1255242442523148289
1255242563180802051
1255242597578289155
1255242991582810114
1255243167823204353
1255243209422385154
1255243278821347331
1255243815943798791
1255243845291380737
1255244517051109384
1255244522180751361
1255244706251976705
1255244979783507968
1255245153847083009
1255245683931713538
1255246211461926914
1255246693228056578
1255246985281654785
1255247085689069575
1255247110016061441
1255247150675623937
1255247328358825986
1255247517568176129
1255247803422519297
1255248158118031361
1255248662416031744
1255248662663487497
1255248901453631488
1255249005791121408
1255249060962930693
1255249576585560064
1255249704641847296
1255249721817477122
1255250658179141635
1255251610277683204
1255251656893173761
1255251939065049090
1255252318121086978
1255252523478384642
1255252724779810816
1255252916568547328
1255253142616276992
1255253483344875520
1255253846215065601
1255253854406524941
1255253924782780422
1255253950216970244
1255254482356707328
1255254905692065800
1255255082356047882
1255255275147329536
1255255435185192961
1255255594145112064
1255255766661058562
1255255900639682560
1255256213157183489
1255256500508991490
1255256592876015621
1255256643610251264
1255256912351891462
1255257511176929280
1255257514846892033
1255257743117758465
1255257817193295874
1255258208035373057
1255258337979117569
1255258360250880002
1255258518938169344
1255258752527282177
1255258833234116608
1255258997831151621
1255259013178167298
1255259256057708545
1255259888818806787
1255259945458638851
1255260308597284864
1255260721413316613
1255260765654863872
1255260807622987776
1255260845833097217
1255261730244091904
1255261773143461888
1255261868849070080
1255261991830278144
1255262103843287040
1255262908231168001
1255263556410519554
1255263686912028674
1255263790087778305
1255263892315521025
1255264415324278784
1255264419656929283
1255264596442693632
1255264875124793344
1255264960550178816
1255265005844520961
1255265074052243461
1255265443528560646
1255265536344231936
1255265613947244545
1255265729697517570
1255265862443044864
1255265888133165058
1255266084581752833
1255266139048947712
1255266608798466049
1255266905587437569
1255267149410689026
1255267186710581248
1255267326708125696
1255267921569382404
1255268945310990336
1255269204208517122
1255269393325527040
1255270140775747587
1255270172971188227
1255270424545501185
1255270464596987905
1255270488433143808
1255271067632971777
1255271277767639040
1255271294876160004
1255271402028052482
1255272369964417024
1255272456849436673
1255272462876651521
1255272584947646464
1255272916347949061
1255273280791068672
1255273299686367233
1255273327847002112
1255274023833010176
1255274315823677440
1255274321217552384
1255274440939778056
1255274501425725442
1255274838987587584
1255275072723595267
1255275306866421760
1255275625218277376
1255275987056627713
1255276079452950530
1255276250802860034
1255276496454909952
1255276508442243072
1255276598313582593
1255276834188677121
1255276839213416448
1255276841587347456
1255277203933278210
1255277337303752705
1255277408116187136
1255277421512790018
1255277523895824386
1255278008195301376
1255278167771811842
1255278187229126656
1255278423603372032
1255278543593930754
1255279044561698816
1255279046457507840
1255279219992596482
1255279275084742659
1255279388591038466
1255279577271799809
1255280120610373634
1255280170673549314
1255280726599249921
1255281132503019520
1255281181404389376
1255281472308686848
1255281894247325698
1255282115165519874
1255282159008563201
1255282485908377601
1255282530351185921
1255282687297929216
1255282819091369987
1255282862854725633
1255282903556161538
1255282978361614337
1255282903556161538
1255282903556161538
1255283141692055555
1255283217336340480
1255283277046452224
1255283297934065667
1255283500758040577
1255283752114233346
1255283804589174788
1255283856309174274
1255284176313634816
1255284179694227456
1255284180432441345
1255284182772854784
1255284459638796288
1255284823918329869
1255285012594909186
1255285277112885249
1255285420415385601
1255285421124304897
1255285594252627970
1255285614561427456
1255285856094629888
1255285872355926018
1255286143593132034
1255286575740706819
1255286821291950083
1255286825318592513
1255286858881392643
1255287741199286272
1255287833801211905
1255288032623824896
1255288207031382017
1255288275515985921
1255288463433310208
1255288519729319937
1255288537945182210
1255288807601197056
1255288876500946950
1255289057086758912
1255289076665761793
1255289081208201216
1255289125663584256
1255289388256432135
1255289765219483648
1255289904462004225
1255290052399321091
1255290100721823744
1255290176554831874
1255290752457900034
1255290811425710081
1255291935151005699
1255292074557083648
1255292129892618240
1255292381596979200
1255292464388333572
1255292816105910273
1255293067411718144
1255293105315688451
1255293116418002944
1255293607935909890
1255293764257619968
1255294055413698560
1255294097981681665
1255294220476219392
1255294305503260675
1255294306526650369
1255294463464833024
1255294551150989312
1255294613948112898
1255294818793766914
1255294833004027904
1255295383418404865
1255295394269007877
1255295672804401152
1255296008201949185
1255296376000389128
1255296459282489344
1255296500768411648
1255296535505575939
1255296634789007361
1255296677172387841
1255297220196343808
1255297505438453764
1255297593246171137
1255298300472963073
1255298466521198593
1255298737607491586
1255298849230520327
1255298858340560896
1255298977416785923
1255299148699570180
1255299152780632064
1255299158119981056
1255299160078725120
1255299642629242880
1255300420613922817
1255300499353600002
1255300572045094913
1255300978053709825
1255301133930762240
1255301192697155588
1255301199055720449
1255301257650192384
1255301408783568897
1255301492732506113
1255301936280207363
1255302139628466176
1255302458051526657
1255303033535311873
1255303098597289984
1255303176527511552
1255304169709338627
1255305130498502661
1255305138710945793
1255305266591137793
1255305543834632192
1255305750949306368
1255306078046347265
1255306107393847297
1255306175891083264
1255306521816203264
1255306629706403846
1255307585999298560
1255307687912452097
1255308213710458880
1255308303971815424
1255308325832601600
1255308652401082368
1255309217814196226
1255309228367138817
1255309461574557698
1255309462233124866
1255309668861333505
1255309688226353154
1255309849266655234
1255309940203433987
1255310266796998657
1255310347541647360
1255310353111662592
1255310356584574978
1255310559798611968
1255310690916741122
1255310691311005696
1255310821967769600
1255311100452757506
1255311115195682817
1255311245244325888
1255311661449314305
1255311671834394627
1255311679879086080
1255311796350652417
1255311877841788928
1255311897278242817
1255312000827129857
1255312223775395841
1255312962207854592
1255313165732188168
1255313166231310344
1255313244903874560
1255313588077694979
1255313866197786626
1255315133758406656
1255315703873363968
1255315719195164680
1255315940570468355
1255316447347212288
1255316889485619200
1255317138526679042
1255317198622666752
1255317428529233920
1255317868129984512
1255317990343663618
1255318015211720704
1255318209668005890
1255318324944220161
1255318400152281090
1255318663109976065
1255318886255296513
1255319190967406593
1255319481951432715
1255319561915838464
1255319585982763008
1255320264780460032
1255320300037771265
1255320402181701633
1255320752246702080
1255321360538177539
1255321568252702724
1255321967680466944
1255322022516862978
1255322338842853377
1255322532112187395
1255322595366506499
1255323206652776449
1255323261623205889
1255323352794890240
1255323482176528387
1255323650473054209
1255323862318882817
1255323947815534595
1255324200753139712
1255324632107843589
1255324744385277952
1255324759790882816
1255325245243822081
1255325564870819842
1255326228208377859
1255326716236570625
1255326772557733888
1255327182777434113
1255327776707686405
1255328344180228099
1255328394801274882
1255328461926928385
1255328631477489664
1255329220915539968
1255329222811439104
1255329225302827008
1255329730439581696
1255330734488858624
1255330739635265536
1255330923387682819
1255330983781466115
1255331486917689344
1255331547600863233
1255331707928154112
1255332212356059138
1255332383294980097
1255333193575731200
1255333277377978370
1255334041827586050
1255334462256275457
1255334987215376387
1255335149924950016
