1252103815379193856
1252104904296083456
1252107026815160320
1252107647177969664
1252107739796402178
1252107900752924673
1252108038682656768
1252108115345993728
1252108116532985856
1252108120987504641
1252108436738920449
1252108646554664962
1252108750858657793
1252113862968709121
1252113868312031232
1252114591657623552
1252114621625925632
1252114673706708992
1252114740412899330
1252114830074527744
1252115163550896129
1252115289161887746
1252115290650861568
1252115291959488513
1252115489024868352
1252115565684162561
1252115636119109637
1252115928944267264
1252116170435592192
1252116193886064641
1252117124446711808
1252117471827496960
1252117968877584388
1252118285144866816
1252123547977363458
1252123617233641472
1252123669792460800
1252123984222658561
1252124859011944449
1252125078453657601
1252125175971287040
1252125205478223872
1252125480125452288
1252125487234777088
1252125953154785280
1252126354579038208
1252126450276339712
1252126521915031556
1252127201157435394
1252127630637387777
1252127671783272448
1252132810367926272
1252133387055357952
1252133583004872704
1252133664403709952
1252133844720988160
1252133864295677952
1252134039185694726
1252134354857361408
1252134941690925056
1252134994702667777
1252135322386935815
1252135381388136449
1252135927431876609
1252136051373756418
1252136569235836928
1252136710361628672
1252136816112799744
1252137218375929856
1252141873680076805
1252142221870202880
1252143152862879744
1252143205304471552
1252143279103238145
1252144020870045698
1252144289792000000
1252144586924781571
1252144641517944838
1252144914839855104
1252144956661215234
1252145034968928256
1252145120889233409
1252145167726977025
1252145348577038337
1252145478084333568
1252145624742576128
1252146272833728512
1252146439918157824
1252152132133957634
1252152514126008321
1252152530039169025
1252153177006321665
1252153226658365441
1252153507618058241
1252153722471362560
1252153747976970241
1252153775659368448
1252153793665523717
1252153906332790784
1252154094552154112
1252154777569550337
1252155871569809408
1252160391016308737
1252160405566361606
1252160467587473411
1252160672101777408
1252160965648379905
1252160966894039040
1252161090663911424
1252161406331490304
1252161406675361793
1252161887858540546
1252162119719583745
1252162311256760320
1252162412721160192
1252162542929162240
1252163617656627206
1252163810439372800
1252164932428345345
1252169754250547200
1252170155368615938
1252170510663729152
1252170684148649987
1252170691924852738
1252170819809226752
1252171158893420544
1252171160722145282
1252171856586694657
1252172182735781889
1252172237165207554
1252173519628251136
1252173682249805826
1252173709596676097
1252173956095885319
1252178845660258305
1252178906339250177
1252178981090197511
1252179015185641473
1252179282882895872
1252179475179200519
1252179475548291073
1252179744646475781
1252179843556483073
1252180107961212929
1252180541576744961
1252180558605680646
1252180684837355521
1252180924290170880
1252181600588066818
1252181619911385088
1252181628945870848
1252181722332041223
1252182403055050754
1252182428829069312
1252182526040342528
1252182604255617024
1252182846493655041
1252183136772845569
1252183296844447747
1252188102162026496
1252188269573480449
1252189041228988416
1252189106630799361
1252189214210310144
1252189222959755265
1252189617392103424
1252190154766397440
1252190216980439041
1252190745580232704
1252191050325729282
1252191163991289861
1252191166084214787
1252191523023790081
1252191531173216256
1252196516443369473
1252196526430044160
1252197217705832448
1252197406202105856
1252197632237285377
1252197794808561664
1252198631941292033
1252198670642094081
1252198694981689352
1252198952914628608
1252198954684604417
1252198958543372289
1252198960883736581
1252198961861013510
1252198962808926209
1252198975547072512
1252199000616382464
1252199013752999937
1252199058568966145
1252199120950792192
1252199297988386817
1252199655850610688
1252200538269265921
1252200982873878528
1252205387110989825
1252205496825778176
1252205816532406272
1252206424664551426
1252206666969427968
1252206712137924610
1252206863556521984
1252206864596598784
1252207018967875584
1252207149025034242
1252207275068047366
1252207351471407105
1252207472569389056
1252208223681200129
1252208680881262597
1252209041503186945
1252209262958436354
1252209505691144193
1252209809119760387
1252209908558241793
1252210214297841671
1252210220278964224
1252215702108454912
1252215957772210177
1252216205152223232
1252216380356587523
1252216641473130497
1252217210568765441
1252217878763495425
1252217907892883457
1252217912254820353
1252218314476093440
1252218536220594176
1252219152758161411
1252219609337430017
1252220077136642049
1252220138826457089
1252224159649869825
1252224387631153153
1252224521307934722
1252224727201939457
1252225097890480128
1252225684056862722
1252225776335929344
1252225776419663874
1252226107081818114
1252226150656507905
1252226152564961280
1252226829173379072
1252227046232731649
1252227050095730694
1252227150922407937
1252227152101076994
1252227245013438464
1252227256338046976
1252227528284147712
1252227643593953281
1252232494742552580
1252232822426746883
1252232847772880897
1252233027469455362
1252233187448643585
1252233664731025416
1252233699640463360
1252233703054430212
1252233740215975938
1252233869891219465
1252233916573859849
1252234556062613507
1252234643849412609
1252234685163294720
1252234747197059075
1252234785159655424
1252234834774114306
1252234861126926338
1252235375034032129
1252235692337270784
1252235750151606272
1252236030851215364
1252236102426963977
1252236513385033728
1252236559476117504
1252236623007236097
1252236726782713858
1252236831539621893
1252241219536773120
1252241395969961985
1252241442803613696
1252241465356550144
1252241525364449280
1252241736660852738
1252241906450358273
1252242002743365633
1252242507234045954
1252242552373178369
1252243152129323014
1252243207171293184
1252243241480663040
1252243492694302721
1252243543244050432
1252243840729219072
1252244239699914752
1252244285677846532
1252244649923600384
1252244657804730373
1252244784426573825
1252245019404238855
1252245334044147714
1252245388595269632
1252245485458460673
1252249851452063744
1252250291593981956
1252250296123875328
1252250664400453632
1252250676505313287
1252250703067844608
1252250707501240325
1252250879102791686
1252251193369378816
1252252329405042689
1252252485432926208
1252252517897048064
1252252561022898185
1252252597525917698
1252253182396424194
1252253307692814336
1252253541953044480
1252253769284366338
1252254096289075207
1252254099262902272
1252254104119914496
1252254149506457600
1252258776683548672
1252258859873230848
1252259366822019072
1252259371360215045
1252259547952984065
1252259897552572416
1252260115027095552
1252260122161639424
1252260244799082496
1252260596231409664
1252261154853879809
1252261435142529026
1252261922789036033
1252262056868352001
1252262622705180673
1252262891568238594
1252263016969601024
1252267528325402624
1252267546453180419
1252267669253795846
1252267710031028224
1252267991938596871
1252268034137354241
1252268200521273346
1252268705188282374
1252268926903431168
1252269546905501699
1252269627142541312
1252270021109338114
1252270176495710213
1252270579073388544
1252270797126799360
1252271083153248256
1252271543654154241
1252271580803002373
1252271619956850688
1252271648578863104
1252271711149490177
1252271838203449349
1252276438264397824
1252277105158770691
1252277344754163721
1252277612703100929
1252277939695161346
1252279584160133120
1252280053821509637
1252280336064622593
1252280657520267270
1252280767499157513
1252280864177872901
1252280879440957441
1252281325102477314
1252281644750422019
1252281681324773378
1252281958085865473
1252282059785228290
1252282230862426126
1252283048915238914
1252283065814179841
1252283493826080773
1252283778178797568
1252288681165180938
1252289232342781953
1252289281873362956
1252289319433191429
1252289713781780488
1252290569583366144
1252290763897135104
1252290943069360129
1252291263077941255
1252291358179688448
1252291463381221379
1252291832404377601
1252292465291399169
1252292607490715648
1252292609382461440
1252297276065751047
1252297524590739456
1252297618706726912
1252297954859159553
1252297997221847040
1252298014250749952
1252298409425481730
1252298552094662666
1252298625671065609
1252298685179977728
1252298702175305731
1252298916479016961
1252298931754733574
1252299009240166415
1252299554701152259
1252300786547163138
1252300966814244864
1252301083818549255
1252301424836308992
1252301463260401666
1252301482860392449
1252306314849587201
1252306398114795520
1252306402883915782
1252306549579472896
1252306579321499649
1252306667603197952
1252306796741455880
1252306844007137282
1252306948378308608
1252307232814923778
1252307337911640064
1252307356639248384
1252307699527757824
1252307912405454849
1252308311849840640
1252308320540557314
1252308487960432642
1252308819281170434
1252308849362710529
1252308894032027660
1252308936507699201
1252308944409604096
1252308961690296320
1252309372954447873
1252309501459513345
1252309678027145216
1252309854246617090
1252310227782901766
1252310279708381184
1252310307944435712
1252314640391995409
1252314661153882116
1252314742015787008
1252314933641035777
1252315171986472960
1252315345605582851
1252315597557334019
1252315647037583363
1252315732160974848
1252315899819888641
1252316386086576129
1252316594375704576
1252316868280373248
1252316947091505155
1252317035591278600
1252317107154350080
1252317211777208326
1252317299849256963
1252317476290998272
1252317656004399105
1252317832437792768
1252317861122539521
1252317888050069510
1252318771420766209
1252323779184865281
1252323850467098629
1252323999243284481
1252324173482844162
1252324523099271178
1252324820878008323
1252324912758472704
1252324923873398784
1252325117499248647
1252325282515767297
1252325452280205316
1252325524099211265
1252325628772339715
1252325804844990464
1252326295863787520
1252326408556294144
1252326482778755074
1252326632641224711
1252327579647979522
1252327593845678086
1252327667803795457
1252327844077809664
1252327889435066376
1252327931961118720
1252332513093021696
1252332747617701889
1252332989805027328
1252333770193035269
1252333947310215168
1252335695332605956
1252335696548937728
1252335717281345538
1252335816698986502
1252335846293938178
1252335904678727687
1252335959611506688
1252336036929138694
1252336081313378310
1252336250339508224
1252336257637724163
1252336433584574464
1252336454484873217
1252336455738814466
1252336659821211648
1252336725495558144
1252336727890395136
1252336729060773893
1252337025161629697
1252337026508165121
1252337138621747200
1252337298743721984
1252337314275233801
1252337424837066753
1252337651123777541
1252337654445699072
1252337710104080384
1252337726705164291
1252337744724004866
1252337877452599297
1252337991495766022
1252337994075451394
1252338102816829440
1252338111062978566
1252338174862528513
1252338208010121216
1252338229480755202
1252338296132435968
1252338427535687680
1252338429972660224
1252338430954143745
1252338473089916928
1252338561522765824
1252338695006556161
1252338737830400001
1252338867799158785
1252339093322620928
1252339222784008193
1252339345043816448
1252339403277635584
1252339404305248260
1252339486878511104
1252339768295227393
1252339769507381248
1252339931856293889
1252339933143904262
1252339935773724677
1252339986097152000
1252339987133030405
1252344861816000513
1252344914903396354
1252345343028588544
1252345913210634243
1252346039383646209
1252346130613956609
1252346223022899201
1252346298474221568
1252346332884299776
1252346392997031938
1252346567400407043
1252346785030213634
1252346924130136067
1252347096033705989
1252347453191249921
1252347709555499009
1252347892431417346
1252348032529559555
1252348057049395206
1252348232933376001
1252348452047958025
1252348639826993152
1252348651768172545
1252348782890463233
1252348879153971200
1252353487439974400
1252353722148982788
1252354189637763074
1252354406382579716
1252354856729186306
1252354867428880390
1252355374973251590
1252355748576673793
1252356030123479040
1252356257232478217
1252356306964381701
1252356406964940802
1252356595448639494
1252356760146284544
1252356822167519235
1252356865222012934
1252357146101968897
1252357149805604865
1252357364960788482
1252357368135876614
1252357369398321159
1252357698609278976
1252357757585391618
1252357931070152704
1252358006420803584
1252362402252767236
1252362423350116353
1252362546905923586
1252362716687130624
1252362964688007168
1252363253289635844
1252363282335186946
1252363521532125187
1252363743771557888
1252363784854749185
1252364350955778051
1252364485379059719
1252364873062682625
1252365178215096324
1252365479051579397
1252365660320985091
1252365925740761090
1252365947014246406
1252366062894514176
1252366131160969218
1252366252095320066
1252366569876762624
1252366617368948737
1252371350926225408
1252371716824682500
1252371905991999488
1252371926787346432
1252372077752926219
1252372309354008576
1252372336839294979
1252372694995091459
1252372799697502210
1252373000621449217
1252373189054787585
1252373272722722817
1252373365718802433
1252373881546878981
1252374532607770629
1252374704469368837
1252374878541377544
1252375109555249152
1252375281941114889
1252375369711144960
1252375425205956616
1252375781663096835
1252380495310024705
1252380920599830533
1252381014543851521
1252381368119525383
1252381579625656320
1252381925005594626
1252382207793983495
1252382248411660288
1252382709080420353
1252382865444102144
1252382917260533765
1252382917730299906
1252383171942834179
1252383239672455168
1252383250204352514
1252383280495620098
1252383415984218112
1252383437316476931
1252383485949382657
1252383905170067459
1252384202630168577
1252384435070091269
1252384462563766273
1252384510538178560
1252384516095635460
1252384523154649088
1252384540078694400
1252384615454535680
1252389283396071431
1252390076442480646
1252390298740592643
1252390366189285378
1252390370052149253
1252390520866799619
1252390617738407947
1252390678513868803
1252390718653399041
1252390770616623105
1252391129384808455
1252391271907201026
1252391297568043009
1252391393672097793
1252391620357439489
1252391778554011649
1252391929595039747
1252392005964972032
1252392510128713731
1252393247743176704
1252393321541992452
1252393381113683968
1252393451104030720
1252393497778253824
1252393557945487362
1252393721322016775
1252398256920776704
1252398390735822848
1252398394217127936
1252398426190315521
1252398911857123329
1252398945340239874
1252399126639079425
1252399174315737090
1252399474833453056
1252399798088433665
1252400498231013376
1252400703902871562
1252400711716888576
1252400893065977856
1252401065984536578
1252401173711040514
1252401814311297025
1252401839389028353
1252402431754829825
1252402449735798784
1252402482774331396
1252407105971056641
1252407139521327105
1252407331607867392
1252407525804093440
1252408391344910341
1252408661223157764
1252409168616538113
1252409603775578113
1252409607126835202
1252409798382870529
1252409839440912384
1252410047956570115
1252410991561674756
1252411383934709760
1252415894812127233
1252416817638731779
1252417082492203013
1252417105141497856
1252417257906401281
1252417325816410113
1252417635368620038
1252417737713836035
1252417910951178245
1252418576637554688
1252419019824443396
1252419034869452801
1252419167413604352
1252419327623458819
1252419884375400449
1252424987799023617
1252425109995876362
1252425125309243398
1252425660120760325
1252425711299641345
1252426004250804224
1252426630024146952
1252426716007378945
1252426805165752320
1252426930353102848
1252427027673579525
1252427040189382656
1252427109785407488
1252427216228474885
1252427219432927233
1252427460106260490
1252427955524956160
1252428199666966528
1252428218155405315
1252428500729921537
1252428594179002369
1252428982638620675
1252429082878304265
1252429393508491267
1252429408859611137
1252433982551023616
1252434680739057664
1252434862193078274
1252435156008239104
1252435329727909890
1252435337806090241
1252435827268874247
1252436125894840320
1252436139144646656
1252436407143919617
1252436627680456704
1252436755808043013
1252436808467533824
1252437259539931137
1252437412891856896
1252437538075107329
1252437791100661762
1252438328487497729
1252443430740987905
1252443625578999809
1252443648417042432
1252443679035469831
1252444084242972672
1252444341160873985
1252444391794499585
1252444655972569088
1252444765356003330
1252444792019173378
1252444961322283008
1252445182576021504
1252445206407938048
1252445284430471169
1252445295046254592
1252445429696016386
1252445473052471300
1252445561762058241
1252445630703849476
1252445717614014466
1252445738291933184
1252445915631308800
1252445998544228352
1252446092651880450
1252446499067310081
1252453125199482880
1252453181960982528
1252453269995245569
1252453446386622464
1252453534756417536
1252453534970400768
1252453612602699779
1252453708434223110
1252453710866919426
1252453867482120200
1252453874494894081
1252453887379943425
1252454036273606656
1252454063792422912
1252454130649612288
1252454194314960896
1252455687499677702
1252455838578618369
1252455926474379269
1252456102786195456
1252456190698819584
1252456367090262016
1252456543179681792
1252456718648446977
1252456846968803333
1252461679348252677
1252461714618093570
1252461855777447937
1252462031631986689
1252462146967031808
1252462149965885441
1252462175836405760
1252462705274793984
