1245998573948370945
1245998794010963969
1245998929390350337
1245999440017661952
1245999846089207809
1246000030206644226
1246000157587640320
1246001997167439873
1246003013573062656
1246003065469181952
1246003352716050434
1246003841184731136
1246004339702812672
1246004420413808640
1246004725591543809
1246005295631007744
1246005647533125632
1246006582095294464
1246006827445346310
1246007302609440769
1246007333144145920
1246007486869454849
1246008224316182529
1246009558914543621
1246010416565805056
1246010707159760898
1246010881080791040
1246011114913255424
1246012049412558849
1246012724724858885
1246015273200566272
1246015463806599169
1246015584418041856
1246017020962861056
1246017655066243072
1246018475988000768
1246020807077347328
1246021721767006208
1246023292995043328
1246024081004285953
1246024434638561288
1246025905962659841
1246026096266678274
1246026120945950720
1246027030895960072
1246027127037636610
1246028699545321474
1246029174382440451
1246030176993062914
1246030297445150722
1246030913986801667
1246031155197104130
1246032125398220800
1246032555427717120
1246032867840458752
1246033813144244226
1246034167294570498
1246035197117599745
1246037629503565824
1246038031833980928
1246038952596975619
1246040339850420224
1246041057797836802
1246041089968148481
1246042031794925571
1246042295868293120
1246042571840688129
1246043313012125696
1246043318942928898
1246045595283816453
1246047121058549760
1246047576517828610
1246048766546923521
1246048910113570816
1246050986973630467
1246051795207696384
1246052475301486592
1246053470144065536
1246053893597007872
1246054339442958336
1246055672636211201
1246056284543168514
1246058192242688001
1246058488310226945
1246059182832275458
1246060003603046410
1246060295845445632
1246060419321671680
1246060810792841217
1246061384409829381
1246061613234282501
1246061767937142784
1246062531111792645
1246063154079182848
1246063307028664321
1246063889600712704
1246064401951666181
1246065836395290624
1246066633044643840
1246067580806316032
1246067698121007105
1246067756128223232
1246068268638646272
1246069431773560833
1246069523880566784
1246069652448595968
1246069890760523776
1246070109132804096
1246071786300674048
1246072187133427713
1246072254544392192
1246072572560592896
1246072708057559041
1246073326717423618
1246074130773897219
1246074925892370432
1246075744557686784
1246075924900130816
1246076068894846977
1246078057506619393
1246078646340616193
1246079594089918466
1246079622401400832
1246079745068064776
1246080028254916610
1246080293934632960
1246081129163218944
1246081323695050756
1246082154486018048
1246082468890828805
1246082701234450432
1246082703759376385
1246083765182529536
1246084929664036865
1246085053412790272
1246085136120041472
1246085136233398272
1246085419306909697
1246086037278994436
1246086679083069441
1246086725945917440
1246088047105622016
1246088646312239104
1246089207333912576
1246089903479361537
1246090027236458497
1246092080188964864
1246092698907480065
1246092828012359680
1246093018886791168
1246093038234955776
1246093262907203588
1246093502599041029
1246093559926870016
1246093773303689216
1246093814445547520
1246094134626013186
1246094321763270658
1246094423299100672
1246094666849644546
1246094691323559936
1246094868478406656
1246095859340595200
1246096065394290688
1246096090077765633
1246096725422551040
1246096817382739968
1246096822847897600
1246097008429092864
1246097495937052675
1246097732902825987
1246097841316974595
1246097967381086211
1246098465446387713
1246098598858641411
1246098811438518272
1246098955957669888
1246099908265836545
1246100279898132483
1246100326006108162
1246100973061148672
1246101643810095104
1246102227271454722
1246102417780944896
1246102583158222849
1246102937383981056
1246103185288237056
1246103342021033985
1246103734347685889
1246103971044917248
1246104207939289090
1246104239438520330
1246104313967128577
1246104524726710276
1246104530657427456
1246104623489994753
1246104706138673154
1246104756201848832
1246104880001044482
1246105117448962057
1246105133571768320
1246105133781581829
1246105402720292864
1246105551441985541
1246106627717189633
1246106895397670912
1246107018726903808
1246107736628056070
1246107902156431361
1246108584154447874
1246109598022598662
1246109709754662914
1246109858727751681
1246110142615171072
1246110331841187842
1246110355618557952
1246111085536538625
1246112003342528513
1246112813535248384
1246113482925375488
1246113679516545028
1246114539986284545
1246114968065499136
1246115487030874114
1246115515686195201
1246115857631031297
1246115876987760641
1246117119458238466
1246117213448343563
1246117728508956675
1246117918795952128
1246118101281910794
1246118442735935488
1246118527146262529
1246118664832679936
1246118806533128192
1246118815416582150
1246118930504200200
1246119737190264833
1246120627766996993
1246121511284547585
1246121708450349057
1246121723340169218
1246122015393800194
1246122895367168008
1246122912899203073
1246122950182436876
1246123164897329162
1246123211126910977
1246124670794887168
1246124984252030977
1246125273961070594
1246125469306519553
1246125695899766785
1246125887885582343
1246126039509712897
1246126118094209024
1246126129955721218
1246126328673234944
1246126392477126658
1246126537461706755
1246126619665850368
1246126826117681152
1246127067638296576
1246127149616152578
1246127753214210049
1246128104671784960
1246129053071036419
1246130369994293249
1246130406677778435
1246130417465536512
1246130451447713792
1246131188940578816
1246131308092424195
1246131516901646339
1246131934767591427
1246132004032315392
1246132258597031937
1246132299793608706
1246132524310581248
1246133460487544834
1246133947777589249
1246134157652168704
1246134790492913664
1246134794767011843
1246134933438885888
1246135268865970177
1246135453457276937
1246136472463380483
1246137765768691715
1246138050813612032
1246138063794864129
1246138187166232576
1246138279851950081
1246138426702942211
1246138534890790912
1246138579136532486
1246138728290168838
1246138823341412355
1246139248538980353
1246139366403182593
1246139745429860353
1246141534396956673
1246141794389286915
1246142033611218946
1246142452039405570
1246142481227558914
1246142725646422025
1246143129323032583
1246143130715422722
1246144249667690498
1246144332534558721
1246145077442994188
1246145464082325504
1246145778114088960
1246146160550727680
1246146546447589376
1246146823590461440
1246146864342126592
1246146932004675584
1246146968822431745
1246148058188038149
1246148404671139840
1246148759995781120
1246149344513777664
1246150454771245057
1246150503316295681
1246150532785373184
1246150671818084352
1246150867260145670
1246151227894833153
1246151360522805248
1246151415233421314
1246151964804681728
1246152197148114944
1246152396692230145
1246153739716583424
1246154850909519875
1246155328904990720
1246155852094078983
1246156467188760583
1246156795208327170
1246156808760315912
1246156863302926340
1246157275175309312
1246157685621264384
1246158860399677440
1246159663818772481
1246160065331114000
1246160326392983554
1246160350971670528
1246160442252316673
1246161332765954048
1246162014919102465
1246162509570215941
1246162612016107524
1246164870279639044
1246166049256615937
1246166060534988805
1246166315678806017
1246167066706509824
1246167909271044096
1246168000014811142
1246168039030210567
1246168048505151490
1246169749920403456
1246169988924350464
1246170106415235077
1246171867339161601
1246174586674298880
1246174871471742978
1246175831531163652
1246176723143659520
1246177330122256384
1246178168534335489
1246178790918610944
1246179216061878273
1246179331434598401
1246180368975306752
1246180450831228928
1246180560206278657
1246182140871684103
1246182345973157888
1246185828700864512
1246186754178199559
1246187842713329665
1246188143323340800
1246189934685364229
1246190155796537352
1246191871929585664
1246192303062073344
1246192329322565634
1246192593181888513
1246193858796494850
1246194034252623877
1246194521483993090
1246195638997581825
1246196498150223872
1246197157687955456
1246197165401223169
1246197371589005312
1246197544910274561
1246197797457625090
1246198428406857728
1246198473910878208
1246199043568611328
1246199524634374148
1246199755266547713
1246199926016614404
1246200072158748672
1246201196030955531
1246201210400649216
1246201555583459328
1246205165557989378
1246205237800636417
1246206520469192708
1246207229088456705
1246207232456392707
1246207534685446144
1246207743037526023
1246208511849177090
1246208887365099521
1246209575419854851
1246212328363905024
1246212514637119489
1246212905105752065
1246216174053933056
1246216210393391105
1246217103461490689
1246217289596375040
1246217291177644035
1246217383385194497
1246217475135541248
1246217632380051458
1246217891571261440
1246218412050788352
1246219269920239617
1246219529816100864
1246220048861102086
1246220222056538112
1246220776107278336
1246220781836734465
1246221024682577921
1246221524593291265
1246221952311865344
1246222134520750081
1246222258680537088
1246222466743185409
1246223340554964992
1246224560539815936
1246224783076974592
1246226048825438208
1246226254484975618
1246226535666929666
1246226877913747456
1246227017986650113
1246227942226657280
1246228209907228672
1246228339263787008
1246228866856824832
1246229032049532944
1246229718787072001
1246229880464949248
1246230240722116615
1246230283357208576
1246231296277430272
1246231365693181953
1246231802416713731
1246232046051229697
1246232308358746113
1246232814342811648
1246233032903643136
1246233320448499712
1246233469035974656
1246233827330207745
1246234161641402370
1246234227416469504
1246234840439152641
1246235128487174145
1246235316282896385
1246236310483976195
1246236778719215616
1246236817948622848
1246238055192825858
1246238320541061124
1246238687488286720
1246239281636470785
1246240175430045696
1246240468708573189
1246240634433912837
1246241038722830336
1246241441778556931
1246241755713998849
1246241912639668224
1246242263463858178
1246243137422491658
1246244847410769921
1246245681464897536
1246246465938378752
1246246993372106753
1246247010904178696
1246247120337764359
1246247998478340096
1246249617735417857
1246250062923141121
1246250115414835201
1246251181883699200
1246251525195862017
1246251691583975425
1246252011923869696
1246252803879772162
1246253192645685249
1246254292756914177
1246255162475327494
1246255994570567680
1246256295956619265
1246257274970046464
1246257582257422336
1246258657869934593
1246259799320408064
1246260250598146050
1246261348801089542
1246261841338093569
1246262238631034881
1246262264816115721
1246262284185268225
1246262359955509248
1246262674045964289
1246263768222273536
1246265021971042305
1246265274044743683
1246266413301579778
1246266678696202240
1246267456399659009
1246268255947366400
1246268458548875265
1246268531320258560
1246268875563511809
1246269046636646402
1246270137545752576
1246270743031283714
1246271464023744513
1246272952426999808
1246276093650161664
1246276804270329856
1246277742217310212
1246278237816324096
1246279388267778052
1246281551136071686
1246281704660074498
1246284108021616640
1246284300938555393
1246284656770715648
1246284993065660416
1246285227657433088
1246286869500919815
1246288234465964033
1246288330930696193
1246289033573122048
1246290310260391936
1246290440808050688
1246292793619816448
1246292936284942337
1246293597940592641
1246294634747191296
1246294698534350850
1246295290405158912
1246295437096529920
1246295440162574337
1246297969587961856
1246298322501074944
1246298988359438338
1246299391415050240
1246299717912297472
1246301626937139200
1246302529744506884
1246302749433532419
1246303431574208513
1246303519256260609
1246304981088645127
1246305397935407104
1246306208937467904
1246307021474971650
1246311438215294981
1246312699580964865
1246312994335682561
1246313263383613440
1246313411060908032
1246314414598488064
1246316914688827392
1246317278993567744
1246318330350362626
