1255337686510055424
1255337898473390080
1255338908419862528
1255339536223211520
1255339600446398465
1255339634164457472
1255339834224381952
1255340196532498432
1255340244523679746
1255340357912604674
1255340379332886528
1255340381497155584
1255340507280158721
1255341088107376640
1255341299043106820
1255341811155046402
1255342266744549376
1255342282863251456
1255342513545711617
1255342702893375488
1255343857413357570
1255344162393686017
1255344313439064064
1255344316882567169
1255344317608218626
1255344319768248321
1255344806030688259
1255346335957618690
1255347150415974401
1255348787909967872
1255349178399670276
1255349297027190784
1255349362672259072
1255349734623064064
1255349789505605633
1255350021668638721
1255350169937293312
1255350232428294145
1255350281996566528
1255350673673277440
1255350849011945473
1255351175332990977
1255351254898872322
1255351552283496448
1255351639118172162
1255351643266338816
1255351652099534848
1255351872879296512
1255352873782837248
1255352875728986112
1255352886562893826
1255352940216365057
1255352950584680449
1255353114120663042
1255353490488152067
1255353502974476288
1255353780088049664
1255354343806636032
1255354437591236608
1255354524778270720
1255354535335378944
1255354767523622914
1255355134370086912
1255355184231874563
1255355479720710147
1255355809560768513
1255355857119981569
1255356163207692291
1255356224218038273
1255356447082381314
1255356450710474753
1255356543224209410
1255356551340179457
1255356663172861952
1255356866529497088
1255357110650617856
1255357265982480386
1255357574657998848
1255359277319032835
1255359304837857281
1255359418075660289
1255359420558725120
1255359423628918786
1255359426162286594
1255359429433835520
1255359601895235585
1255359988706443264
1255360044893458433
1255360093182451713
1255361210679275522
1255361237623418880
1255361239343149057
1255361244103610369
1255361495669637120
1255361860968370178
1255362302330748929
1255362611824246784
1255362785833254915
1255363054289682433
1255363095121276929
1255364165012684800
1255364896100888576
1255364931026894853
1255365236787462144
1255365380152995844
1255365440282537985
1255365487581683714
1255365727219040259
1255365758886051840
1255365955330494466
1255366269412544512
1255366307270340616
1255366467899490304
1255366645889077249
1255367108944367617
1255368499117076481
1255368676968144897
1255368677500870657
1255369483511828480
1255369545000407042
1255369699111718912
1255370208828690432
1255370422138408962
1255371243089473537
1255371257178193922
1255371367538724864
1255371617754120195
1255371632132136964
1255372921226301440
1255372932550967296
1255373094069448705
1255373261963243521
1255374286828777473
1255374396904157186
1255374398724374528
1255374404214718465
1255374406060310528
1255374833048866817
1255375018256666625
1255375106592903168
1255375147441295360
1255375968161669120
1255377043354726404
1255377161839616000
1255377161915183105
1255377365292789760
1255377664229232640
1255377898057486336
1255377913270149121
1255378385133592576
1255378644081483776
1255378896947679235
1255379356651851777
1255379559597387778
1255380031263686657
1255380068941082625
1255380087387688960
1255380225195679746
1255380996322734080
1255381454923747340
1255381580400427009
1255381615712309249
1255382290907246593
1255382447203717120
1255382599154970625
1255383650620903426
1255383751481319424
1255383919475777536
1255384457378517000
1255384947969470467
1255385041393332226
1255385771848146944
1255386028350869505
1255386109523169283
1255386147431342080
1255386809032486913
1255386869182889986
1255386945225732098
1255387254056419330
1255387657233936384
1255387661273051136
1255388234420543488
1255389054436245504
1255389487523340290
1255389501783969796
1255389817397030912
1255390076466614273
1255390078463094786
1255390286299254785
1255390445745713152
1255390449906393093
1255390500292526084
1255390677606809602
1255390945874522112
1255391258207498240
1255391675389796360
1255391765319823363
1255392639299485696
1255392926277959681
1255394106303483904
1255394197726801922
1255395166812360705
1255395532782080002
1255396058592665600
1255396518250655748
1255396789672448002
1255397041964036096
1255397480566607872
1255397541493039106
1255397545519583240
1255397596056686594
1255397909966790657
1255397911782924288
1255397915398455296
1255397917881442311
1255398302465626113
1255398303459684360
1255398305854623754
1255398307033202689
1255398696444887040
1255398703608848389
1255398712832151552
1255398911763722242
1255398923205857280
1255398926452219904
1255398932890505225
1255398947025281026
1255399006383079430
1255399006378831874
1255399079984668673
1255399231080280065
1255399308087738369
1255399310537129984
1255399577424969728
1255400193765380096
1255400360803479553
1255400676362014720
1255400888119758851
1255401277304995842
1255401355575013377
1255401367503613972
1255401441914740736
1255401456737361921
1255401486885978117
1255401945088634883
1255402433251074048
1255402777834074112
1255403429876436992
1255403940121907200
1255403966021734400
1255404227364564994
1255404894510551041
1255405227269898241
1255405262636285952
1255405348355289088
1255405630476746754
1255405716787036163
1255405896890560512
1255406026741944320
1255406034434359296
1255406207902330880
1255406425368604672
1255406426073300994
1255406460252667904
1255406462207131655
1255406762817204227
1255407495578882052
1255407544618692613
1255407948593090561
1255408069871362051
1255408224309784577
1255408433236447234
1255408782324240384
1255409483175649282
1255409533259788288
1255409936156233732
1255410050790719492
1255410186149380096
1255410374054162432
1255410548512116736
1255410806109454338
1255411143805411328
1255411237996945415
1255411325469102081
1255411775903797249
1255412733006274560
1255412871875493891
1255412893656518656
1255413092411998208
1255413249065078784
1255413318036205569
1255413429965393920
1255413441038344192
1255413512886779905
1255413883747160066
1255413930928857092
1255414092589826057
1255414106171092994
1255414127633276930
1255414151926726658
1255414337767985153
1255414560611348481
1255414755482841090
1255414941869314050
1255414992733638656
1255415000551784454
1255415170832236544
1255415191161974786
1255415752561131528
1255415782764314627
1255416901741805569
1255417497827893253
1255417896253227009
1255418092592812033
1255418823521570818
1255419023774437376
1255419126174154754
1255419575979651072
1255419577804238848
1255419643663192065
1255419981459750917
1255420623536508930
1255420840272953344
1255421116769845249
1255421541447327746
1255421727493980161
1255421782120714241
1255421929156227072
1255422056616923138
1255422086849409026
1255422668804849664
1255422838502240257
1255422928373649416
1255423100889563138
1255423590192857097
1255423685617483776
1255423750700498945
1255423988467187715
1255424286602465281
1255424682066685952
1255424801977634817
1255425059881127941
1255425251816738818
1255425366124122114
1255425538287718404
1255425938990469125
1255426114090160128
1255426179886206976
1255426520954388492
1255426596745420803
1255426631080034309
1255426705977741315
1255426947187904512
1255426953299050498
1255427038779002881
1255427153400934400
1255427537351651329
1255427672257241092
1255427739458457603
1255427741488472064
1255428338509905922
1255428357862367232
1255428531854639104
1255428653879525376
1255428746775072768
1255428780841152512
1255428997929893888
1255429243787530242
1255429251010105349
1255429802959482880
1255430022699114496
1255430191163281408
1255430398953377795
1255430667820847104
1255430862923075584
1255430910201257986
1255431196068151301
1255431385726291971
1255431756829818891
1255431918772006912
1255432261840887810
1255432273257693184
1255432391474233346
1255432653534347269
1255332315871526913
1255433218758754304
1255357136806256640
1255365014065688577
1255434014925762562
1255434284166455302
1255434286020399104
1255435032262475778
1255435144040787969
1255435199871160321
1255435381065109504
1255399756010008578
1255435699081416716
1255435715577602049
1255436041055592448
1255436041055592448
1255436113617072128
1255436206260858880
1255436763608363009
1255436842381586438
1255436852817006595
1255436913932197891
1255436975668178946
1255437847315861507
1255438043663695874
1255438160949137409
1255438250572906503
1255438773367832576
1255439069972234240
1255439443898531847
1255439791925182466
1255439848602771456
1255440716353978369
1255440801188007936
1255440895266164738
1255441024811520001
1255441675637448704
1255441851810791428
1255442047282135043
1255442698229690370
1255443361470844928
1255443517746434049
1255443803181330434
1255443821791502337
1255444363443867649
1255444856643751936
1255445413068451841
1255445512322416641
1255445693776515073
1255445743135084545
1255445865327661056
1255446550173683712
1255446737382187008
1255447032627675139
1255447147564195840
1255448194693189633
1255448453439787008
1255448485979197440
1255448669270261760
1255448972795224064
1255449278975217666
1255449382117408768
1255449383728005123
1255449383908388865
1255449385711828992
1255449423653593089
1255449518553927686
1255449624501870592
1255449799375101952
1255449965029187584
1255450155785916416
1255450373470523392
1255450542589050882
1255450562331578371
1255451305021243392
1255451443986923528
1255451514757427201
1255451821692379139
1255451926210150402
1255451929867620352
1255451959890530309
1255452039473180673
1255452054069313537
1255452252178956288
1255452369535610885
1255452391899570180
1255452427253354497
1255452599945486338
1255452607432273928
1255452659827519491
1255452848470601729
1255453042398429185
1255453938347905025
1255454540750520325
1255454746233778177
1255454764667731974
1255454871454732295
1255455758155747329
1255455861079781376
1255455880348401665
1255455897389797377
1255456010375962624
1255456069536681992
1255456362596794369
1255456506105008132
1255456626624036866
1255456812779876353
1255457079449522178
1255457513413230593
1255457567901450244
1255458096710922244
1255458473707556864
1255458933721968641
1255459711203381254
1255459717922553856
1255460031698436099
1255460427871510533
1255460779891003394
1255460905002860544
1255460987085389825
1255461006156926976
1255461392129409025
1255461686842179584
1255461721642328064
1255462283607752704
1255462412343525376
1255463149857316864
1255463165846065154
1255463422642225153
1255464090677452802
1255464191395233794
1255464418411982850
1255464453275037699
1255464484530946049
1255464486930087942
1255464488809136129
1255464894599778304
1255464899679072257
1255465886011600897
1255466177691897859
1255466214077403136
1255467034265124867
1255467273273389060
1255467806566555653
1255468198561869824
1255468544885653511
1255468681431257089
1255468865938694144
1255469006254899200
1255469193866117121
1255469399882059784
1255469429816770560
1255469448817004545
1255469600722038786
1255469901415952387
1255470027517710340
1255470377918136321
1255470401473347584
1255470415868309504
1255470489142734848
1255470710203527169
1255471027720802305
1255471097207762951
1255471184977842177
1255472108735549448
1255472323869712390
1255472382208356356
1255472667639132163
1255472836103323648
1255472841757274112
1255472849902583809
1255473693616201728
1255473737081720832
1255473897455173633
1255474185050230785
1255474721422036995
1255474779194363911
1255475288672292870
1255475473716523009
1255475612636123137
1255476722688045056
1255477712086536193
1255477852356648962
1255478090446274562
1255478135069515779
1255478185841565697
1255478558715191302
1255478860969377792
1255479395004841989
1255480391659663360
1255480863594348545
1255481245221470214
1255481557806190592
1255481775603802112
1255481993967648771
1255482048296476674
1255482049856704518
1255482130014113792
1255482203783512078
1255482225581326336
1255482320657756163
1255482700322033664
1255483265538035714
1255483379950256128
1255483589409587201
1255483641981001728
1255483967278645248
1255484059502940161
1255484460289720320
1255484495454666764
1255484511623798785
1255484540308598784
1255484888003891200
1255484922627788800
1255485141641842688
1255485169982717955
1255485185820446721
1255485195228254208
1255485265763872770
1255485352443285504
1255485472232673282
1255485530520911874
1255485594807021569
1255485820934459396
1255486345105092620
1255486419549786118
1255486477208821760
1255486536377937924
1255486873658691584
1255486892428197888
1255486973772476418
1255486998929948672
1255487091611447296
1255487128500350981
1255487463033839616
1255487655191642113
1255487704277692416
1255487849694101512
1255487864109965313
1255487938256949253
1255488169526599680
1255488205568294913
1255488382354042881
1255488391598223363
1255488395423465473
1255488492790038537
1255488560465170432
1255488650504175618
1255488737666052105
1255488785493766145
1255488960471674880
1255489147365724160
1255489398487089152
1255490283648712706
1255490300677677062
1255490513169534976
1255490601417670658
1255490777704210438
1255490807643193351
1255490865902096397
1255491062417719300
1255491219481821187
1255492480549752834
1255492807374131205
1255492924776894465
1255493013222105092
1255493129484058624
1255493188757917696
1255493189844324358
1255493277865979904
1255493314121535490
1255493340033888257
1255493339958448130
1255493454173478914
1255493480064876552
1255493826870902786
1255494040180662272
1255494318250512394
1255494422567018497
1255494436185874442
1255494438140379138
1255494440136908800
1255494652972711936
1255494802516426754
1255495072281505800
1255495433373257733
1255495583839780867
1255495671974633472
1255495848148062208
1255495848877797378
1255495860135354369
1255495937583132675
1255496115220250626
1255496291888611330
1255496468984729600
1255496477587247108
1255496527012921345
1255496560949026820
1255496752091799562
1255496866613075970
1255497036117540864
1255497072599588868
1255497364506361868
1255497421460844555
1255497483720982528
1255497529619333120
1255497701132812289
1255497814743887872
1255498244307726338
1255498263517704199
1255498339551834112
1255498402579783685
1255498569932574721
1255498659485155329
1255498788195782658
1255498846924345351
1255498936271470592
1255498964943732736
1255499385212940289
1255499454922326026
1255499598933753856
1255500310656831492
1255500451354759169
1255500505209540616
1255500562239537160
1255500608318119937
1255500919183159297
1255500920625995783
1255501007519391746
1255501192240693248
1255501274755334150
1255501451729817601
1255501477382172675
1255501628968501248
1255501818152587270
1255501850893312005
1255501900465819649
1255502126228348941
1255502350086737925
1255502378113138694
1255502495389974535
1255502806351519744
1255502983560859648
1255503542229622789
1255503834371305477
1255503846492823560
1255503935198167047
1255504135480320007
1255504291365863430
1255504462568992768
1255504570685493249
1255504736884789248
1255505639608127489
1255506225111973890
1255506246439968769
1255506334696554497
1255506699072475137
1255506778055479300
1255506954971164674
1255507000257138690
1255507110714060802
1255507144549548033
1255507214980263940
1255507507541311503
1255507515959279617
1255507932034334721
1255508909286141952
1255508997710413828
1255509263570669568
1255509315210956801
1255509433209274369
1255509533511897088
1255509538268221441
1255509617645412352
1255509689632280578
1255509697811152901
1255509794728927232
1255510322783424513
1255511022389116936
1255511048347701257
1255511207039111168
1255511479576559616
1255511836105084928
1255511924202184706
1255512101331841024
1255512152846282753
1255512277979103240
1255512452734877704
1255512453691199489
1255512462046232581
1255512475119820803
1255512499245518850
1255512541754769411
1255512616342077440
1255512695752798208
1255513061496172544
1255513178722627584
1255513237405171714
1255513280543678464
1255513285010612234
1255513469190901760
1255513560320552962
1255513910800678914
1255514110441160712
1255514176887406592
1255514319044972544
1255514375781318660
1255514496036212736
1255514584275959808
1255514593666961410
1255514622620205058
1255514625380102144
1255514663481204736
1255514878355353600
1255515061705113604
1255515170966777856
1255515184355061760
1255515470507229187
1255515510642483204
1255516106812465152
1255516534241406977
1255516890480488449
1255516978900545546
1255517155195596803
1255517243871379456
1255517583173914627
1255517793576984578
1255518020337913860
1255518070761836548
1255518081604083712
1255518216299913225
1255518347090952193
1255518477579718656
1255518844568952832
1255518861379670021
1255518862583517184
1255519181832937474
1255519193019174916
1255519340641779714
1255519532719931395
1255519549132361729
1255519606107787265
1255519637128843264
1255519681609375744
1255519804997480449
1255519813700648960
1255519902045286403
1255519973633658880
1255520078570930178
1255520255557894144
1255520346763075597
1255520431567769606
1255520611599896576
1255521105877630982
1255521105495961600
1255521106401931266
1255521374371827721
1255521530873819138
1255521919983652864
1255521932130353158
1255522125370327041
1255522231184228355
1255522255016284160
1255522472977412097
1255522561091346432
1255522630301605888
1255522755568680962
1255522789416673287
1255522916420255750
1255523094028062720
1255523186478845956
1255523286987034632
1255523342213419009
1255523647755780099
1255523702608990208
1255524026379833344
1255524135293390851
1255524263295094785
1255524269095882754
1255524306953568258
1255524478492250119
1255524688283000837
1255524775641915394
1255524781392363528
1255524869514637315
1255524957762838531
1255525762180026380
1255526147074461698
1255526386732879880
1255526387093553152
1255526508761923589
1255526845321273353
1255527526878916608
1255527615248687106
1255527687499796480
1255527791761805315
1255527880198688777
1255527910112444417
1255528006216568832
1255528233161895939
1255528295363481602
1255528526830239748
1255528921015222275
1255529058756067332
1255529318719111170
1255529673821478913
1255530120686821376
1255530141335379970
1255530271992098816
1255530526393458688
1255530884285059072
1255530890580631553
1255531066888159232
1255531634033659905
1255531843346141187
1255532209005572098
1255532288332443650
1255532313418629121
1255532569573175304
1255532841355665409
1255532929767428097
1255533106360135683
1255533194864136198
1255533199465361410
1255533525765406721
1255533681118150661
1255533941286674435
1255534032466608128
1255534365381210112
1255534377607536645
1255534378354081793
1255534403440312320
1255534692612345859
1255534695778881536
1255534763512868865
1255534897118224384
1255534998293184514
1255535089469005826
1255535588217888769
1255535764835831808
1255535770099683329
1255535853176266752
1255536029563486209
1255536079777783815
1255536080092266498
1255536382644273155
1255536484372951040
1255536571702546437
1255536692733390855
1255537343089577984
1255537501814624257
1255538056813318145
1255538156570624002
1255538224119910400
1255538244755894272
1255538261776359424
1255538890598998016
1255538998799294464
1255539174704209920
1255539224897519616
1255539566242525185
1255539633246658560
1255539652863418369
1255539729103126530
1255539737860820995
1255539887953948673
1255539921739186176
1255540013321916417
1255540606023217155
1255540814530392064
1255540822608666624
1255540831446020098
1255540903000883200
1255541080021504003
1255541168076709888
1255541344036106241
1255541523199991809
1255541638329442305
1255541698945564673
1255542127582416898
1255542221685882881
1255542803624583168
1255542895962140682
1255543080926818309
1255543180495163392
1255543826351042561
1255543827391266817
1255543919422648327
1255544187640045569
1255544191985152005
1255544384713641988
1255544613185769472
1255545541980647424
1255545932503937024
1255546196753596417
1255546285102379010
1255546550216003585
1255546855603216384
1255546894182383617
1255546904068456448
1255547081026088961
1255547266498166785
1255547300463722497
1255547409402380288
1255548398566027267
1255548500906921985
1255548856047198223
1255548894789767168
1255548944504979459
1255549212512706564
1255549739900309505
1255549966501777411
1255550053755817989
1255550511903883271
1255550541654097920
1255550576328409089
1255550873528422400
1255551044509204486
1255551118022791179
1255551158308925445
1255551514933936133
1255551602930352131
1255551779779026946
1255551807868162048
1255551855435886601
1255551895801905153
1255551980623159296
1255552148563247104
1255552312728117248
1255552399017758720
1255552694908973056
1255552970617434118
1255553301787140097
1255553407340994568
1255553449342627840
1255554093701042178
1255554174445596672
1255554497209929728
1255554707164028930
1255554727179419649
1255554882079252480
1255555059926138888
1255555835167555585
1255555835498909696
1255556236864565249
1255556346608574465
1255557188782903308
1255557365300105224
1255557719584575490
1255557844801400833
1255558104663687169
1255558233915142145
1255558349707501571
1255558745712726017
1255558854386913282
1255558997203017728
1255559288698949641
1255559759861817352
1255559848235851777
1255560025277370369
1255560201874419714
1255560240269086726
1255560378437767170
1255560410364891136
1255560558314692609
1255561540461375490
1255561652277252099
1255561837103513601
1255561934541221888
1255562038706921473
1255562119384313856
1255562840007639041
1255562920672493568
1255563037341188096
1255563108069801986
1255563120610861063
1255563741845950467
1255563964370518017
1255564048826941441
1255564671735738369
1255565460743077890
1255565615932342274
1255565655350231040
1255565717707149312
1255565909961216000
1255566179063590913
1255566228543987713
1255566228715954176
1255566242070626304
1255566433754460162
1255566589136699392
1255566651795308549
1255566844498341888
1255566911703846913
1255567177907871750
1255567180785213443
1255567593194377221
1255567621346525187
1255567662060417024
1255567662714773504
1255567860782546947
1255568015808032769
1255568195710267392
1255568233161273344
1255568715879514112
1255569308111065091
1255569784328069121
1255569801709187072
1255569802522836993
1255569802711560192
1255570217033502720
1255570608647294978
1255570712829530113
1255570796547903490
1255570986675703811
1255571280037924871
1255571363206778880
1255571587962671105
1255571703272480768
1255571866959384577
1255571892477374466
1255571895426199552
1255571899964436486
1255572193477443584
1255572269734166528
1255572340773175299
1255572504179064832
1255572842743238656
1255572885487247361
1255573090085593088
1255573125028347904
1255573174747639811
1255573463135170561
1255573693712957443
1255573699727482880
1255574054523637761
1255574819824824320
1255575137740521474
1255575405265735681
1255575418394075142
1255575906183196680
1255576441644875776
1255576757404647426
1255577770656256005
1255577795868143619
1255578112001060864
1255578526750834689
1255578552067477505
1255579029274492932
1255579559069732864
1255579876666609673
1255580203046375425
1255580236902731784
1255580284071927809
1255580351935713283
1255580691166683136
1255580745709637646
1255581043748413440
1255581302553825281
1255581411450511360
1255582217188802560
1255582796917157888
1255583077331501056
1255583320743739392
1255583417368039424
1255583472044949511
1255583824441982979
1255583965664116743
1255584067078123520
1255585003708100608
1255585241785421826
1255585312199213057
1255585362929496069
1255586571593699329
1255586691999567872
1255586695170469890
1255586763495690241
1255587456939954178
1255587565094215681
1255587808389062659
1255587990010826752
1255588001306087425
1255588055479660548
1255588317216866304
1255588776916799496
1255588869032083459
1255588936585564161
1255589481383522305
1255589566745989123
1255589938231459840
1255589999266988034
1255590315626344448
1255590401160949761
1255590494249250816
1255590498301026306
1255590631726030849
1255590909653192705
1255590913876865029
1255591047209660418
1255591196921139202
1255591272561205256
1255591528816431105
1255591989279625220
1255592446991503361
1255592799220772871
1255592989310713856
1255593092184444931
1255593100833173506
1255593117719420928
1255593282152935424
1255593437237305344
1255593823469817857
1255593891644035080
1255594078726762504
1255594385024192517
1255594474203422724
1255594586656976903
1255594855511871491
1255595311247974400
1255595425345740800
1255595554501021697
1255595665310339073
1255595818016440320
1255595853475020800
1255596080953262086
1255596323396558850
1255597441765773313
1255597750642782208
1255597875083575301
1255598043581296643
1255598077781651464
1255598268412841988
1255598864331128833
1255599083915366400
1255599216996560896
1255599302304358400
1255599442939478017
1255599498442584064
1255599501231833088
1255599502414589952
1255599629221183490
1255600002509860864
1255600316084621313
1255600567415496704
1255600891874312193
1255601041598545920
1255601099190534144
1255601116387082241
1255601839820738561
1255601885874204672
1255601968698888192
1255602430546448388
1255602508652843008
1255603358343352321
1255603457320509447
1255603507639586818
1255603930513506307
1255604054018994177
1255604219991805953
1255604221665325059
1255604355765604359
1255604460014927873
1255604590109773826
1255604755235250182
1255604891256569861
1255605183301681152
1255605232010174468
1255605345784823810
1255605484691824640
1255605739080556545
1255605936225349632
1255606241881137153
1255606490993319936
1255606491492618240
1255606564423192583
1255606843566628864
1255606987963932673
1255607030016065543
1255607056213725185
1255607424557465602
1255607555046256640
1255607823834243083
1255608096531062784
1255608633779519489
1255609079491448835
1255609183182876672
1255610853099012096
1255610898074554369
1255611028882112517
1255611224731070466
1255611490758844416
1255611854916915200
1255611857991274497
1255611861946576896
1255612079979069440
1255612178096287744
1255612235763912704
1255612437547622402
1255612643710296071
1255612646524583944
1255612881242112002
1255612883381166081
1255612885620985857
1255613532407816193
1255613733495341058
1255613877246713856
1255614008364843009
1255614471265009665
1255614471973691392
1255614473013846016
1255615045754425344
1255615357672476673
1255615437901107200
1255615544616681473
1255616024348626945
1255616107265896448
1255616112550727680
1255616117231542273
1255616119316062210
1255616246265061379
1255616292071116801
1255616366876524551
1255616653435559937
1255616715238658050
1255617050455801859
1255617254126911497
1255617504115744768
1255617635695427585
1255618020661133314
1255618040022085635
1255618179302395914
1255618252107120644
1255618522597724162
1255618595037511681
1255618746313437184
1255618750939721728
1255618962827751424
1255618963305836547
1255619355079032837
1255619627108851713
1255619630514782214
1255620397527162881
1255620595275849731
1255620636551966720
1255620888931848198
1255620948910379012
1255621186366722049
1255621662546055171
1255621962174468098
1255622085365436416
1255622126716977157
1255622150586658816
1255622323618623495
1255622618310418435
1255622890734546946
1255623421406429184
1255623699040022532
1255624035544690690
1255624055262076928
1255624159113043976
1255624275182194694
1255624512093077632
1255624623623995402
1255624655999848453
1255625127267454977
1255625137640046593
1255625192228950021
1255625305366179842
1255625425654435842
1255625681645572097
1255626182919413762
1255626392429002757
1255626412897243136
1255626565016223752
1255626772818919427
1255626904671051778
1255627306724253696
1255627313900904448
1255627692180824064
1255628324430385152
1255628338477125639
1255628440457244673
1255628443380666368
1255629318652227584
1255629319784656898
1255629323177992198
1255629331990282240
1255630176370733063
1255630582626697216
1255630648603299840
1255631215136174080
1255631285890027522
1255631315870928909
1255631378659540992
1255631491402543106
1255631584192954368
1255632003787034625
1255632029128982532
1255632548819943424
1255632681079111682
1255632778277814272
1255632864588242945
1255632879989579777
1255633073573695489
1255633244541853697
1255633267098652672
1255633539443367936
1255633873981116423
1255634013601042434
1255634067355287553
1255634194287464448
1255634463838670848
1255634464434278402
1255634543169597440
1255634817292677128
1255635190933786628
1255635834885332992
1255635835006959617
1255636353984970759
1255637120049221632
1255637436908085249
1255637591774433282
1255637868392804353
1255637956808839169
1255638162837307395
1255638560251752448
1255639259161100288
1255639330619523072
1255639343420641280
1255639380749955072
1255639718395428865
1255640314498265088
1255640339194556421
1255640387567464451
1255640402113298433
1255640471390621696
1255640678396235787
1255640729394704385
1255642992817381377
1255643019103133696
1255643070172823552
1255643096752066562
1255643886963351552
1255644417194516480
1255644419048370176
1255644420197646336
1255645478106120194
1255646070505238528
1255646145025421312
1255646339087687686
1255646872007368704
1255646929507229697
1255646947525836801
1255646966999998466
1255647016878817286
1255647061678198790
1255647739096031232
1255647851302060036
1255647864862257155
1255648044416196610
1255648125722734592
1255648466832896006
1255648540161970181
1255648698048016384
1255648965640572929
1255649074553880576
1255649081617051648
1255649747102294024
1255649762977763331
1255649764508647429
1255649765951442947
1255649767478222851
1255649812168540166
1255649813221257223
1255649814987124737
1255649816102699011
1255649866698686469
1255649917717983232
1255649963855548417
1255650116196864000
1255650199407480832
1255650292349181953
1255650469478895617
1255650649217220608
1255650712018546688
1255650923403268108
1255651003761917954
1255651049353904128
1255651401927208966
1255651534572003331
1255651701496991752
1255651851044880384
1255651950420516867
1255651966392266759
1255652145925251073
1255652365073408001
1255652467657764864
1255652471797506048
1255653084795191298
1255653243411103744
1255653601759952896
1255654241395326976
1255654303336992770
1255654580978925568
1255654610208841728
1255654651527077889
1255655189173895171
1255655363472322560
1255655763919245312
1255656189033164800
1255656567166435328
1255656573042638849
1255656615338037249
1255656645071339520
1255656741150363653
1255657185838796801
1255657668099932161
1255658100725616644
1255658174310465538
1255658506960674819
1255659128921473036
1255659140484980736
1255659142603083777
1255659249528520704
1255659262996430849
1255659265764675584
1255659266830041088
1255659267886989312
1255659315056316418
1255659732586704896
1255659998614618112
1255660093875654658
1255660299392290822
1255660443911233536
1255660799403712518
1255660988344532992
1255661337222488065
1255662170311884802
1255662301732110354
1255663886344302593
1255663899300564999
1255663921521807360
1255663994435768320
1255664720071229440
1255665054940184577
1255665642834923527
1255665685054631938
1255665795092418560
1255666139230810112
1255666186802454529
1255666285674926088
1255667005287542791
1255667328286633986
1255667558583341057
1255667631039881220
1255667752167247877
1255668159404576768
1255668290690494465
1255668345342504960
1255668732816318464
1255669048718888961
1255669108642906112
1255669329774821377
1255669472742051853
1255669772966076419
1255669817538994176
1255669898711269376
1255669966663299074
1255670003984187392
1255670214693273601
1255670221760692227
1255670461792432130
1255670609264033797
1255670852366016512
1255670903519797253
1255670977024974850
1255671173456723968
1255671189571330048
1255671528898785280
1255671615733616641
1255671721580834816
1255672012229545984
1255672284259520512
1255672626623758337
1255672964785287169
1255673042484764672
1255673362971385856
1255673363902545920
1255673765876445190
1255673843437502465
1255674127601590274
1255674239832604673
1255674240981848064
1255674241707421697
1255674242823188482
1255674287610101760
1255674412482859009
1255674464659845120
1255674654825611265
1255674826792058880
1255674984724381696
1255674990957133824
1255675120330444808
1255675874436775936
1255677319081066496
1255677515554623488
1255677524627111937
1255677706022334469
1255677816324206592
1255677961480667137
1255677975833374720
1255678202619592704
1255678442420535296
1255678651888103425
1255678945560797185
1255679066327461889
1255679322234339328
1255679480472973318
1255680501815414784
1255680517472649216
1255680762667507712
1255681136254164992
1255681250116812801
1255681387560161280
1255681637100199937
1255682222503403520
1255682250844372997
1255683059371913218
1255683514063892482
1255683717474824193
1255685185456095232
1255685188643774464
1255685785153658882
1255686051445837824
1255686362558316545
1255686365414666241
1255686634168700928
1255686705551675392
1255686760098488321
1255686874955427841
1255687039321878535
1255687124831154181
1255687217294516224
1255687239931015169
1255687865381662721
1255689339775774721
1255689340887248898
1255689341457715202
1255694169261191172
1255694345077997568
1255694455635673088
1255694636728942592
1255694640843497475
1255694701459435522
1255694735131373568
1255694960856268806
1255694963813179394
1255695026950213634
1255695028590186496
1255695060336668673
1255695094893678592
1255695219254857731
1255695246844813314
1255695277807157248
1255695283083784197
1255695340826755072
1255695369977106432
1255695376868208641
1255695575120519173
1255695692686917634
1255695696528846851
1255695811549241344
1255695863764180992
1255695879069003778
1255695880209920000
1255695892168007682
1255695942227034113
1255695948099006470
1255695948422021122
1255696270829793281
1255696415558418436
1255696615031156745
1255697373986271234
1255697652336881666
1255697653414813696
1255697654513713152
1255698641508954113
1255698761033977856
1255698871453454337
1255698911790014464
1255698969885360135
1255699115809345537
1255699167701327872
1255699431367806977
1255699532513447942
1255699745730957312
1255699787451478017
1255700027848167430
1255700156525273089
1255700304592437248
1255700586483208193
1255700680679075840
1255701044786376704
1255701222469906435
1255701638423162881
1255701672631861248
1255701719767560194
1255701875866906628
1255702345528291329
1255703203003465728
1255703683918151681
1255703871470567429
1255703964563189761
1255704241680855045
1255704404046622721
1255704440360730626
1255704799431057409
1255705099654979584
1255705559875170306
1255705945214259204
1255706701497597953
1255706858268037120
1255706988111171585
1255707295327178752
1255707430060789760
1255707520938553345
1255708720685699072
1255709047384350720
1255709211759181824
1255709334618738688
1255710456276226048
1255710507727814663
1255711556874240000
1255712244836339715
1255712492812029952
1255712564949860352
1255712616619573248
1255712931121180674
1255713263888863232
1255713336865337345
1255713980120735745
1255714002102939649
1255714250217013251
1255714391284203521
1255714516685524992
1255714900103569408
1255715059826909185
1255715189158281228
1255715833965350914
1255716236496908288
1255716355300569088
1255716979685629952
1255717530024308736
1255717585074761728
1255717668037857280
1255717976587874304
1255717998473740288
1255718632690192389
1255718810616762369
1255719114535993345
1255719164813012993
1255719167082151938
1255719169250619392
1255719170353721344
1255720015866757125
1255720079364218881
1255720133009584135
