1289417817092022272
1289418249541529603
1289418292197642240
1289418430777454594
1289418936971223040
1289419077618786304
1289419091984359424
1289419093947293696
1289419096010809345
1289419447942422528
1289420287553843200
1289420304465321985
1289420416256061440
1289420698025431045
1289420768305205248
1289420793005223936
1289420804854149120
1289421067149139968
1289421177828433920
1289421376571363328
1289421475418476545
1289421715420766208
1289421729501257729
1289421734802624512
1289421769850396673
1289422504885248001
1289422852265922561
1289423390055358467
1289423764384411649
1289423964696059905
1289423998242246657
1289424684430180352
1289424695092101120
1289424716386537472
1289424882854318081
1289425517251366913
1289425984454705152
1289426474164817922
1289426731414065152
1289426750510903297
1289426792072192000
1289426933449547776
1289427559902412800
1289427925201166336
1289427941470818304
1289428528333635584
1289429295832510464
1289429993383170049
1289430078150127616
1289430283889135618
1289430404290625536
1289430417649459200
1289430717735137285
1289431459468468224
1289432210454409216
1289432492601040899
1289433723365187584
1289434000121925633
1289434074621161473
1289435011033124864
1289435535895748610
1289436241662943233
1289437321859743744
1289437491397709824
1289437901378318336
1289438346037493761
1289438360361029632
1289438622605643776
1289439398119931904
1289439808717086720
1289439926497361921
1289440141120024577
1289441237179576321
1289441348555243521
1289441482127155200
1289441511461928967
1289441557481832448
1289441692962000899
1289441718991896576
1289441813103689728
1289442017651519489
1289442213550858240
1289442624982548480
1289442787675369472
1289442849059033089
1289443240320462850
1289444044125253633
1289445132144537605
1289445515399016448
1289445663348940800
1289445871554240512
1289447585774628864
1289448584430010369
1289448809970298881
1289448919898832896
1289448935472259073
1289449055265808385
1289449397323878400
1289449666174746625
1289449668712136704
1289450114159742981
1289450140252565505
1289450770622844928
1289451716694351872
1289452213731958786
1289452972594745344
1289453351382392834
1289453484710834177
1289453622971912193
1289454326415421443
1289454664874745856
1289455175569043456
1289455837598031874
1289455878572146689
1289456099314171907
1289456675699777536
1289457114390257664
1289458130342907904
1289458554970058755
1289459608323407873
1289459770055733250
1289460459293138946
1289460691695546368
1289460774503477248
1289461897780060161
1289462043272048642
1289462416158289920
1289463021534711808
1289464093041033221
1289464138545078273
1289464429629730817
1289464487305555968
1289465902925320197
1289466218445905920
1289466701264769024
1289467132607004679
1289467596169973761
1289467750415339522
1289467883718758400
1289468087683526658
1289468154448494592
1289468476688486400
1289468515515277312
1289469315591426049
1289469466519072769
1289469858766176258
1289470013024305152
1289470089771855872
1289471259504336901
1289471278517116929
1289471339137384449
1289471562580557826
1289471623746084865
1289471802452844546
1289471815060869121
1289472208415293441
1289472311758688256
1289472312790659072
1289472770187747329
1289473075705081856
1289473544997318656
1289475201550311424
1289475459223179265
1289475462251470848
1289475601124831233
1289475885796675584
1289476607338455040
1289476893327015942
1289478992404205569
1289479017083658240
1289479165729574912
1289479189628821505
1289482241404362754
1289482289835962368
1289482921993048064
1289483207679676418
1289483284632592387
1289483595363397632
1289483597427089408
1289484036164014080
1289484125070487557
1289484406973923328
1289484635966062592
1289485419646611458
1289485522444800000
1289485613385707520
1289486285791322112
1289487481792917505
1289487527099817984
1289488161727369216
1289488876973817856
1289489686663053312
1289490308086947841
1289490646743437317
1289490863643594754
1289491011673231360
1289492168126500864
1289492611678588929
1289492757648510977
1289493052818460672
1289493959580897280
1289494096516509697
1289494353912594432
1289494576743424002
1289494589099986944
1289494589749960704
1289495133457539073
1289495253062283265
1289495272352079872
1289495466980315136
1289496134180691968
1289496136789581824
1289496356076175362
1289497323584643075
1289497637125840896
1289497908807708672
1289498321179086848
1289498612754288640
1289498662867881984
1289498854711156737
1289499044268531712
1289499952964612103
1289500343504482304
1289500883097538566
1289501151344254976
1289501205547212800
1289501473500360705
1289501652672581633
1289501681483317248
1289503058741755904
1289503272714166273
1289503398186725376
1289503407498092548
1289503469007560705
1289503499877670913
1289503720703553536
1289503840304152576
1289505122687557637
1289505282809188353
1289505464368033793
1289505468172210176
1289505950374666241
1289506306995318786
1289506474217988096
1289507253930737664
1289507362701578242
1289507845608677376
1289508349726224384
1289508380218818560
1289508384585252864
1289508519750668288
1289508596959653888
1289508598306017281
1289508791931691011
1289509406837633024
1289510728815112192
1289511118386245633
1289511149608693760
1289512339394506752
1289512496315990016
1289512555229061121
1289512850629648385
1289513673854038016
1289513972996034560
1289513984438149120
1289513991891386368
1289513995817238529
1289513999860563968
1289514300155916294
1289514412559089666
1289514491277795330
1289514561540890624
1289514693590052866
1289514879070507009
1289515098814345216
1289515682900606976
1289515954561376257
1289516345197858817
1289516553747169280
1289516662308384768
1289516998968262657
1289517000411111425
1289517002181062656
1289517320251961344
1289517502104367104
1289518005051731969
1289518006473601025
1289518007597912066
1289518008650436608
1289518009812488194
1289518571157037059
1289518773620183040
1289518941279322113
1289519039056760834
1289519427990372354
1289519611273023488
1289519671952064513
1289519832199606272
1289520530329149440
1289520583135260672
1289521066541383680
1289521141560688640
1289521614611255296
1289521615638650880
1289521616863375361
1289521618029617154
1289521619040231425
1289521680600059906
1289522321040891904
1289522502591422464
1289523539872284672
1289523666695249920
1289523781732405248
1289523785016590336
1289523785972899846
1289523787914833922
1289523798115356672
1289523911080546304
1289524329022013444
1289524708728139776
1289524728122621952
1289525167257841664
1289526603345563651
1289527183744970753
1289527351080935424
1289528522600407043
1289528570931544065
1289528782500409344
1289528843347230720
1289529305261682689
1289529363939995649
1289529368050507777
1289529416297541632
1289529502658256899
1289529542684446720
1289529570375299072
1289529957706641410
1289530127164956672
1289530302621052929
1289530714938134528
1289530857078702080
1289531641627586560
1289531984528568321
1289532418920046592
1289532775809208320
1289532966280900608
1289532971070787584
1289533198330863617
1289533215128948736
1289533349694828545
1289533441747255298
1289533578301251585
1289534312220516353
1289534697995821056
1289534904997355520
1289535351602720768
1289535518640726016
1289535852494966784
1289535867426500615
1289536309917179905
1289536613643673601
1289536707222573056
1289536885182758912
1289537156843597824
1289537235293835264
1289537416236347393
1289537531848077312
1289537559102537734
1289537608133959680
1289537629357137920
1289537639285063681
1289537721824735232
1289538019989610496
1289538444675428352
1289538879951785986
1289539035443019776
1289539490432786434
1289539669894369281
1289539791239823360
1289539870260473858
1289540206425600005
1289540332875427840
1289540566322044928
1289540639768506369
1289540642050174978
1289540710383759362
1289540732685103104
1289540790927015938
1289541154418155520
1289541309036781568
1289541477257760768
1289541497981939712
1289541634422521865
1289541800726732802
1289542225966186496
1289542228445077504
1289542301597892608
1289542327409815552
1289542357038194688
1289542511925452802
1289542516254023680
1289542763663392768
1289542891577028608
1289543003208646657
1289543007939653635
1289543634329665538
1289543965276950529
1289544146915450880
1289544442764881920
1289544487878844416
1289544500872978432
1289544503104114689
1289544519499751426
1289544629801512960
1289544834223546369
1289544896999591937
1289545227703738369
1289545551067795456
1289545865363824642
1289545900814036993
1289545957168865287
1289546393712037888
1289546451257683968
1289546476545118209
1289546806427172865
1289547064074878976
1289547203657076736
1289547419957436416
1289547554372296704
1289547588652261389
1289547875173535746
1289547929032646658
1289548032652931072
1289548440771256322
1289548579254632448
1289548625140486144
1289548862923788288
1289549119388868609
1289550081905967104
1289550258599419905
1289550426551889920
1289550583985135616
1289550951074807808
1289551013595078657
1289551083593797633
1289551148484046848
1289551408660770818
1289551470182817792
1289551582799917056
1289551816959471616
1289551917371330565
1289552122581639170
1289552725684805640
1289553244792819712
1289553992167522307
1289553995959119877
1289554109725581312
1289554277392764928
1289555132485709824
1289555417899524098
1289555868090953729
1289555869558927364
1289555873933561861
1289555924030500865
1289556041814900737
1289556332844994561
1289556372774780928
1289556425367343110
1289556893480804352
1289557074112741377
1289557903330775041
1289558689901244416
1289558890179248128
1289558890670039041
1289558891437539328
1289558893819961344
1289558960710721545
1289559849584345088
1289559987904106501
1289560405962981377
1289560409104510977
1289560763456270338
1289561515117477894
1289561524147634178
1289561590732410880
1289561628887793664
1289562085941055489
1289562272512086016
1289562398274142210
1289562477349310464
1289562665564557313
1289562673646952448
1289562860138332160
1289563228075417600
1289563514391031808
1289563767584354306
1289563962070011906
1289563994802384897
1289564096975663109
1289564295265529858
1289564925824622592
1289565017122025474
1289565337743003654
1289565344000905217
1289565345217277952
1289565355174588416
1289565972295118851
1289566337291886592
1289566568725192709
1289566628342947840
1289567093076062208
1289567418004549637
1289567572883656706
1289567673408319489
1289567815293259778
1289568087793004546
1289568148551737346
1289568298368000000
1289568412625117184
1289568832927887367
1289568868831174656
1289569092765011969
1289569121072447494
1289569203981172736
1289569643787517952
1289569830626947072
1289570084143292416
1289570524947869696
1289570542656335872
1289570801700622337
1289571108182618113
1289571109830930434
1289571349627731969
1289571387053453315
1289572244361011201
1289572452549328896
1289573018327347202
1289573339464265728
1289573444305031170
1289574381404827651
1289574974567542784
1289575453481525249
1289575651863740417
1289575836551540738
1289576400639295488
1289576509649195013
1289576682936991745
1289576707494572038
1289577265584431104
1289577535961931779
1289577760696840193
1289578055573307395
1289578140805652482
1289578229720731648
1289578374004789249
1289578611171713024
1289578629328859138
1289578784471961600
1289578839740301312
1289578889816096768
1289579384320401409
1289579606085754882
1289580359802208258
1289582310560370688
1289582487790710787
1289582505176100869
1289582596599488513
1289582616400654337
1289583035977850881
1289583128168681473
1289583427688239106
1289583748137320448
1289583891053834241
1289584155739615233
1289584291110727682
1289584869203353600
1289585315372388352
1289585410134269952
1289586231882526722
1289587017542561792
1289587095707611139
1289587206487588865
1289587280697466880
1289587292227555329
1289587835247276032
1289587926498553856
1289588008589590529
1289588263678697473
1289588388119678976
1289588497402097664
1289588905281429506
1289589508577484800
1289589653092200448
1289590412051730432
1289590493647720448
1289590675076337664
1289590719657594882
1289591107035312128
1289591539912462338
1289591632715583488
1289591841810259974
1289591873149923328
1289591917001363456
1289592253678342144
1289592259709743106
1289592464861405189
1289592482385125378
1289592591172767744
1289592709410250753
1289592872275124224
1289593274429186048
1289593309753520134
1289593430813728769
1289593495393636354
1289593642315681792
1289593662142201857
1289594521836236800
1289594781283188737
1289594865118978054
1289595018861150208
1289595113933438976
1289595235870244867
1289595651236536322
1289595851497598978
1289596182382215169
1289596254381637637
1289596325600751616
1289596677620260870
1289596787544612865
1289597152424079360
1289597234510622721
1289597243041787904
1289597260058091520
1289597299702652928
1289597634903248901
1289598032057520129
1289598078350004224
1289598179462135809
1289598187125129217
1289598559948480512
1289598722871984128
1289599273735135234
1289599299316137984
1289599398683516929
1289599405905985541
1289599407839559680
1289599600479870976
1289600270423351297
1289600345652396033
1289600571104563203
1289600578566447105
1289600839707848705
1289601057765519360
1289601098475433989
1289601106905935874
1289601704745267202
1289601710223028226
1289601936807866368
1289602366606422017
1289602475264282625
1289602592482267136
1289602825643683840
1289603003708657665
1289603942821720064
1289603955387822080
1289603959200419840
1289603966871846914
1289603977999298561
1289604060220252161
1289604069393223680
1289604203728388096
1289604431089037317
1289604538815537163
1289604596294270978
1289604667417284609
1289604692293455877
1289604780080467970
1289604846555815937
1289604989841596417
1289605573579689986
1289605640537563136
1289605771856982018
1289605886487359488
1289605896977256448
1289606101076516866
1289606206508503040
1289606391087288320
1289606564613984256
1289606584771833858
1289606660021825536
1289606797037170688
1289607023630270464
1289607069570482177
1289607141653790720
1289607493715288064
1289607972683800576
1289608262292131841
1289608462750687233
1289608614433308672
1289608711741218819
1289609083088039938
1289609202881703936
1289609289561018368
1289609326886191105
1289609432741998592
1289609822397063169
1289609988269383682
1289610053939412992
1289610060054671360
1289610091918893056
1289610350715981824
1289610551606366208
1289610724965310465
1289610733404090368
1289610791398838273
1289611041945481217
1289611389489668099
1289611435798982658
1289611505101545473
1289611565474304001
1289612188240343041
1289612667691233281
1289612767167619072
1289613174581280770
1289613179400552449
1289613206436982785
1289613408661204993
1289613501158359040
1289613984203780099
1289614000125120512
1289614081230430208
1289614255096885249
1289614964911738887
1289615215953289216
1289615244893941760
1289615309653946370
1289615623731982336
1289615639229808640
1289615782880583681
1289616067304853504
1289616079371689985
1289616174020403200
1289616292488462339
1289616343600254978
1289616442166349824
1289617056766230529
1289617092900249600
1289617373616459776
1289617497218408448
1289617725464010754
1289618090171314176
1289618246535192577
1289618314302554113
1289618358913007622
1289618524025970690
1289618822534635522
1289619040013410304
1289619059240079360
1289619299011706880
1289619301364711425
1289619400589369344
1289619670677352449
1289619939712589824
1289619959845253122
1289620389048418304
1289620588697276417
1289620671597699072
1289620744922492928
1289620935981412352
1289621349338497024
1289621558571360257
1289621698019500034
1289622115621040128
1289623260548616201
1289623271462146050
1289623844026830854
1289624038080311298
1289624133106458625
1289624388023672837
1289624706870439937
1289625108487606273
1289625579323396097
1289625636395290624
1289626112759275520
1289626500438863872
1289626633683341312
1289626836561825793
1289627267887296512
1289627691214426116
1289627713653755905
1289627762626445313
1289627999730454529
1289628079531335680
1289628096677781504
1289628570831085569
1289628587373387777
1289629087971987457
1289629299452985344
1289629488368644096
1289629556110839808
1289629736944058370
1289629895711002624
1289629912010170369
1289629928577736704
1289630088632217600
1289630276205735936
1289630494179471360
1289630645392564225
1289630651990171649
1289631527475781634
1289631998303064064
1289632019547291648
1289632103450185728
1289632162593947648
1289632179530555393
1289632204482461697
1289632353497673728
1289632426809896961
1289633087987449856
1289633146456031235
1289633201141342210
1289633407039750149
1289633574505897985
1289634155697864705
1289634427304255488
1289634502570995718
1289634580866064384
1289634678929076224
1289634753134473216
1289635286624870404
1289635355944075264
1289635480603041792
1289635617526050817
1289635778998362112
1289636068342587392
1289636150726897665
1289636241185546240
1289636445389348867
1289636463429038080
1289636610204565505
1289636842153955328
1289636874399539201
1289637098413121537
1289637533278765056
1289637623149944832
1289637732508037121
1289637949768777728
1289638278669336577
1289638659059101696
1289638749186355201
1289638835266048001
1289639102103470088
1289639293074382850
1289639424595238912
1289639878745976832
1289640072019447808
1289640153800007681
1289640173668413440
1289640305336213509
1289640379587813376
1289640571309457408
1289640706424807424
1289640893079674880
1289641005742870529
1289641253542404096
1289641467993088000
1289641502591692800
1289642022509322240
1289642030688358400
1289642059653984256
1289642112724742144
1289642225043820545
1289642694650675200
1289642719178964993
1289642900054331394
1289643118489251840
1289643266988601345
1289643377672232960
1289643456420175872
1289643551404355586
1289643942263189504
1289643953709445121
1289643974764838915
1289643978212556801
1289643981362483200
1289644128314126337
1289644376696602630
1289644580032274432
1289644581340946432
1289644964813500418
1289645050117287937
1289645176760279040
1289645458651045888
1289645625764585475
1289645752797376512
1289645754139717632
1289646005802029058
1289646060063715328
1289646134797901824
1289646569101254658
1289646601422565376
1289646622301802496
1289647385904214017
1289647847961501699
1289647936146739201
1289648230225965058
1289648295673880577
1289648532677222401
1289648607717728256
1289648625669124096
1289648633126596608
1289648998790373377
1289649020084740096
1289649053060325377
1289649230223511554
1289649270606331904
1289649294035697664
1289649395663646720
1289649498055032832
1289649540707094528
1289650102152224769
1289650317013839872
1289650671650652161
1289650767331241985
1289650968871624704
1289650994800812032
1289651178372964352
1289651199654977536
1289651752904437760
1289651785502662658
1289651949147525120
1289651970102370304
1289652017015603200
1289652290698096640
1289652338202836993
1289653215626027008
1289653576705306626
1289653973935206400
1289654142206541825
1289654292857491456
1289654322838376448
1289654485002801152
1289654549947400194
1289654837047693313
1289654894052257792
1289655201121464320
1289655710888861696
1289655927474475014
1289655937179869185
1289656046219218945
1289656112304869376
1289656374192816128
1289656580128923650
1289656709363855363
1289656749562056704
1289656756948348933
1289656910753312768
1289656932962197504
1289656986477289473
1289657215003975680
1289657269429428224
1289657442091982849
1289657454003752960
1289657670232764417
1289657890240966657
1289658630808059905
1289659159420399616
1289659183177113600
1289659306246205443
1289659367160070146
1289659425100242949
1289659432003985408
1289659512270585857
1289659520076005376
1289659833994694656
1289660003062874113
1289660858533130242
1289661005505548288
1289661193536204802
1289661202507821057
1289661423170199553
1289661934216781824
1289661984732921856
1289662222277337088
1289662537894510592
1289662564972994561
1289662640713695232
1289662825271455744
1289662837279715328
1289663360426901504
1289664009277341697
1289664065527099392
1289664076432281600
1289664400287084546
1289664549507874816
1289664975833690113
1289665449257365504
1289665643655045120
1289665967132295168
1289666243817955328
1289666442888019968
1289666639961534464
1289666652519292928
1289666851266375680
1289666972725022721
1289667100085084160
1289667152463659010
1289667502524362752
1289667607289765888
1289667833589194752
1289667984064049153
1289668296661319680
1289668592036802560
1289668675717324800
1289668739407859714
1289668763944509441
1289668822698545152
1289669058800095232
1289669121597218816
1289669159845007365
1289669455547641856
1289669639148990465
1289669730203205634
1289669780220211201
1289670767991386112
1289670850086461441
1289671115233624064
1289671447707709440
1289671463436349441
1289671472777056256
1289671840965644288
1289671906937823232
1289671992807796736
1289672237566500864
1289672261650116608
1289672509969723393
1289672766673711104
1289673147063472130
1289673207943852032
1289673440199204864
1289673517676601344
1289673577747247104
1289673854256705536
1289673948880203776
1289674253051125760
1289674314724200449
1289674525819338754
1289674753322688512
1289674890723774464
1289675362977251328
1289675533790240768
1289675533790240768
1289675949454188544
1289676029473193984
1289676178287030272
1289677591293566977
1289677955065495553
1289677960811700225
1289678440183009280
1289678620068200448
1289678677463060480
1289678682391343104
1289679144645689345
1289679440570544128
1289679506488193024
1289679772667133955
1289679818317938688
1289680232924905472
1289680333298835456
1289680418032291840
1289680442656845825
1289680478119763968
1289680810069630976
1289681627770056705
1289681648578158593
1289681703414374400
1289681849690787845
1289682116020588544
1289682485320675329
1289682842641764353
1289682855245709313
1289683058522615808
1289683070396665857
1289683387293339650
1289683443421306881
1289683449465298944
1289683495946657793
1289683536820174848
1289683751706832896
1289684494258024448
1289684544594087936
1289684607420383232
1289684930667016193
1289685170329653248
1289685487326658560
1289685845461565440
1289685973576474624
1289686167504465922
1289686478763638784
1289686480231608320
1289686783618359302
1289686792803819520
1289686899263541249
1289687167774494721
1289687216373948420
1289688269018587138
1289688505493237760
1289688795504234496
1289688842019041281
1289689170663731205
1289689322929549315
1289689601540419584
1289689732322963456
1289689744377409537
1289689902829809665
1289690749072748544
1289690768873885696
1289691055995019264
1289691565158543365
1289692295571234817
1289692347425488897
1289692692780261377
1289692744760225792
1289693027879944192
1289693049044361216
1289693104337850370
1289693477433794561
1289693913603805185
1289694012069142529
1289694163584327680
1289694279229558785
1289694878423638016
1289695034577567749
1289695518952587264
1289695786847150087
1289696266083950593
1289696504819654658
1289696780880248832
1289696850086305792
1289697210951561216
1289697614175199232
1289697738037194752
1289698015909994496
1289698073434882048
1289698374996750336
1289698672482148359
1289698905601368064
1289699576316919808
1289699817380143104
1289699841547866114
1289699932132130816
1289700163242479617
1289700166711246848
1289700289797292032
1289700358848000001
1289700594538573824
1289700971933704192
1289701076438933504
1289701895779446784
1289701996404998144
1289702021063249920
1289702250554638336
1289702747835478016
1289702782048464896
1289702930048720897
1289703025683173376
1289703254608064513
1289703431502876672
1289703664290996226
1289703864183250946
1289704079254405120
1289704476320788480
1289704479567147008
1289704479642669056
1289704818244608002
1289705154128883713
1289705986979053568
1289706906198532097
1289706969029386242
1289707375750868994
1289707518608908290
1289707821722791937
1289707890370990082
1289708265744424960
1289708530631446528
1289708703281635330
1289708912191500290
1289709045394427905
1289709825757077505
1289709936117559296
1289710004564631552
1289710284404174848
1289712625538883585
1289713333692583936
1289713422033014784
1289713457357496321
1289713578749169665
1289714173736181760
1289714221698052097
1289714446412034049
1289714450203779074
1289714810972598272
1289715329946365953
1289715443670765568
1289715692460298248
1289715739889266689
1289715923234852865
1289715941798944769
1289716248444510208
1289716249807556610
1289716308687245312
1289716404866805760
1289716479118594048
1289716716163956741
1289716909080899584
1289717057672503302
1289717213037867008
1289718511565062144
1289718807687098369
1289719070388969472
1289719071697596416
1289719072943267840
1289719130468229120
1289719414992986112
1289719606119079936
1289719607570251778
1289719662893309953
1289719821173551105
1289719922273030145
1289720232517410818
1289720547161456640
1289720585853874177
1289720909918384128
1289721216098611200
1289721637944745984
1289721792777527296
1289721896267735040
1289722010004643841
1289722033085898752
1289722219350786048
1289722333981097985
1289722615322439681
1289723994241929216
1289724459440410624
1289724841923358728
1289725164020617216
1289725427158618112
1289726030186455040
1289726034800046087
1289726507330334720
1289726548157685761
1289726662343565317
1289726753179492352
1289726872482324480
1289727506778472448
1289727616174288896
1289727649275736066
1289727681706127363
1289727783422144512
1289727948065398784
1289728285958578176
1289729372409098240
1289729415375511559
1289729544442634243
1289730091795255297
1289730811193942016
1289731095081054208
1289731119890329600
1289731292460793856
1289731583419637760
1289731718774235136
1289732245155205121
1289732839055843329
1289732871259742209
1289733272528969728
1289734291543298048
1289734800455032834
1289735033389899777
1289735180001792002
1289735705422258180
1289736023400828928
1289736274815918081
1289736462888402944
1289736607004688384
1289736761690603521
1289737068566872064
1289737236108341248
1289737531018313728
1289738037287559170
1289738087514349568
1289738097907732481
1289738371078619136
1289739372015779841
1289739447127248898
1289739628463845376
1289739812417626113
1289740095801573376
1289740330313515010
1289740407677444096
1289740494944133120
1289740550212595712
1289740687433293825
1289741148093689857
1289741278373007360
1289741375471120385
1289741585039519745
1289741912811827200
1289742360885235712
1289742710094479360
1289742839526461441
1289742840722010113
1289742942224044032
1289743032967823361
1289743050093158401
1289743278426828800
1289743350061400064
1289743514457141248
1289743780485009410
1289743840589434880
1289744365963759617
1289744586533937152
1289744742037635077
1289744906630524928
1289745053838000129
1289745612745748480
1289745997430525952
1289746105987604484
1289746431473889280
1289746910509580289
1289747243176624128
1289747438014623745
1289747756240769024
1289747882149519360
1289748131370786818
1289748258391126016
1289748285083627520
1289748609647353856
1289749136720277504
1289749281407033344
1289749282501754880
1289749521186996224
1289749522298462210
1289749523368042496
1289749523531620352
1289749525641302016
1289749526845169665
1289749534680088576
1289749580322500608
1289749595820621824
1289749674472046592
1289750510161993728
1289750975335419904
1289751230919716866
1289752091460689922
1289752341617442816
1289752537994649601
1289752794853908482
1289752819105374211
1289752938458558465
1289753203362291712
1289753853877841920
1289753963349209088
1289754112645566464
1289754306581680128
1289754345236439040
1289754385489129473
1289754508986159105
1289754623264210944
1289754714960211969
1289755102161457160
1289755954762792962
1289756019841613826
1289756316282449921
1289756324822003714
1289756466895712257
1289756698211577857
1289757127762821126
1289757266351026176
1289758296702763013
1289758316164345859
1289758959511810050
1289759268598476801
1289759281084940290
1289759612455940096
1289759657737633792
1289759666478542848
1289759865137582082
1289759873010241538
1289759933664129025
1289760002874281985
1289760454722482178
1289760555922669568
1289760640156852224
1289761267607982081
1289761924465356807
1289762167701385216
1289762198638731264
1289762229089378309
1289762453262278656
1289762726756016128
1289763321604984833
1289763551075131393
1289763581773271040
1289763588073238528
1289763607991877632
1289763895884873734
1289763991393202176
1289764368901500929
1289764370075906048
1289764641573236736
1289765170965749761
1289765682062663681
1289765701322805248
1289765847133589504
1289766433950318593
1289766563122311168
1289766725462892546
1289767101654167553
1289767169413193729
1289767218394230784
1289767865374179329
1289767914988376064
1289768384008056833
1289768486156120065
1289768590439145474
1289769118824935424
1289769309313445888
1289769382248214528
1289769627979935744
1289769696326123520
1289769964480552960
1289770464449925120
1289770539960004608
1289771007188729858
1289771457313042432
1289771534970523648
1289771928782139392
1289772293665693696
1289772726983376896
1289772819069300737
1289773809516478464
1289773904798658561
1289774526935339008
1289774614097227776
1289774690349674496
1289775263321137153
1289775412231327746
1289775590615130115
1289775730503692289
1289775978441371648
1289776328065994752
1289776486350647297
1289776741343404033
1289776982494912514
1289777204939784193
1289777495546322945
1289777519403470848
1289777721128751104
1289777864246665216
1289777959847501824
1289778158518992898
1289778574887653376
