1289779413815447552
1289779618895953924
1289780089190666241
1289780652007514112
1289781217911377921
1289781445066514432
1289781638084218881
1289781823329849346
1289782131757953024
1289782159650091010
1289782571602083842
1289782689973669888
1289783119080353792
1289783200114384898
1289783525986557954
1289783588557381633
1289783772305657856
1289784502122762242
1289785038779940865
1289785296201031681
1289785987816550402
1289786138190782465
1289786323042103298
1289786436758040576
1289786838845014016
1289787327083028483
1289788325398601734
1289789017723228160
1289789125814444033
1289789174183104514
1289789830067417090
1289790645138149376
1289790877360168962
1289791160223817729
1289791326003671040
1289791475518038016
1289791596515307521
1289791885360476160
1289792649105272832
1289792889917120512
1289794030587588608
1289794189358579716
1289794191489241090
1289794193594843137
1289794464161173504
1289794699260125184
1289794915786989568
1289795461511962624
1289795547419701255
1289796221574381574
1289796673426698240
1289796695945953281
1289797136503074817
1289797364341825537
1289798032016338944
1289798559647166465
1289798949222703105
1289800050739052544
1289800500234264581
1289801764653408256
1289801991275704324
1289802029510955008
1289802145328373761
1289802214538584066
1289802624724807680
1289802722770685956
1289803061565825024
1289803294349471746
1289803451036127232
1289804375653679104
1289804892186357761
1289805807039610880
1289806059436036103
1289806238889385984
1289807074130444289
1289807218989178888
1289807864710574080
1289808638949773312
1289808769032036354
1289808863777046529
1289808967556689921
1289808995075502088
1289809035068207104
1289810484133167106
1289810944562847747
1289811062183739397
1289811808295899137
1289811958867193856
1289813027412303873
1289813517655212033
1289814871937359873
1289815208303591425
1289815548511961089
1289815671602176003
1289815969599168512
1289816794815815681
1289817169589493760
1289817476687990784
1289818001664094208
1289818145117487104
1289818534814523393
1289818599042031616
1289818832366964736
1289819654425255936
1289819856724881408
1289819938287493121
1289821466368675840
1289821826005131264
1289822006058209280
1289822430249119750
1289823540187811842
1289823768223735810
1289824388158599168
1289824389416890373
1289824457666650113
1289825097977458688
1289825483270418434
1289825889425879041
1289826622791532546
1289827044193312768
1289827374884954112
1289827553914449921
1289827803978899456
1289827859544985600
1289828170351251457
1289828826931965952
1289829277236490240
1289829502147649538
1289829605050900485
1289830023906566144
1289830232438919168
1289830928072585216
1289831097396682752
1289831384765227008
1289831619583328256
1289831829738938368
1289831877751091204
1289832055308656641
1289832386943803392
1289832524030464000
1289832809889067009
1289833140337475584
1289833541820268545
1289833639409139715
1289834453213184005
1289834518472351744
1289834598227046402
1289835167465353217
1289835537738604544
1289835863359201281
1289835954929143808
1289836410950660096
1289836435831492609
1289836683848908800
1289837412655366146
1289837643656654849
1289838440033312770
1289839486159921152
1289839486625435671
1289839853870313472
1289839871628963841
1289839919398035457
1289840719146885121
1289840876617781249
1289841144109572098
1289841403145543680
1289841424066732033
1289841685074149377
1289841722785247233
1289841826149437440
1289841875910680577
1289842198167449600
1289842829225857024
1289843147078602752
1289843766698733571
1289843952879677440
1289844190810177536
1289845163678928896
1289845385532383233
1289845803528273922
1289845898088833026
1289845957392121856
1289845960521048069
1289846789382709248
1289847001949933568
1289847033956720640
1289847289037520896
1289847406821924865
1289847488434679811
1289847497079259137
1289847557888200704
1289847825040175112
1289847835010035717
1289848085888163841
1289848281661497345
1289848447680622593
1289848668560871424
1289848702060728321
1289849179183841280
1289850199146409984
1289850682221056000
1289851009368383491
1289851018058989568
1289851193632731136
1289851194593009664
1289851195796926464
1289851198091059200
1289851443092926464
1289851935873327105
1289852285489577984
1289852298475134978
1289852753951432704
1289853156306743296
1289853500143230978
1289853720696483846
1289854313712324608
1289854336743350274
1289855633261563905
1289855786433171456
1289855924014706689
1289855965336973312
1289856253800390657
1289856691714945026
1289857442751213571
1289857793055264768
1289858582247141377
1289858600526057478
1289858948401524738
1289859524275441665
1289859602956222464
1289859605644759042
1289859808326225928
1289859816043626497
1289859867914665985
1289860290536861698
1289860447257022465
1289860913692999680
1289861020182183938
1289862498313625600
1289863385501204482
1289863585942745088
1289863850217443330
1289864091557924864
1289865112010911744
1289865575028596736
1289865659577376768
1289866519829151744
1289867017231536130
1289867181455360000
1289867525421842433
1289867528273973248
1289867601506533378
1289868066973609984
1289868881226371073
1289869088743804929
1289869308416278529
1289869687925305344
1289870883608125440
1289870939551748098
1289872377757794304
1289872844763983874
1289872855987961856
1289872863025979392
1289873094857723905
1289873217071378433
1289873652805058560
1289874825243029505
1289875544822046723
1289875718596263939
1289876392742539264
1289876467443064834
1289877115236544513
1289877155984429056
1289877173910867968
1289877357122199552
1289877709976252416
1289877841463717888
1289878241927405568
1289878489261170691
1289878780568203265
1289879083426263041
1289879353732378626
1289879413853769728
1289879416655372289
1289879605852037123
1289879854062563329
1289879955724091392
1289880357395763201
1289880445979693056
1289880551231328258
1289880760099323905
1289880763379245056
1289881147048996865
1289881473890353152
1289881505842356224
1289881934466699264
1289882231977148416
1289882236313985024
1289882300239368192
1289882302835646464
1289882397312536576
1289883117474308096
1289883341479534594
1289883354582507521
1289883415664156672
1289883729876250624
1289883803318497280
1289883874487439360
1289884282811346945
1289884862652981249
1289885330594648067
1289885723022118912
1289885844371697670
1289886127931891713
1289886544438816768
1289886548427587584
1289886956080361472
1289887304098570240
1289887378975289350
1289887562429915139
1289888286522015744
1289889064070418434
1289889594826035200
1289890205286068224
1289890377630011394
1289890564767268869
1289890668211343360
1289890710016020480
1289891059598843904
1289891460158906369
1289891808726544384
1289891862598344704
1289892146221207553
1289892937279475712
1289893101889155073
1289893462616096769
1289893502411661317
1289893689293070339
1289893777625079810
1289894356820918273
1289894580180013057
1289895593117024257
1289895595751088131
1289895727896780801
1289895811711729665
1289895849288335362
1289896968781586434
1289897116945399808
1289897263506980864
1289897309015138304
1289897740936216576
1289897904425979905
1289898089809993730
1289898289492398080
1289898490672250885
1289899009880907779
1289899313573711872
1289899516024500224
1289899966463270913
1289900007823298561
1289900656094896131
1289900798709649408
1289900919702732800
1289901187790036997
1289901392337854471
1289901581354143745
1289901664355246080
1289901664720130049
1289901741828263937
1289902328309403652
1289902929835462656
1289903058474930177
1289903203761319937
1289903707404918790
1289903877798555648
1289903958983491585
1289903995360669704
1289904145126719489
1289904323762114560
1289904404854800385
1289904725232513025
1289905217727692803
1289905297046171648
1289906644499881985
1289906788733554688
1289907134755307520
1289907168657825795
1289907312082038784
1289907430730674176
1289907445804883969
1289907510304837635
1289907773950418945
1289908379255574531
1289908419294617603
1289908824199987202
1289909013937889280
1289909200366317580
1289909336408350720
1289910040527138816
1289910204335759361
1289910208378966016
1289910301807140865
1289910709032300544
1289910953169940480
1289911830710595585
1289912613476765696
1289913068898496512
1289913494377123840
1289913896162095105
1289914070577995776
1289914105835397122
1289914479526866947
1289914936009699330
1289915007761649666
1289915130029854723
1289915743253848066
1289916301419278337
1289916622317039620
1289916655208992768
1289916936206159875
1289917552504627201
1289917845237710848
1289917867232825344
1289918043720544256
1289918069364731910
1289918446289985538
1289918858069860355
1289919006007336960
1289919056015835137
1289919251810156544
1289919308563386368
1289919696284741633
1289919705877057536
1289919776555298818
1289919935137763328
1289920257813962752
1289920602342481920
1289920799105642498
1289921364246372352
1289922266273165315
1289922557542428672
1289922889886523401
1289922982719057927
1289923387242852352
1289924217685905409
1289924345125453824
1289924973717463043
1289925448525217792
1289925954396020739
1289927272028241921
1289927575372886017
1289927887467012096
1289928042282774530
1289928855038246916
1289928990724108288
1289929075176255488
1289929461949845505
1289929465724690432
1289929465947013127
1289929594074574848
1289929823238856705
1289929950179594240
1289930002662690820
1289930660849676290
1289930700020482048
1289930871517061120
1289931039247228930
1289931092242452480
1289931260291436545
1289931340545130496
1289931457184460800
1289931767311241217
1289932521883361280
1289932578380800000
1289932901744668679
1289933277596450816
1289933621025845248
1289933727271981061
1289933843894374401
1289934019438632960
1289934029144256514
1289934384997359619
1289934452710207489
1289934464542367747
1289934523841409024
1289934753366454272
1289935400933511170
1289935429207093249
1289936301894991873
1289936444987830272
1289936592585416704
1289936930256257024
1289937229398319104
1289937261623009282
1289937401322725377
1289937673805631488
1289938404604444672
1289939228512722944
1289939365037129731
1289939914033774592
1289939924997664768
1289940232507334657
1289940610288410625
1289940638444605440
1289940829121871873
1289941040690937863
1289941285793480704
1289941676077617154
1289942195307339777
1289942236302467072
1289942332473610244
1289943292843397120
1289943475102785539
1289943839562559489
1289944019229802496
1289944181792575488
1289944283601018881
1289944430212915200
1289944431244713984
1289944750120824833
1289944875689902083
1289946129052860416
1289946645178617856
1289946683657379841
1289946704330887169
1289946817946247168
1289946936607248385
1289947066374864896
1289947345442889728
1289947631146250241
1289948102686904321
1289948235100913667
1289948269435445248
1289948284073762816
1289948294102134784
1289948370761666560
1289948435685154816
1289948544112029696
1289949241960349697
1289949384382111744
1289949539424583680
1289949794543087617
1289950541246631936
1289950621315915776
1289950882621034496
1289951232757387267
1289951415268331520
1289951908296298497
1289952275301928960
1289952886726647809
1289953004666331136
1289953134983307264
1289953335093665799
1289953386775732224
1289953456539594756
1289953680855191552
1289953948632145922
1289954024377085957
1289954094837194752
1289954131499552769
1289954925200330754
1289954925477273601
1289954995484278787
1289955239299371008
1289955620519440385
1289955632653537280
1289955638139744256
1289955714471874560
1289955843039825920
1289956153720537089
1289956478099443712
1289956567949774850
1289956975761997826
1289957197854646274
1289957210315882497
1289957366792884231
1289957467401539585
1289957520828555264
1289957607889805313
1289957911607644161
1289958056642527233
1289958170136215555
1289958323324821504
1289958447648129024
1289958585632354306
1289958694243844097
1289958841069838336
1289958954483646464
1289959153645977600
1289959278481006592
1289959279701630980
1289959287129743360
1289959505510281217
1289959730941554693
1289960101282013184
1289960213353824256
1289960383311093761
1289960441158840320
1289960804247146496
1289961208498421760
1289961476665434113
1289962685581283331
1289963019825377282
1289963232740876288
1289963440711151625
1289964021697908736
1289964072893480962
1289964093214867457
1289964170348122113
1289964797392560128
1289964919891214337
1289964975084060672
1289965422901518336
1289965925219758081
1289966257215660033
1289966402594467840
1289966450862587905
1289966546169679874
1289966598250328064
1289966609772101633
1289966903809646593
1289967976423124992
1289968128084938752
1289968626833924098
1289968660824563712
1289968778596372488
1289968930048471042
1289968967344369664
1289969613506314241
1289969709459238912
1289969787079024641
1289970107670605824
1289970137454403584
1289970820249395200
1289971538016366592
1289971551702458369
1289971828048269312
1289972180814454797
1289972383063801856
1289972426961543168
1289972939312381952
1289973044425953281
1289974125776134144
1289974349768740865
1289974554597527552
1289974956739051520
1289975106823888896
1289975901535391745
1289976233552355328
1289976764911951875
1289977176406872067
1289977552958676992
1289977875039281154
1289977925953941504
1289978103171657728
1289979162992680960
1289979378970107904
1289979414948786177
1289979831078146050
1289980498857533441
1289980577966424065
1289980641946132482
1289981010256580609
1289981038425325569
1289981117282435074
1289981531155570693
1289982796073582593
1289983166799704064
1289983535919456257
1289984179728527361
1289984300763340800
1289985552029069317
1289986029479292928
1289986398783565824
1289986647170277380
1289986761205129217
1289986927152644097
1289987625592348672
1289987653622829056
1289988391098974208
1289988865986646027
1289988966196719619
1289988975759745028
1289988977945014272
1289989344342597632
1289989624077533185
1289989708689207296
1289990069651030018
1289990199171100672
1289990227402977280
1289990318520057861
1289990370525351939
1289990669646397444
1289990979462680576
1289991543022002177
1289991957922553857
1289991980676575233
1289992505593798657
1289992511713431552
1289992595121217538
1289992708207939584
1289993251567542273
1289993417641144320
1289993512105070593
1289993545399431168
1289993554807238658
1289993590983274496
1289993781467590656
1289994054269145089
1289994275053166592
1289994671351934977
1289994763530190848
1289995059606122496
1289995078514151424
1289995232507912192
1289995660876378112
1289995769827606528
1289996380124020736
1289996478329401344
1289996947583987712
1289997234713407489
1289997309405589504
1289997346227523587
1289997471695790080
1289997551823978497
1289997610455949312
1289997676763725824
1289997984747278338
1289998308178456576
1289998550298849281
1289998635552317440
1289998752552333312
1289999422504366082
1289999658069024769
1289999924713717760
1290000374095470592
1290000391799701504
1290000547676708864
1290000554567974915
1290000717474717696
1290000801977442305
1290001205670719489
1290001473699340288
1290001877669748739
1290002571000610816
1290002670950821891
1290002685706383362
1290003172866457603
1290003327120334848
1290003448226701313
1290003612215545856
1290003646277656578
1290003748568182785
1290003812342575104
1290003876423245824
1290003944886870016
1290003946941976576
1290003948032516096
1290003949278253057
1290004208255557632
1290004259837112321
1290004406126034945
1290004655418687488
1290004760414679040
1290004830870593538
1290005316176773120
1290005599774633984
1290005869044719616
1290006187363061760
1290006395014615040
1290007072596045824
1290007208449773568
1290007226065641472
1290007247721046016
1290007419649572864
1290007482799013889
1290007490826915841
1290007520669396992
1290007644652990464
1290007908017557504
1290008009834287104
1290008229921976320
1290008603705741313
1290008930521735169
1290009039045144578
1290009136009109504
1290009474204184577
1290009663317057536
1290010484712734720
1290010497597624321
1290010512705458177
1290010561774669825
1290010783628161024
1290010814271938562
1290010826779185154
1290011002063355904
1290011022841921542
1290011033730289664
1290011154484346880
1290011233819582465
1290011281634635778
1290011417974919169
1290011448144310273
1290011535218077698
1290011611860594688
1290012066602815489
1290012142435889153
1290012161406898178
1290012360292175872
1290012412767174656
1290012618292211712
1290012998346522625
1290013054982332416
1290013100603842560
1290013527491538944
1290013980178542593
1290014211922247680
1290014543305822208
1290015299463311360
1290015402869682176
1290016051497820160
1290016303370002432
1290016949733294087
1290017476206501888
1290017498553753600
1290017510490742784
1290017559433973760
1290018004957163520
1290018225892204544
1290018868258197504
1290018921563566082
1290018922595364865
1290018924851945473
1290018958108581888
1290018980124483584
1290019239772839937
1290019300451868672
1290019393456369665
1290019405481484288
1290019550222848017
1290019604379709440
1290019671723319297
1290019690346053638
1290019893803278336
1290020035713363968
1290020083134115840
1290020087055839232
1290020470721372160
1290020762217308161
1290020762330439680
1290021430298468352
1290021626268889089
1290021876648095744
1290022104272793601
1290022354093973504
1290022593832001536
1290022711066898432
1290022714221006849
1290022773255835648
1290023008099135488
1290023825833201665
1290023828832137216
1290024857816535040
1290024895057862656
1290024899528933376
1290024970001629184
1290025268690616321
1290025847705853952
1290026095291629570
1290026354876899328
1290026442382745600
1290027407479513088
1290027423694692352
1290028009412595715
1290028234164199426
1290028967148376067
1290029120944930816
1290029559727951872
1290029559841042434
1290029874644520962
1290030062008320000
1290030393802936321
1290031282013876224
1290031330525315080
1290031367020060677
1290031662882004992
1290031698340536320
1290031777776570368
1290031820868812805
1290031977668771840
1290032035969433600
1290032038125346816
1290032118412713984
1290032128831365121
1290033309960015878
1290033495146819585
1290033771647864832
1290033772771983360
1290033773824757760
1290034565382201346
1290034661964488706
1290034790754848771
1290035023987408896
1290035231135735808
1290035272453771265
1290035307925053441
1290035546249551872
1290035571142746112
1290036075042181120
1290036652157501442
1290037080379125760
1290037120992780298
1290037263422951426
1290037792668389377
1290037920192061441
1290038377819959297
1290039072920973313
1290039250554159104
1290039512811343872
1290039755107835909
1290040497021444096
1290040560984571904
1290040996349317120
1290041395391000576
1290041405654491137
1290041418812203010
1290041444980289536
1290041445013807104
1290041446590865408
1290041457374425088
1290041969096437771
1290042108758200322
1290042324614098945
1290042827976478720
1290044312734973953
1290044319991119872
1290044356485734400
1290044367328047104
1290044629023252481
1290044736732983297
1290044860863410176
1290044964945068032
1290045088727523328
1290045213436567552
1290045470866210818
1290045522552606720
1290045668979924992
1290045756275974145
1290046374948478976
1290046423573106690
1290046487376695296
1290046493630447616
1290046586198937600
1290047034872004611
1290047336190681095
1290047357254475777
1290047366939045888
1290047763787333632
1290048284187226112
1290048493604818946
1290048745346699264
1290048749641691136
1290048751315255296
1290048891954458625
1290049202882453504
1290050053864697857
1290050168222408704
1290052276971638790
1290052294982082564
1290052299205693443
1290052307049037824
1290052372711038977
1290052539937824768
1290053238452977665
1290053324729749504
1290053700908539904
1290053911865434116
1290054238140116992
1290054378888392704
1290054424912490496
1290055103928397824
1290055580187467777
1290055748827918336
1290055880235536385
1290055920358166534
1290056227091820544
1290056667443236865
1290057458396704768
1290058659926544384
1290058943750971393
1290058946653253632
1290058975472283648
1290059272848474112
1290059384739885056
1290059823594082304
1290060321374142466
1290060525770956800
1290060587376893954
1290060900427276290
1290060977690439680
1290061419191218177
1290062046516490240
1290062254918914048
1290062428328333312
1290062894730641408
1290062929438494720
1290062936723951616
1290063464803610625
1290063468154875905
1290063469190864898
1290063521326043136
1290063595095511043
1290064062181773312
1290064304717406215
1290064312489345025
1290064678370983936
1290065134686072833
1290065176222294017
1290065748535250948
1290066024537022464
1290067658893746176
1290068331123351558
1290068648065765376
1290068871219687425
1290069062534348801
1290069480408719363
1290070011755859969
1290070309689634816
1290070816772816901
1290070993466138624
1290071395162972161
1290071607814193153
1290071742879117314
1290072755036200962
1290072865476243456
1290072873873428480
1290072960489857026
1290073352212643840
1290073515077451776
1290074094105292800
1290074721787080705
1290074925462515713
1290075076449034240
1290075184481931267
1290075218866733056
1290075269273796611
1290075373301047296
1290075496152092672
1290075701001871361
1290075813048496128
1290076284085653504
1290076443485995008
1290076831803043843
1290076908906876929
1290077741199450112
1290077859915202561
1290077864126119936
1290077948918272001
1290078028966445057
1290078198391169025
1290078220310609920
1290078231773634560
1290078269824307202
1290078439513313280
1290078821392306179
1290079073549447168
1290079135675478016
1290079841006452736
1290080440125198337
1290080694127927299
1290081548989939712
1290081778871410689
1290081860505047042
1290082403944247296
1290083076626759680
1290083577263136771
1290083581407252481
1290083749388943361
1290083848932319234
1290084000606740480
1290085041918242816
1290085128576745474
1290085740643094528
1290085902077714432
1290086005928673280
1290086172186644481
1290086972439044097
1290087083420160000
1290088693718560768
1290089183101386753
1290089516682956800
1290089660597731329
1290090160768471042
1290090511085125632
1290090800093700096
1290090827490811904
1290090897485389825
1290091194303647745
1290091334439591938
1290091591013740545
1290091810971238401
1290091814196662272
1290091921184944128
1290092742635212802
1290093013457235968
1290093163890143237
1290093559438176256
1290093567076110336
1290094254815981569
1290094865846394880
1290095250032062464
1290095299965284353
1290095327475904512
1290095476990066688
1290095659656175618
1290095722843447297
1290095885024522240
1290095955518226432
1290096592867987458
1290097216749621248
1290097220742610945
1290097342784274432
1290097379870351361
1290097886097743873
1290099175783141377
1290099323892412416
1290100100086272001
1290100257704087557
1290100565741981696
1290100966977490944
1290101341528842240
1290101797864919040
1290101837274558464
1290102226472460290
1290102503573532673
1290103668700667905
1290103885869137921
1290104052563533825
1290104334038908932
1290104485893664769
1290105426374090752
1290105652010815488
1290106024913973248
1290106250051477505
1290106473851174913
1290106609310474240
1290106755968532485
1290106997145296897
1290107227970265089
1290107398019928070
1290107504462970881
1290107770838986753
1290107892008288258
1290108016428109827
1290108615781736448
1290109438544642048
1290109706438995970
1290110113181655041
1290110168118640640
1290110608566677504
1290110905561186307
1290111091486294017
1290111323938918401
1290111353496068096
1290112011200733186
1290112923499548673
1290113131272966151
1290113187778453505
1290113352434294785
1290113470835433472
1290113574313037825
1290113635985940480
1290114007609663489
1290114055638679553
1290114070004154368
1290114265190465536
1290114591112835073
1290114614928130050
1290115420666486784
1290115457651896320
1290115702259556352
1290116396614000641
1290116660343353344
1290116813808734212
1290116851331194881
1290117065785966592
1290117491365208064
1290118132368060416
1290118717964201985
1290120050796425216
1290120232720150528
1290120463088152576
1290120976269746176
1290121115172397056
1290121318105415680
1290121494161285120
1290121785589915648
1290121937335787520
1290122029681664004
1290122853883367424
1290123696355651585
1290124572524556288
1290124997759922176
1290125556386693121
1290125894309355521
1290125954157707270
1290126179127582722
1290126379036676102
1290126404613537798
1290126609316421632
1290127173672562688
1290127621565689859
1290127714435788802
1290128247129169920
1290128657562791937
1290128664827326464
1290129143007510528
1290129633795616769
1290129677537775616
1290129990864928769
1290130399838969857
1290131354051473409
1290131354038890497
1290131676283039744
1290131712802820096
1290132167100526595
1290132611113734153
1290132611998785539
1290132740885499906
1290134131180019712
1290135693923033088
1290136048798846977
1290136065227886592
1290136716766978049
1290136760710651905
1290137145374576643
1290137386693738499
1290137611244167170
1290137941524668416
1290138024999702529
1290138477791555584
1290138955191652353
1290139161039527938
1290139194254168070
1290139434722058240
1290139462136078337
1290140738919923712
