1290141881985368064
1290141882081665026
1290141990215188480
1290143177412812800
1290143347366076416
1290144089434857473
1290144149329518592
1290144186272948224
1290144257035173888
1290144299187728385
1290144476422238208
1290145170013396993
1290145636227014656
1290146348487053312
1290146433388011520
1290146988995104768
1290147307128684545
1290147586838429696
1290148334213033985
1290149250580455424
1290149862210641924
1290150343310016512
1290150344308035585
1290150372556697602
1290150812258316288
1290151549436456964
1290151775404584960
1290151909798502400
1290152212685975553
1290152803931807745
1290153438861381633
1290154094871457792
1290154201985585153
1290155071037157376
1290155081996804098
1290155268228046848
1290156130463694854
1290156246654312453
1290156416444104704
1290157807396765697
1290158299531247617
1290158398911045633
1290158886284955649
1290159549203152896
1290159627087130624
1290160252092997633
1290160564035977217
1290161728030793729
1290161981802999808
1290162645421584385
1290165069272227845
1290165135391088641
1290165437750226944
1290165762095591424
1290166184638201857
1290166712336171008
1290166755831078912
1290166794896859136
1290167423660748802
1290167649658257409
1290167650694213633
1290167651734446080
1290167674505506817
1290167971256524800
1290169161709060097
1290169530405117954
1290169741492068352
1290169852313780224
1290170027602259968
1290170147295002625
1290171283846516737
1290171383314436096
1290171555981529088
1290171635316568064
1290171768917770242
1290172729879126016
1290172792147595267
1290172950914584576
1290173291198443520
1290173529502224384
1290173686054400002
1290174300192874498
1290174559837020160
1290174563989372928
1290175038511955968
1290175078756315136
1290175295098519552
1290177364995870721
1290177428967559168
1290177774548692992
1290178328062697474
1290178939021856769
1290179143850590208
1290179472247775232
1290179495144517635
1290180686691762181
1290180763367817218
1290180829927231489
1290180866346369029
1290181586646753281
1290181992579911680
1290182499075682305
1290182500300410880
1290183308538593282
1290183530618613761
1290183730821099522
1290184658374635520
1290184672090226688
1290184898322423809
1290185181379170305
1290185221023903744
1290185752815341570
1290186346900779010
1290186958115807232
1290187160755171328
1290187960747401222
1290188516610019329
1290188629420068864
1290188753466662912
1290188959692161029
1290189359744815105
1290189650955386885
1290190192893034496
1290191857180434432
1290191969574981632
1290192066983505921
1290194299704008704
1290195617075982338
1290196020177981441
1290196135622057988
1290196432113164289
1290196442590502914
1290196465789280263
1290196589223411714
1290197380495634432
1290197604031135744
1290198307449569280
1290199229743472640
1290199533742301189
1290201372428623873
1290201521162817536
1290201926055813120
1290202432274755589
1290202644917649408
1290202756595068931
1290203369701687299
1290203869713072130
1290204422933377024
1290204682950934528
1290205185420083203
1290205869515276288
1290206029846724609
1290206467618824192
1290206687350185984
1290207880566706178
1290208065527005184
1290208540393500672
1290208551445512195
1290209189457997824
1290209600805810176
1290209974740643842
1290210265997479938
1290210312688295938
1290210761373966336
1290210790302072833
1290210798225088512
1290210917683040256
1290210992064880640
1290211423323213824
1290211707155959810
1290212044109762561
1290212102691381248
1290212174040883200
1290212319063023617
1290212320216363011
1290212320782610432
1290212322011566081
1290212324314234880
1290212324456820738
1290212537695272961
1290212565864214528
1290213263708430336
1290213701518123008
1290214465695227904
1290214983381528576
1290215636107288581
1290215831515717634
1290216174647738368
1290216402071089154
1290217064997613572
1290217267565740032
1290217863265959936
1290218289331724289
1290218497663016960
1290219204185006080
1290221127508189187
1290221276263374848
1290221356454498304
1290222367818551298
1290222988931919873
1290223737988681729
1290223805223202817
1290223929341042688
1290224312742367232
1290224765676875776
1290226153882447872
1290226524570845184
1290226838732591106
1290227208129306626
1290227375251234816
1290227545611235334
1290227549029588994
1290227551386755074
1290227598212108288
1290227811165196290
1290227994594693121
1290228016161775617
1290228034465722372
1290228388163014657
1290228497764380672
1290228753256259584
1290230187578109952
1290230193618001920
1290230319216496640
1290231426227425282
1290231587947200513
1290231589369241600
1290231591487197184
1290231602555916290
1290231672370106368
1290231905019985927
1290231947906682881
1290232702348570625
1290232839053512706
1290233235855687680
1290233588424744962
1290233714308345857
1290233840661823489
1290234154429239296
1290234469660516354
1290235155584557057
1290235360979689480
1290235794817310721
1290235980172075008
1290236102733832192
1290236290747662336
1290236522474528769
1290237749211983872
1290237772825935872
1290238455209799683
1290238524298469377
1290238949672095744
1290239267457781762
1290239308691992576
1290239321631387648
1290239338714783744
1290239438103015425
1290239609692020738
1290239635596091393
1290239703329865728
1290240193514135553
1290240311331938306
1290240319095574528
1290240642384187393
1290241248100589568
1290241371706503171
1290241639546462208
1290241809487020034
1290242489438187520
1290242764815233025
1290242896499679232
1290243470246817793
1290244572015026178
1290244575391432706
1290244898067591168
1290245783535513601
1290245924275367940
1290246166874005505
1290246332079149057
1290246351888867330
1290246418280534018
1290247007337029632
1290247171170881537
1290247266608058368
1290247701750099970
1290248151841026048
1290248157121503234
1290248240722399234
1290248309974528000
1290248830890307584
1290249464989401093
1290249939516178432
1290250011062628352
1290250120798248960
1290250208236859393
1290250327313117184
1290250589394198528
1290251461629227010
1290251574715936770
1290252107849691136
1290252199524622337
1290253125576794112
1290253358662639617
1290253554133774337
1290253756458840065
1290254036621393920
1290254042002685958
1290254091340283904
1290254896021803008
1290254911368617985
1290254963504041984
1290255194287005698
1290255340437569537
1290255448906424320
1290255877782614016
1290255887819345920
1290255981432074240
1290256653175205890
1290256780283568128
1290257125801787398
1290257489179496450
1290257489275977730
1290257490290982916
1290258354745597952
1290258400606064643
1290258447976378369
1290258706160967681
1290258716067913728
1290258802504134656
1290259457658638341
1290260084241596416
1290260152080371712
1290260242513539072
1290260347727749120
1290260735357071362
1290261459709042690
1290262331126054912
1290262842713624576
1290262907633070080
1290263327143161857
1290263662536491010
1290264809523441668
1290264965241114624
1290265432151085056
1290265444507455488
1290265671339737088
1290265833780871169
1290266201382215680
1290266235360313345
1290266529469100032
1290266735346475008
1290267426504839168
1290267488823865346
1290267577520816131
1290268093915127814
1290268262136127488
1290268478180487170
1290268599274225664
1290268708749762561
1290269238213488640
1290269637595344896
1290269758848249857
1290270235388284928
1290270291093061635
1290270527043469312
1290271091668049922
1290271183665913858
1290271315559997442
1290271316902326273
1290271334610550790
1290271399072772096
1290271501057286146
1290271579474198530
1290271641386311680
1290271714941624323
1290272344355659776
1290272405173047296
1290272632772759554
1290273097535197184
1290273269849837569
1290273332731023361
1290273466336210944
1290273476771639297
1290273544983568384
1290273688424595457
1290273917135773696
1290273988753502208
1290274245453344768
1290274539151056896
1290274769858781187
1290275075065708544
1290275712696377344
1290275778127704064
1290275826127130624
1290276242042654721
1290276318286721026
1290276368308031489
1290276377766367232
1290276387618557955
1290276954587856896
1290277274110046208
1290277450799124480
1290277554515935234
1290277768349982722
1290277883093463040
1290277948453355520
1290278282362003456
1290278334773882881
1290278713473392646
1290278952548708353
1290279203204521988
1290279912738189313
1290280305392156673
1290280391329251331
1290280393959018496
1290280748797194242
1290281112191688711
1290281784576376832
1290281988209831939
1290282794178895872
1290282914165317634
1290283002543579136
1290284753677979656
1290284799253286912
1290285217232506881
1290285737175392257
1290286414433857537
1290286848678404098
1290286963770048513
1290286989917351936
1290287188333264897
1290287341219667972
1290287403979202562
1290287439722897411
1290287465299771392
1290287536657424385
1290287658422345734
1290287658552430593
1290287675241447425
1290287964149501957
1290288469248315392
1290288574374395904
1290289079863533568
1290289323212849152
1290289408311062536
1290289542176493568
1290290143501234182
1290290209805000704
1290290226804322304
1290290304789094404
1290290381670686725
1290290460922003457
1290291022270828544
1290291298641907712
1290291348059258880
1290291319487606784
1290291702633299969
1290291979709022209
1290292100731346946
1290292330734313474
1290292429120307201
1290292466529079298
1290292666266091520
1290292772683911170
1290293050317533184
1290293242454396928
1290293451519660032
1290293483257753600
1290294701027860480
1290294999343607808
1290295100107448320
1290295496775360512
1290295496905330691
1290296396210417664
1290296621083660290
1290296743645442049
1290297359755145217
1290297482958630916
1290297634565967872
1290297713364328450
1290297825780211714
1290298240919773184
1290298937769775107
1290299295393034240
1290299377232146432
1290299421662404610
1290299659584339974
1290299724839493633
1290299754878910464
1290300031623237636
1290300153467822080
1290300259919224832
1290300334644924418
1290300425120501762
1290300614061088774
1290300615109869568
1290300619190702080
1290300666280173568
1290301306070953985
1290301472291336199
1290301479278936067
1290301513844142080
1290302505465741312
1290302539175358464
1290302540286812160
1290302595500670976
1290302967568949250
1290302971352428544
1290303442758451200
1290303491542380550
1290303601722744833
1290303695939198977
1290303807725871105
1290304231333797890
1290304277236396032
1290304672192819206
1290305202411597825
1290305234355421184
1290305292211634176
1290305829074169858
1290305980840853506
1290306211099947008
1290306282461618176
1290306385951875072
1290306457846644741
1290306500179582976
1290306796607778816
1290307413489397762
1290307510411440129
1290307652065533957
1290307813219209221
1290308055431696385
1290308362249179142
1290308547243253765
1290309128351490048
1290309462239182849
1290309498309996544
1290309570317885440
1290309729592283136
1290309766942560257
1290310459355095040
1290310723256479744
1290311185204744192
1290311451588956161
1290311579695820800
1290311589380239360
1290311663833374721
1290311801096347650
1290311915135107072
1290312380304457729
1290312464484061184
1290312477960372224
1290312779711352833
1290313375495356416
1290313455015141376
1290314258841042944
1290314423815503877
1290314978285588481
1290315210549600258
1290315506138767361
1290315654239838210
1290315678344286210
1290315781058723840
1290315869558579200
1290315940735979520
1290316099729240064
1290316218415681536
1290316540726968328
1290316968030076928
1290316995938811922
1290317636610527235
1290317643061137410
1290317742260748289
1290317966987452416
1290318017411391490
1290318429115867138
1290318673346011138
1290318729444761603
1290318762131030018
1290318836139532293
1290318898240380928
1290319300738260995
1290319322548707328
1290319375036186625
1290319695225159680
1290319711268372480
1290320004148342785
1290320140849086465
1290320349658324994
1290320374958370816
1290320388862275584
1290320391144079362
1290320579816382464
1290320592495882240
1290320768669106176
1290320961628078086
1290321197931147264
1290321301706604544
1290321430375280640
1290321560117510165
1290322445870735362
1290322509292875779
1290322526808268801
1290322803183554561
1290322807818203136
1290323137855467522
1290323181270634496
1290323209200574464
1290323269229457408
1290324060769943555
1290324276109869057
1290324534571290624
1290324825559519233
1290324897693040642
1290325037589966849
1290325252795498496
1290325459364909057
1290325505195925505
1290325614596108288
1290325668149039104
1290325923477311489
1290325960701521921
1290326155027984384
1290326619056410624
1290326931137847301
1290327057797451776
1290327249133211649
1290327340661248000
1290327404196528129
1290328394476015616
1290328504723275779
1290328561220493312
1290328584419078145
1290328645937115140
1290329911291502593
1290330302351638530
1290330486318026754
1290330519406809093
1290330561613979649
1290330943799136258
1290331133314441216
1290331166286008323
1290331301405392897
1290331370917683201
1290331419621953537
1290331843640926209
1290331958761811968
1290332088558854146
1290332193844166656
1290332261984993283
1290332337666953217
1290332742610087936
1290332743641964544
1290333080130146304
1290333472351907840
1290333829077450756
1290334248868524032
1290334308067151873
1290334585104941062
1290334672753496064
1290334673558806529
1290334745042313219
1290334768316461058
1290334790856499200
1290336178785452037
1290336433375510531
1290336488018849794
1290336623763361794
1290337091759595520
1290337126505156608
1290337362862575616
1290337375382454272
1290337398841323521
1290337471914541064
1290337741943627776
1290338423878950914
1290338729849126912
1290338922938216448
1290339116207480842
1290339144313577475
1290339408579907584
1290339658820251649
1290339789892276225
1290339824461852675
1290339845211074560
1290339996147253248
1290340180327636992
1290340437245468674
1290341213724344320
1290341418150420480
1290341850440773632
1290341858816610304
1290342198123343872
1290342313731002368
1290342650776825856
1290342666962636803
1290343075068477440
1290343212096397318
1290343731862872065
1290344262429634571
1290344627531325441
1290344761153314817
1290344869005791234
1290345270916657161
1290345805057064960
1290345899982553088
1290346688863821824
1290346864643014663
1290346935807696896
1290346937103810562
1290347172005842946
1290347282559381505
1290347587040473089
1290347593063477248
1290347916146749440
1290348179142193153
1290348575885590528
1290348928257396736
1290349412334673920
1290349769207033858
1290349907321057281
1290350611167313921
1290350925698211841
1290350981125939206
1290351078580649984
1290351119416217600
1290351215663099912
1290351382294171648
1290351567116341255
1290352068960583683
1290352138548400128
1290352377950810112
1290352607379066880
1290353132543696896
1290353217147211788
1290353464451751936
1290353699714486272
1290354822437318656
1290355012355284992
1290355229767004161
1290355334855393280
1290355402174074880
1290355782043578369
1290355938935832576
1290356291756601351
1290356354528481286
1290356543674867713
1290356749338324997
1290357140985720835
1290357778104455168
1290357855820951552
1290358589991686145
1290358702646599680
1290358711605776385
1290358726239621128
1290358919584415744
1290359260677730305
1290359339363033090
1290359565465219072
1290359565947736065
1290359644850970625
1290359755760861184
1290359889676640256
1290360175266861058
1290360434848149510
1290360593082351617
1290360804840218626
1290360805024600064
1290360951397470208
1290361034268696578
1290361788475858946
1290362003408683008
1290362478032019456
1290362569425788928
1290362570080100353
1290362573712322561
1290362778759372801
1290362791380111360
1290362945755418624
1290363397486321665
1290363635466997767
1290363896709165057
1290364120533999616
1290364121435840517
1290364122346000384
1290364180378390530
1290364200276066305
1290364212913549313
1290364256936960001
1290364477087584256
1290364738472497153
1290365236525109248
1290365282373050368
1290365685982404609
1290365720514240524
1290365761660182528
1290366219879669760
1290366370807513092
1290366797888151557
1290366833909018624
1290366926741557257
1290367288676360197
1290367378811957251
1290367878521380868
1290367880844857344
1290368064114921472
1290368122986409992
1290369316475613184
1290369355071406081
1290369373266468867
1290369518913703940
1290369615458009088
1290369791660892163
1290369971223134219
1290370074172424194
1290370106040688641
1290370128224358405
1290370404322705408
1290370451751960577
1290370463802298375
1290370632887218177
1290370690038878211
1290370852891041797
1290371158953668609
1290371206995161089
1290371289635528707
1290371486356774914
1290371587875786759
1290371607333142528
1290371839018098694
1290372086591107072
1290372122674638848
1290372171332714509
1290372435582136321
1290372590096265217
1290373335533182979
1290373402692378624
1290373714702241792
1290373718334681088
1290373773145681920
1290373775419150336
1290374003631304704
1290374027077455872
1290374157767671809
1290374355030093831
1290374376567771136
1290374405764382721
1290374593446850563
1290374661226856448
1290374721783992320
1290375187788107780
1290375297959890952
1290375302074503168
1290376487338676226
1290376528874762241
1290376574613692418
1290376756138930176
1290376827589058564
1290376976159526913
1290377229134893057
1290377295660711936
1290377361863606272
1290377409506578432
1290377537680367616
1290377539093803008
1290378039608705025
1290378177466925057
1290378547006263296
1290378828334931968
1290379120107429889
1290379439730233347
1290379674711883780
1290380532786831361
1290380671337156608
1290381469639233538
1290381506435743744
1290381623243022336
1290381672861638656
1290382514104741890
1290382856070541314
1290383210463993856
1290383470439673859
1290383651906215936
1290383663415394307
1290383758017925132
1290385189504524290
1290385239416680456
1290385470224908289
1290386150692130819
1290386253934768128
1290386367277563910
1290386464107139072
1290386512597651462
1290386660815966209
1290386796916944908
1290386996506968064
1290387684154802181
1290387717692547073
1290387740484403201
1290387830645104641
1290388175735738373
1290388277023956994
1290388528510140416
1290388652246405120
1290388900712607744
1290388909579436032
1290388951467950081
1290389413508284417
1290389493493592064
1290389723240738816
1290389815792488450
1290389874973999104
1290389960906940426
1290390180403216391
1290390365531512832
1290390660395171841
1290390668100145154
1290390731794845697
1290390863919669248
1290391230132584448
1290391234217938945
1290391367957585921
1290391526586093571
1290391690969219072
1290391844266954754
1290391912449531909
1290392056897118209
1290392067999322112
1290392111385391110
1290392136999813122
1290392238820700160
1290392270303301634
1290392364985401344
1290392394823852034
1290392504668311552
1290392513631592448
1290392592153100289
1290392685359050753
1290393086263283713
1290393320959614976
1290393532201672705
1290393893666729985
1290394012571054081
1290394424120246272
1290394737086734338
1290394807601377281
1290395045003251713
1290395056512413700
1290395264696692740
1290395599670579201
1290395797763371012
1290396596811816962
1290396597214498816
1290396776395137024
1290396827544702977
1290397436175962112
1290397461417254918
1290398355995136000
1290398557376192512
1290398716382322688
1290398799790256128
1290398815527165952
1290399140086718466
1290399386053349378
1290399671958024192
1290399795086065665
1290400057452183552
1290400062401634304
1290400080390950915
1290400606415253506
1290400782932684800
1290400858497257472
1290401068187373570
1290401724935606273
1290402059104268293
1290402368065077248
1290402394354978816
1290402416328871939
1290402461249753089
1290402669819879424
1290402788896276481
1290402970954211328
1290403124226777092
1290403680999690241
1290403846200664071
1290404136870174722
1290404472083099650
1290404607219335168
1290405107042058241
1290405287275438082
1290405464539242496
1290405643627552768
1290405741187289090
1290405840684548097
1290405971659911168
1290406475546783744
1290406496682094592
1290406769425100805
1290406781601054721
1290407040058368001
1290407089345458176
1290407168408268803
1290407364521336833
1290407485375803392
1290407486432845825
1290407487007371264
1290407489117118465
1290407984263176192
1290407986167533569
1290408105663234048
1290408132540325891
1290408320302559232
1290408837036507142
1290408907987394561
1290409364369502208
1290409469244059654
1290409508272054273
1290409891044220931
1290410031486324736
1290410197345689605
1290410605946470401
1290410661760114697
1290410900600520710
1290411035392978948
1290411281539674112
1290411373869043715
1290411671064846336
1290411752522317824
1290411833308962822
1290411891139936259
1290412170463805441
1290412179896840193
1290412258506530817
1290412482075299840
1290412533690572800
1290413442919104513
1290413645374140416
1290413710205489154
1290413726563209223
1290413746846863360
1290413760650383360
1290414493512511488
1290414500164915201
1290414958266798080
1290415602327322626
1290415657800982529
1290416814154043392
1290417040625471489
1290417151728287744
1290417504565764096
1290417569502027778
1290418657395343361
1290418690085793792
1290418921242329088
1290418925969252355
1290419398055002113
1290419520583217152
1290419575440453632
1290419598723100673
1290419805002973184
1290419806219276295
1290419835218694144
1290419866957119489
1290420011622965250
1290420023622799363
1290420084440289280
1290420157064654849
1290420199351414784
1290420256838750211
1290420400111988737
1290420427806740480
1290421265463820288
1290421792457330690
1290422327373475840
1290422329957216257
1290422333501390849
1290422334843568128
1290422961867042816
1290423388406718465
1290423563321847813
1290423882432880641
1290424021830402051
1290424246225821697
1290424939632304131
1290424954056355842
1290425321280479239
1290425393451806720
1290425453195350017
1290425509806047233
1290425688244342784
1290425719013675013
1290425782364512258
1290425795031203840
1290425980113174528
1290425982466134017
1290425996643106816
1290426051718520832
1290426253611130886
1290426977715924992
1290427519544504320
1290427571461472257
1290427647277912064
1290428038870597638
1290428370065321984
1290428899701280770
1290429168786735107
1290429597826375686
1290429679711784962
1290429761970372608
1290429795713548289
1290429942656901125
1290430054493609987
1290430451941806081
1290430540571500544
1290430571957628928
1290430921284313088
1290431422591717376
1290431687336300544
1290431839572819975
1290431887849054208
1290432300199493632
1290432530361888768
1290432821341847557
1290433028389576711
1290433080910635009
1290433241007128576
1290433477083570176
1290433568968257537
1290433589797163013
1290433760467529728
1290434158569848832
1290434648909258752
1290434795810500614
1290434933333401603
1290435160115118082
1290435197033381896
1290435346023538689
1290436551026053122
1290436667732623360
1290436677677256706
1290436678604197891
1290436690843230209
1290437368441430017
1290438131980947457
1290438182522294274
1290438471308517376
1290439181953576961
1290439201146765314
1290439359863324677
1290439528294031360
1290440020038385670
1290440218487685120
1290441445539827713
1290442023758114816
1290442386536116227
1290442667780902915
1290442885247238144
1290443197525774336
1290443393118752772
1290444082175717376
1290444388267589634
1290444537261957121
1290444708657934336
1290444843869667334
1290444895400992768
1290444973909905414
1290445076620091392
1290445134425919489
1290445425376473090
1290445430480941056
1290445596503965696
1290445649473921025
1290446129235202049
1290446326317096964
1290446464313950214
1290446480818475011
1290446654546550784
1290446774096875520
1290446986701938690
1290447541507686405
1290449072739045376
1290449171317755909
1290449492874006528
1290449671614279687
1290450434985951238
1290450908598411265
1290450942966603777
1290451003737858048
1290451056317652992
1290451179542110219
1290451212870049793
1290451223414484993
1290451365530152960
1290451480982552578
1290451855684894732
1290452138724921344
1290452276600025091
1290452280353980419
1290452342366711809
1290452522264657922
1290452555651330048
1290452820601208832
1290453084959842312
1290453314895839233
1290453954837585921
1290454030850953218
1290454110538473472
1290454130918596610
1290454230034259972
1290454233951678467
1290454369498955776
1290454418945703937
1290454924510232577
1290455175845617675
1290455405483655168
1290455550048837632
1290455903557357571
1290456051171692547
1290456130993496064
1290456305350651908
1290456309549211650
1290456338464747522
1290456572410421250
1290456846034178048
1290457351435309056
1290457466497630210
1290457522986418177
1290457543144333312
1290457831691431942
1290457848271589376
1290457877837156352
1290458287813656577
1290458345581826048
1290459401187397637
1290459875919761408
1290460300031008768
1290460468667088899
1290460630055608321
1290460899841642499
1290460935350616067
1290461632813047808
1290461691889713158
1290461762442211329
1290462175560073218
1290462472277823488
1290462698619248640
1290462910607654915
1290462936964698113
1290463089712930817
1290463329568391174
1290463519343808518
1290463697501130753
1290463830200516614
1290463961754873856
1290464966890463241
1290465010783858689
1290465089301164032
1290465299125473280
1290465364896358402
1290465736465559555
1290465821396013056
1290466297420144640
1290466633786548231
1290466653956964357
1290466765210869762
1290467273283706880
1290467375217876997
1290467376987885568
1290467378304880640
1290467379609243653
1290467380586524673
1290467513894133761
1290468567993982980
1290469271404007426
1290469312407511042
1290469713848553474
1290470022230548482
1290470525924515840
1290471086002495491
1290471261563428866
1290471414529699846
1290471868965806082
1290472574808399873
1290472770417987584
1290473365195485184
1290473520326217729
1290474545451798529
1290474570475085824
1290474772594229249
1290476465843081216
1290476497728241666
1290476796136185856
1290477753527971841
1290477772205256711
1290477834876489730
1290477902417375232
1290478014870908928
1290478892596129792
1290479052881444864
1290479396801769473
1290480411995332614
1290481032722956291
1290482022180204545
1290482080636260358
1290482467451711492
1290482472757559298
1290482476305899520
1290482512955809794
1290482725581774851
1290483211223437320
1290483588584988678
1290483590950617098
1290483831653298176
1290484116777918471
1290484822469562369
1290485308887191554
1290485404219502593
1290485841081462786
1290486094375469058
1290487137482100736
1290488124481482757
1290488481630703618
1290488939799670785
1290489124852391936
1290490068784701442
1290490322972073984
1290490707329683459
1290490876125278216
1290491292732895234
1290491388757282823
1290491426678030344
1290491662783766531
1290492329279668226
1290492343175360512
1290492794545422338
1290492908366258177
1290492981502304257
1290493407446458368
1290493755041095681
1290494792762155009
1290495435593768962
1290495456435265539
1290495923752022017
1290496206360125441
1290497576433721349
1290497593118580737
1290497727663493126
1290497792624885762
1290498276450422786
1290498413751017472
1290498836452933634
1290499126577094658
1290499784164311040
1290499812614258689
1290499842192494592
1290500016809762816
1290500121541713920
1290500713907273728
1290500832165732353
1290500890642718725
1290501083429629954
1290501574570266624
1290501631134642177
1290501980696317952
1290502203115884545
1290502421018419200
1290502438974234625
1290502850343088130
1290502921386434560
1290502986146500608
1290503310168924160
1290503444080603137
1290503623621988352
1290504090225606662
1290504312565698567
