1290505258741858305
1290507391361077248
1290508274345955328
1290508355803414528
1290508524980776960
1290508649224380416
1290508728228339714
1290509312398430208
1290509943271862273
1290510461595783168
1290510670371237888
1290511077768298497
1290511315166007296
1290512360474578946
1290512423569338370
1290512424685015040
1290512644940627968
1290512979868475392
1290513071149060097
1290513689943171073
1290514250322989056
1290514329674985472
1290514564136804352
1290514661838913538
1290514981046423552
1290515063976198144
1290515142334205952
1290515203793330178
1290515395791802368
1290515828111298565
1290516004456538119
1290516237282357248
1290516251106738176
1290516252759175168
1290516967426674689
1290517057088425984
1290517327423967233
1290517664335638528
1290518369897242625
1290518371587493888
1290518919187324935
1290519408452935680
1290519607820853249
1290520199301607425
1290521060161523712
1290521194056351744
1290521766096297989
1290522613433765888
1290523006310080513
1290523372397494273
1290523492086145026
1290523885394448384
1290523904809635843
1290524015984082945
1290524421736849408
1290524526950985728
1290525259527884803
1290525290553151488
1290525448171065344
1290525496040718336
1290525742493839363
1290525914829410304
1290526173571801089
1290526174456602624
1290526413037109248
1290526801446359041
1290526868018528256
1290527225670967297
1290527401001119745
1290527416654471169
1290527422853545984
1290527458236620800
1290527522363330560
1290527689288437762
1290527921501868033
1290529458085036032
1290529837740941312
1290530770067456002
1290531340979494913
1290531549272846341
1290532665343594496
1290532869446594560
1290534489886560259
1290534566650773505
1290534958134472704
1290535161994584067
1290535509303992320
1290535777340928001
1290535807141412864
1290535900372500486
1290536166979178496
1290536933630803968
1290537542807441409
1290537746348552194
1290537976020127745
1290538033884717057
1290538191905316864
1290539062609063936
1290539077998120961
1290540239803617280
1290540551306121216
1290541376917184512
1290542115127046144
1290542118755131392
1290542121913442305
1290542447169282049
1290542644775358464
1290543262583812098
1290543488791019520
1290543945890574336
1290545401536434176
1290545892898926593
1290545900415148032
1290546556958134273
1290546690391506944
1290547724178382849
1290548031641628673
1290548193063768064
1290548430209777665
1290548528977268737
1290548982704304128
1290549522863726598
1290550136322625536
1290551077453127680
1290551094930804737
1290551905869901825
1290552451159007233
1290553051087069187
1290553373205225472
1290553700277248000
1290553908667064320
1290554715399491585
1290554764615458817
1290554970304126982
1290555011060162560
1290555529375358976
1290556016308953088
1290556269548449794
1290556270324469761
1290556659459330048
1290557473485664256
1290557597620359168
1290557760816451584
1290557856610226176
1290558008007766019
1290558302347296768
1290558644891856901
1290558724696731650
1290558763678629890
1290558886102142978
1290559104872779776
1290559242747994113
1290559340567552000
1290560351692562432
1290560953508126720
1290564336973422592
1290564474857033728
1290564811139567616
1290564989556686859
1290565670304755713
1290565851809284096
1290566272686514176
1290566324452818945
1290566449845678080
1290566908568383489
1290566963039739906
1290567309208190977
1290567725270564866
1290568145405648896
1290568146374537216
1290568213638590466
1290569132400766976
1290569803871088640
1290569859856846853
1290570047761657858
1290570133866450944
1290570145350291456
1290570321926541312
1290571570008604672
1290571811759910914
1290572166241693696
1290572444579901440
1290572576960450561
1290572582958305280
1290573171276550144
1290573259784761345
1290574067708227584
1290574285367586816
1290575511664701440
1290576259228020736
1290576681607069696
1290577276904468480
1290577540025708545
1290577566856818688
1290577654911922177
1290577858348294146
1290578305117233152
1290578569983336448
1290578713843773440
1290580110861639683
1290580127664033793
1290580214683181056
1290580587707760640
1290580639528427520
1290580732503523329
1290581461901307904
1290581795570933760
1290581923107151872
1290582572074971136
1290583653723111425
1290583849005719552
1290583878009315328
1290584513618366467
1290584676537634819
1290584692295634945
1290584715829731330
1290584740219756544
1290584821769687041
1290585180751552512
1290585236791689216
1290585436604248064
1290585492732489728
1290585868684726272
1290586612599070720
1290587222752800768
1290588154290941952
1290588309727653889
1290588495975788544
1290588719909670912
1290588819906088960
1290589332793958401
1290590081707921409
1290590757015785473
1290590815060783107
1290590828511940609
1290590835306708992
1290590848053153797
1290590855720394752
1290590945025695744
1290591010377039873
1290591067386056706
1290591205869355008
1290591224550658048
1290591378850959360
1290591395833450496
1290591473419857920
1290591511156068352
1290591579581739008
1290591876765155330
1290592467495145474
1290592508670627840
1290592615071715328
1290592630888435719
1290593136826298368
1290593744220090369
1290594330017705989
1290594414465658881
1290594555574853632
1290594560347955204
1290595366442680320
1290595517634838529
1290595861706285058
1290596447503687685
1290596838979112962
1290596970176946176
1290597237009993728
1290597250733715461
1290597348968673285
1290598324119179264
1290598693465468928
1290598722179493888
1290599243057713152
1290599504257851397
1290599553033539586
1290599569756053505
1290600483099488256
1290600832732475395
1290601293094907904
1290601501845585925
1290602146178592768
1290602273362542595
1290602456926363650
1290602524098072578
1290602699067711489
1290602864188907520
1290602883705180161
1290602888352301056
1290602979997999104
1290603016769290240
1290603565845745664
1290603623630635008
1290604023431667713
1290604105174401026
1290604154684153857
1290604202977366016
1290604312775790592
1290604398595444743
1290604566862532619
1290604663738335232
1290604902788390915
1290605005783863297
1290605358172344320
1290605520441577478
1290605538858983424
1290605872918347776
1290606465527554049
1290606563816869888
1290606671472058369
1290607582143537152
1290607874587140096
1290608147795775490
1290608156314406912
1290608410090594306
1290608941567803397
1290609194534567947
1290609288638091265
1290609467462045696
1290609656843440128
1290609979922305024
1290610878212005889
1290611261311463424
1290611340747378689
1290611673645101058
1290612646522347521
1290612847404371969
1290612867671056389
1290613591020834817
1290613613460254727
1290613818205315075
1290614117280157696
1290614448776937477
1290614618453204994
1290614737278033920
1290614759272976390
1290614809621196805
1290614869381861377
1290615967114907651
1290616252998680576
1290616441549524992
1290616771498504193
1290616791773745152
1290616982383947784
1290617060775677952
1290617109127393287
1290617110171807753
1290617591569027072
1290617826923945984
1290617886365671425
1290618733799579653
1290619098284658688
1290619385250377728
1290619431693950977
1290620323293995013
1290620560557277186
1290621352961925121
1290621394103996418
1290621533128282113
1290621614527262720
1290621637545676800
1290621668797353985
1290621736191328258
1290622345921433604
1290622428100657153
1290622654379175939
1290623220668719104
1290623244022829057
1290623531756158976
1290623588245155848
1290624059533819905
1290624338211807232
1290624432629669893
1290624843109609472
1290624913770831873
1290625074374930432
1290625093945581568
1290625317057581056
1290625324426952704
1290625630695038977
1290625794776150016
1290626022820450305
1290626077690408960
1290626629157318657
1290627005059399680
1290627754774405121
1290628073847771143
1290628099667824648
1290628246279602179
1290628746727141376
1290629305966493704
1290629535361372160
1290629571830669312
1290629711262101504
1290629802865635328
1290629818724147203
1290630346652946437
1290630377611173888
1290630383214764035
1290630484679110657
1290630558326956033
1290630837013295106
1290631368670474241
1290631641644195841
1290631672426192896
1290631759319699457
1290632092817137670
1290632151793389574
1290632236719628289
1290632291669155841
1290632316797063170
1290632341820497920
1290632494635786240
1290632497253036032
1290632640928784384
1290632645760765955
1290632651838312449
1290633172204519424
1290633609402028032
1290633609670529025
1290633752255725568
1290633880974893056
1290633983303221249
1290634040484143106
1290634107651858433
1290634375902765056
1290634502520307714
1290634850765021184
1290634894004178945
1290634898785611776
1290635039378563072
1290635615005020165
1290635879694733313
1290635887261265922
1290635890964848647
1290635979724926976
1290636131755851776
1290636528725655554
1290636638738100226
1290636685580140544
1290637079509073927
1290637100069654529
1290637437769781248
1290638080324632576
1290638107008815108
1290638135467094016
1290638454175531008
1290638457312813057
1290638552913633286
1290639623966916610
1290639909678718978
1290639983485898757
1290640037814636546
1290640091279499269
1290640448416088064
1290640500664471553
1290640652066271232
1290640967670759424
1290641074701164544
1290641338531287042
1290641444709924864
1290641852530675714
1290641855563075585
1290642133918064640
1290642485438566403
1290642566245949444
1290642710249050115
1290642774858117125
1290642909528825864
1290643949665816577
1290644138506027009
1290644263810805760
1290644512319053824
1290644613590638599
1290644667986374656
1290644812006334466
1290645089178521602
1290645264139726850
1290645886301872129
1290646195811971072
1290646567381348352
1290646793085227008
1290646903114420234
1290646905219887110
1290646908621467648
1290646910055915524
1290646912278855682
1290647171205943298
1290647600065019906
1290647934174887936
1290648072767311872
1290648246654840833
1290648252631650309
1290648709454331908
1290649072647503872
1290649136975486981
1290649211055362049
1290649216818319360
1290649240939765762
1290649507840045065
1290649540098433024
1290649781833011205
1290649878079602695
1290649932567904263
1290650030974566403
1290650298588041219
1290650720891555842
1290651071111729161
1290651279367208960
1290651470090711040
1290651734168215554
1290651934291099652
1290652167163064320
1290652263275536384
1290652833449226241
1290652912117579777
1290653056930127876
1290653133782355969
1290653232251928577
1290654147889561600
1290654453188694016
1290654647116599296
1290654652422291458
1290654655261945856
1290654658583764998
1290654659615625220
1290654661909848067
1290654911311609858
1290655080824352771
1290655358093066254
1290655428053999619
1290655678776909828
1290655742903685123
1290656095531409408
1290656098979119105
1290656625221566464
1290656824618815491
1290656928872497152
1290657212155797505
1290657253939384320
1290657256128811009
1290657414048550916
1290657584442224641
1290657884691464193
1290657931994845184
1290658147712020480
1290658285360734210
1290658456307892225
1290658683643469824
1290658774643081216
1290659249215987714
1290659265053691907
1290659388181614592
1290659395387490305
1290659446193102848
1290659451385663499
1290659884757921793
1290659967314333702
1290659980341911554
1290660054513917955
1290660130355318793
1290660318650269708
1290660348081721348
1290660410400616448
1290660534426181634
1290660550033248260
1290661181582127106
1290661222153682944
1290661256085622784
1290661283306536961
1290661834907881476
1290661912448049158
1290662286860918793
1290662381161414660
1290662714113699840
1290662873593782273
1290663017206644738
1290663298816450567
1290663343850688513
1290663446653083649
1290663675758546944
1290663867392110596
1290664348935950339
1290664424022384642
1290664487557591040
1290664648325431299
1290664885878247424
1290665624595726339
1290665749804208130
1290666172917133317
1290666303276158976
1290666325782781956
1290666693728051204
1290666712707354625
1290666714783522819
1290666718667382786
1290666719715962882
1290667058036957185
1290667399268765698
1290667498300375040
1290667563089899522
1290667697924116480
1290667767537033216
1290668056629448711
1290668228772016134
1290668275815202822
1290668402533638147
1290668482527453186
1290668664916770820
1290668899080568832
1290668940050366465
1290669342871388168
1290669442146299905
1290669443346046976
1290669452921577473
1290669620567904257
1290670325785604108
1290670635891515394
1290670780083326978
1290671199106850817
1290671200117706754
1290671684303953921
1290671860573642753
1290672265860964353
1290672721916039168
1290672893102186497
1290673658143416324
1290674159555620865
1290674238462992385
1290674454817800192
1290674620106850304
1290674714172588034
1290674872108978176
1290674978518695938
1290675268307374081
1290675306030927873
1290675398955630600
1290676077627678723
1290676412958023682
1290676764721598465
1290676858057560066
1290677180658143232
1290677285104824322
1290677468601421824
1290677699749576704
1290677721220161536
1290677888698781697
1290677915345137664
1290678128923365378
1290678174519447552
1290679759429656578
1290679918939045890
1290680070764474370
1290680083099922435
1290680110442582017
1290680258987823104
1290680288243142657
1290680576534384643
1290680682264453121
1290680933658562562
1290681006115164160
1290681270729670658
1290681367748018176
1290681803641167876
1290682268319649793
1290682272044048384
1290682371709247488
1290682776048541700
1290682801935785990
1290682828330606593
1290683327456976899
1290683350731165697
1290683493505212422
1290683826658779139
1290683861513506821
1290683997518008320
1290684175658307589
1290684368718049282
1290684411709730818
1290684678429704193
1290684787372376064
1290684805554647041
1290685092231294982
1290685111206383617
1290685119943053312
1290685142290309122
1290685196333965314
1290685229116596225
1290685473262772224
1290685632570851328
1290685785524625408
1290686021055766528
1290686278665752577
1290686539366838274
1290686688256233477
1290687267057487874
1290687670532870144
1290687924384796673
1290688120460107776
1290688168610729986
1290688281026453504
1290688304128630788
1290688745281409026
1290689170181181440
1290689230247809026
1290689326616125440
1290689364746477571
1290689418085511168
1290689617440788489
1290689648948379648
1290689724101742592
1290689725246791680
1290689850039992320
1290690632743301120
1290690862566055936
1290690920946565121
1290690945365704705
1290690982636396547
1290691002181783552
1290691125980823561
1290691226904141824
1290691364498206720
1290691858968899585
1290691980834549760
1290692184048574464
1290692382774775809
1290692390374776834
1290692489427464192
1290693067280875520
1290693197803421713
1290693231357894665
1290693369279078400
1290693433699467265
1290693446361997312
1290693710724857859
1290693837271302145
1290693941000626176
1290693957127753732
1290694067161047040
1290694167866290176
1290694207615545344
1290694341070118924
1290694557017964545
1290694904864288769
1290694994152419329
1290695117578280960
1290695180878786560
1290695219877298176
1290695583867387909
1290695590997786624
1290695684493017090
1290695874465734657
1290695936906104834
1290696185121067010
1290696399122837506
1290696451744501761
1290696715339800578
1290697231738249222
1290697265988792322
1290697313946669065
1290697533757575170
1290697582272892933
1290697770677030913
1290698022037475328
1290698274622513153
1290699543818862600
1290700015208468480
1290700117956272136
1290700415462305792
1290700895538368512
1290700909010452484
1290701281028341762
1290701573815963651
1290701662680735745
1290701783724109827
1290701885163417603
1290702102784876546
1290702790411472901
1290702854194421765
1290703027905744897
1290703145853575168
1290703402549346306
1290703695341027328
1290703699485102081
1290703745408552961
1290703951730368512
1290704095498518528
1290704201140633602
1290704241258983424
1290704354790408193
1290705352116310016
1290705583876780032
1290706439946764289
1290706757904486402
1290706849784909824
1290706996895920128
1290707246398267393
1290707257894690816
1290707353873129472
1290707361783402496
1290707707071062020
1290707940295553024
1290708171091255298
1290708658364416001
1290708928213417985
1290709008475664387
1290709106681163776
1290709240085192704
1290709796308635649
1290709979599523840
1290709980908097537
1290710324862230530
1290710533558226946
1290710694996987906
1290710797023186945
1290711020999184385
1290712159207469056
1290712219462893569
1290713351828451329
1290714180836896769
1290714250885787648
1290714456100466688
1290715101859807233
1290715390713061377
1290715775284764673
1290715991173988352
1290716015165181952
1290716106370551808
1290716117812547585
1290716845998301186
1290716892785770498
1290717084675190785
1290717093843918851
1290717113032814592
1290717129436798976
1290717152178089984
1290717387793338368
1290717419682529282
1290717754157408257
1290717979785801732
1290718097230397443
1290718154914750464
1290718277237383169
1290718342546960384
1290718742725328896
1290718885159866368
1290719550196121602
1290720203660316673
1290720273201680384
1290720583445958657
1290720597408911364
1290720609035591680
1290720644699750401
1290720860467331072
1290720938854621189
1290720956663635971
1290721572739743751
1290721590817193985
1290721619527315458
1290721796069552129
1290721884011556864
1290721992555954181
1290721993281560577
1290722097019396096
1290722188849422336
1290722189361082369
1290722190539669505
1290722204506890241
1290722209028333569
1290722383549145091
1290722393493774337
1290722699560525824
1290722740480212992
1290722749615427587
1290722765067124738
1290723158476107777
1290723297320144897
1290723308615405569
1290723467596369921
1290723527667187715
1290723607333675008
1290723941669986305
1290723943486119936
1290723962478100481
1290724089661816833
1290724117210071040
1290724366645329920
1290724376019689472
1290724391052029954
1290724430457581570
1290724432265314304
1290724718023258113
1290724729729552384
1290724969157029889
1290725258698383360
1290725467360595969
1290725481747066881
1290725485249327105
1290725553365045255
1290725577033314305
1290725863256981505
1290725868118192129
1290726158586306560
1290726399477784576
1290726429634822153
1290726474434174977
1290726836658417664
1290726890156826632
1290726891616374787
1290727105383272451
1290727311432658954
1290727343430856704
1290727534129274881
1290727571848658945
1290727653851496460
1290728027337433102
1290728103975645184
1290728210683109379
1290728287430295552
1290728400819126277
1290728551847608320
1290728561498902533
1290728753002418177
1290728918526210048
1290728946149912577
1290729071345897477
1290729123178926080
1290729160479051776
1290729284873662468
1290729449911021570
1290729621210705920
1290729722146676738
1290729743223074817
1290729786281562112
1290730004305850369
1290730393772142593
1290730480237719558
1290730486633881600
1290730728989360128
1290730738137128960
1290730788712058881
1290731060343562242
1290731568940691459
1290731577547382784
1290731949934477314
1290732460284796930
1290732805173981185
1290732805685760006
1290733108828835840
1290733119511785472
1290733153821302784
1290733283848917001
1290733292136914953
1290733525331673088
1290733619556823055
1290733868471980034
1290734155886497792
1290734218486509569
1290734230184501248
1290734566387441664
1290734658892648448
1290734981770354693
1290735128549916672
1290735475032911874
1290735585443950598
1290735816902348808
1290735817103736832
1290736107467034627
1290736219974926336
1290736303902994433
1290736383502557185
1290736429283176448
1290736891357257729
1290737061641805825
1290737083125039106
1290737268454387712
1290737540014542850
1290737541167976448
1290737543634235392
1290737666422644739
1290737746034806786
1290737913496403968
1290738114810519552
1290738308423852032
1290738319018602496
1290738374874140677
1290738455203524614
1290738803057942528
1290739003105464320
1290739017957466113
1290739041420402698
1290739249034268674
1290739317988417536
1290739605764018177
1290739843853672448
1290740072166207488
1290740179565793284
1290740201271308288
1290740681376317440
1290740877963526145
1290740969273536514
1290741125112881155
1290741366499270656
1290741448426631178
1290741498590494731
1290741548582408202
1290741623001878535
1290741953433305088
1290742316106358785
1290742400193908737
1290742450982653960
1290742606159380483
1290742826158915590
1290742889165791232
1290743679871848453
1290743734175502337
1290743936621969408
1290743977684205570
1290744013667139584
1290744493080289288
1290744510566281216
1290744627654516737
1290745482252177408
1290745940849106948
1290746418185920512
1290746442781470720
1290746582791409664
1290746709925142529
1290747382188126209
1290747471782707203
1290747963531317249
1290747989565288448
1290748725846061059
1290748764395905033
1290750170519412737
1290750218888192003
1290750246629384192
1290751397760241664
1290751415799947270
1290751417683255304
1290751658209705984
1290751852024401920
1290752298122203138
1290752450807214086
1290752504460906498
1290752558047387649
1290752689173942274
1290752922599469057
1290753102799347715
1290753259230109699
1290753341841190912
1290754268711079937
1290754488157036546
1290754740205363200
1290754929301299205
1290755211439505409
1290755820913938434
1290755876731719682
1290755936454418435
1290756326650335233
1290756333260562432
1290756401934077960
1290756413292044288
1290756415393394688
1290757446554836992
1290757661428871168
1290757861086236676
1290758280310972416
1290758639872024576
1290758661988593665
1290759216391757824
1290759794886926338
1290759848678719488
1290759984666619904
1290761616666112000
1290761800854757379
1290762064139616259
1290762254468620288
1290763062283251712
1290763195552915459
1290763487996780547
1290763901722910721
1290763924116320256
1290764834301067264
1290765322920894464
1290765356743581696
1290765768775348224
1290766149882269697
1290766215229530113
1290766267134218242
1290766421698412544
1290766764322820103
1290767355409129472
1290767356549988352
1290767358307389440
1290767392533086208
1290767395167129607
1290767425579839489
1290767575836766215
1290767734947696640
1290767770108547072
1290767803314774017
1290767872747134976
1290767938677612546
1290767985821458433
1290768054738190342
1290768163580379136
1290769070271258624
1290769378204692481
1290769581372391424
1290769768916508673
1290769877507035136
1290770200241909761
1290770252146438144
1290770295532294144
1290770482887720960
1290770804070916096
1290771046812049408
1290771072816685057
1290771128428802050
1290771325544431616
1290771554079518724
1290771584903512065
1290771949854040065
1290772136227827713
1290772235888795648
1290772419431378944
1290773162834173954
1290773239799529472
1290774064894746624
1290774239008772096
1290774247854481409
1290774363097174021
1290774493326118912
1290774655616393217
1290774955651739649
1290775162305032193
1290775397915856902
1290775650073075713
1290775651180404736
1290775887676350471
1290776555707420672
1290776705620115462
1290776883110576128
1290776884779745281
1290777127147597824
1290778277615931394
1290778303821950982
1290778523876171777
1290778983144071170
1290779288187346948
1290779506538676224
1290779559349100547
1290780644797292551
1290781650729807873
1290782452974104576
1290782454421155840
1290782989677338625
1290783015564709888
1290783439453597696
1290783574535397376
1290783581158035456
1290783601462841349
1290783706836119552
1290783899472338952
1290783952655937537
1290785080634306561
1290785298218127363
1290785473925808128
1290785859227222018
1290786013892280320
1290786183182553088
1290786638621282305
1290787008122630144
1290787346229735424
1290787576853467136
1290788178568179713
1290789112795017222
1290789494552133632
1290789509043544064
1290789616694571008
1290789824232914944
1290789863550312450
1290790237552205829
1290790347832885249
1290790364035649536
1290790455383412736
1290790497922023425
1290790641488629760
1290790939003219968
1290790967419830273
1290790979973382145
1290791252611551233
1290791847137284096
1290792122715713537
1290792321009643521
1290792591236182022
1290793244427554817
1290793447201353733
1290793942171234305
1290794085414969344
1290794215144914945
1290794257457061889
1290794746898722816
1290795209400385537
1290795359195799554
1290795695876771840
1290795889640890369
1290796223771881472
1290796266096676865
1290796394018680833
1290796422871359488
1290797055485583363
1290797427662807040
1290797430359744515
1290797431790084097
1290797445648179203
1290797516485730304
1290797684593504256
1290797828139360256
1290798511584419841
1290798719093284865
1290798868863561729
1290799268651921411
1290799616578015233
1290799939790893056
1290800157164883969
1290800240937689088
1290800251750817792
1290800282155311106
1290800351076122625
1290800512208494593
1290800584426127360
1290800744518635521
1290801143568838657
1290801194621906944
1290801328009015296
1290801374226198529
1290801865966460939
1290802157801873415
1290802286860607488
1290802337775153152
1290802454720679936
1290802684015108096
1290802694228250631
1290802945336864771
1290803096940158977
1290803328616628224
1290803356408008704
1290803710856032257
1290803752732168192
1290803920898490369
1290803950153850883
1290804036036304896
1290804080848314371
1290804149316198402
1290804213258186753
1290804380212629504
1290804524970643457
1290804893125619712
1290805202455613440
1290805270550118400
1290805384899366918
1290805483599667200
1290806035486322689
1290806059527860224
1290806346678444038
1290806842420006914
1290806903644336130
1290807202417082369
1290807245106753537
1290807300731568128
1290807521708474371
1290807768585142272
1290808243812524032
1290808335587897344
1290809178278236160
1290809508877533184
1290809712745811970
1290809807134490625
1290809903179857920
1290809921739657218
1290810396639662080
1290810791617163265
1290811654037479424
1290811675965378561
1290811761411665920
1290812147987963904
1290812214237171713
1290812348605894656
1290812452616261632
1290813062312673282
1290813144307138560
1290813237651484677
1290813314042404864
1290813636672462848
1290814286982516736
1290814301393977344
1290814586317398019
1290814817675157504
1290815263903014912
1290815293019701248
1290815298489073664
1290815412062437376
1290815664849137666
1290815810970120194
1290816122690953219
1290816428359053314
1290816727861911555
1290816858350858240
1290816928336896000
1290817183652745216
1290817552000659456
1290817596099407872
1290817936051957760
1290818210233810950
1290818537892831232
1290818576371322881
1290818857674977285
1290819246407262208
1290819246851751936
1290819258612699137
1290819652260704257
1290820041294962689
1290820100707225605
1290821073152483329
1290821193252077573
1290821375976972288
1290821580126400512
1290821691829096448
1290821992963280899
1290822084701106179
1290822165755916288
1290822306302844928
1290822363660066817
1290822451169914882
1290822747384238080
1290822817118912517
1290822849507102720
1290822900644274177
1290823255184605184
1290823339699838976
1290823483358760960
1290823518049861632
1290823845662752768
1290823863912280066
1290823897219084289
1290824097514098689
1290824279865450496
1290824311339720704
1290824404914581504
1290824493858922502
1290824816749088770
1290824884860456961
1290825004771205120
1290825145670668288
1290825407109959680
1290825579667824642
1290825888184045568
1290826707721650177
1290827121766457345
1290827253765505025
1290827603096502275
1290827868579274754
1290827942105407488
1290828242924929031
1290828931067715584
1290829433402789890
1290829472971870208
1290829515254648833
1290829646968303622
1290830019145547776
1290830427276615680
1290831106829426689
1290831193445994497
1290831484719370241
1290831546577027072
1290831689019789313
1290832067140431877
1290832068700708865
1290832286850510849
1290832769694814211
1290832805522546688
1290833391970123777
1290834164938285056
1290834256319647745
1290834264012075008
1290834353669525506
1290834449525911553
1290834483323768838
1290834689456926720
1290834693181538305
1290834744142331904
1290834757387988992
1290835081955880961
1290835964718391296
1290836087011713024
1290836221372051456
1290836775233961991
1290836794070753280
1290837393361244165
1290837853480550401
1290837991166849024
1290838000386138114
1290838406470291456
1290838505418108929
1290838592705589249
1290838762453258241
1290838841918537728
1290839041664004096
1290839176141664256
1290839248334204928
1290839636604940289
1290839793664892931
1290839837356912641
1290840151837507585
1290840543526662144
1290841008633262080
1290841160097947648
1290841262426394625
1290841561538781185
1290841576684609537
1290841928020500480
1290842329910108160
1290842449863204865
1290842610786074624
1290842628863463425
1290842800687259648
1290843092552163329
1290843137565392897
1290843385469820930
1290843485524971522
1290843749971644420
1290843775091331072
1290844018188877829
1290844121968660482
1290845035748098051
1290845457527209985
1290845550296870912
1290846071690792960
1290846273973649410
1290846408531206144
1290846539338747904
1290847083277234177
1290847093825970182
1290847264236359681
1290847498647543810
1290847640637386754
1290848066761666563
1290848274413424640
1290848808562294785
1290848888375644161
1290849182220193792
1290849240525295616
1290850128517935104
1290850239943909377
1290850322961895424
1290850616106004486
1290851189383475203
1290851212896555009
1290851248615424003
1290851696701308930
1290852447011901440
1290852524044541958
1290852553622773760
1290852665858109441
1290852882070278145
1290853019672862721
1290853888501985281
1290854187832676353
1290854226990526464
1290854403088494593
1290854822539857925
1290854830475337728
1290855176212013059
1290855508006633473
1290855952703528960
1290856259965448193
1290856687453253633
1290856688430407680
1290857856338726914
1290857883794649089
1290857918053511168
1290858440630435840
1290858846416564224
1290858878578507778
1290858981678813185
1290859337708052481
1290859374001430528
1290859680768626688
1290859932674383872
1290860140388900864
1290860513111339009
1290860693735067648
1290860981732638720
1290861225585369088
1290861374726385665
1290861512463024129
1290862957291864064
1290863090171486208
1290863400986304524
1290863461136728067
1290863705433845760
1290864409280221185
1290864641753657349
1290864893885849602
1290865379242389504
1290865737683234816
1290866043703959554
