1289055001072078848
1289055581085372416
1289055733007503360
1289056000096387074
1289056408416264192
1289057093199319041
1289057298942431232
1289057957230116864
1289057963458486272
1289058346272579586
1289058512702705664
1289059222097817600
1289059438415024130
1289059534007197697
1289059703645966336
1289059828535635976
1289060298041647104
1289060741836750849
1289060858975391746
1289060983508471808
1289061134717206528
1289061369149632512
1289061492373913601
1289061546363166720
1289061616433213441
1289062730331303936
1289063573277335554
1289064132335898626
1289064134785417216
1289065016667168768
1289065602787807234
1289065667988279297
1289065676330668041
1289066617402425344
1289066645248339970
1289067799726510080
1289067834434232320
1289068127561687041
1289068371997102080
1289068515027165185
1289069212833439745
1289069581877882880
1289069921830416386
1289070244762288128
1289070361708027904
1289070802604707840
1289071186052296704
1289071704266944512
1289072064247324673
1289072285819834368
1289072563834871809
1289073557641863169
1289073560984657921
1289073940724420608
1289074156299067392
1289074265086660609
1289074298607611905
1289074298607611905
1289074325551603712
1289074395894308865
1289074737361178630
1289074895867936768
1289077672383934464
1289077683326980097
1289077941050191872
1289078394978619399
1289079228827238401
1289080117441056768
1289080613992108032
1289081810425536518
1289082143449198592
1289082971195138050
1289083260249743361
1289083959326859264
1289084363817328641
1289084631208337414
1289084686682251264
1289084688519376897
1289084924012552192
1289085139822108674
1289085292515926022
1289085517489819651
1289085636943781888
1289085649426042880
1289086010232434689
1289087242498002944
1289087283786731520
1289087402636652544
1289087626511884289
1289087749119782917
1289088129832386561
1289088880352919552
1289089041934082048
1289089108023955457
1289089275250618368
1289089325393686529
1289089366384685056
1289090474591105026
1289090680695009285
1289090869640011776
1289090957128998913
1289090990146351104
1289091637394776065
1289091871227162624
1289091998071377922
1289092107668512768
1289092147032072192
1289092341202968577
1289092717927182336
1289092885909049344
1289093118755778562
1289093466287296512
1289094141549240320
1289094717741969408
1289095756834578434
1289096732446535680
1289097236450816000
1289097339001384960
1289097917307879424
1289097926174748672
1289098053232652291
1289098193469353986
1289098448051077120
1289098731686514689
1289098893880426496
1289098916814880768
1289099131324112896
1289099410933194752
1289099874907164672
1289100512789327873
1289100757963354113
1289101532059725824
1289101571796733952
1289101933765111808
1289101944087359488
1289102298615099392
1289102599015272454
1289102889349152768
1289103270212849666
1289103275799777280
1289103551789178881
1289103890512637952
1289103914353262592
1289104145409028096
1289104683735363584
1289107388340097025
1289107619312009216
1289107774811537408
1289107896127696896
1289108673877377024
1289108799039578119
1289108834800336896
1289108881436749824
1289109182268899328
1289110136934588416
1289110217993723908
1289110469807144962
1289111056753799168
1289111325768134657
1289112491960795137
1289112825269555200
1289112830462107648
1289113005498802176
1289113868094935040
1289114006700130304
1289114326087933952
1289114512004648961
1289114570330497024
1289114844038275072
1289114947981422592
1289115205524508672
1289115480637059073
1289115560438116352
1289116398908825600
1289116981895892993
1289116988753743877
1289117432062382080
1289117511326236673
1289117590892228608
1289118152102731776
1289118273796059136
1289118464855232512
1289118865251680260
1289119217569193989
1289119333482930176
1289119531324125184
1289119638790569984
1289119914410860546
1289120478200815616
1289120862243819520
1289121104565547010
1289121845850116096
1289122153443598337
1289122510844375040
1289123283162378241
1289123294508126208
1289123447495372802
1289123868116807680
1289123870654500864
1289124264982056963
1289124280869896194
1289124281989738496
1289124531768971264
1289124703999795200
1289124735209570305
1289124823352971264
1289125063686578177
1289125912382861313
1289126079312134150
1289126492023201792
1289126717924270080
1289128055282294784
1289128161096036353
1289128229379420161
1289128313462685696
1289128812509138944
1289128816837894145
1289128929136193536
1289129053446971394
1289129152931434496
1289129355491389442
1289129497388695553
1289130103239258120
1289130262601912322
1289130320932089857
1289130550255591425
1289130644560211970
1289130951428042752
1289130980494782464
1289131099508166657
1289132176324386817
1289132698712276992
1289133715763888129
1289133723913342976
1289133726224400384
1289133787922739204
1289133891660337152
1289134109881700352
1289134153531875329
1289134249291980800
1289134384617074689
1289134769255542787
1289135247188082689
1289135682913533952
1289136270724259840
1289137065834303490
1289137334982791169
1289137346416345088
1289137707625533440
1289137902874755075
1289138253795393537
1289138690862784512
1289138797431619586
1289138805686116356
1289140055932575744
1289140155693953024
1289141490963251200
1289141809059368962
1289141865854337024
1289142107043696640
1289142233828978690
1289142978552963072
1289142986350174208
1289144177578606592
1289144178501394432
1289144612163026945
1289144673034833921
1289144896159350784
1289145136757104644
1289146199828762624
1289146361384968193
1289146678440730625
1289147029998964738
1289147433830641665
1289147762982957057
1289147789058940929
1289148077740154882
1289148330170359816
1289148562731937792
1289148690997764096
1289148692071473153
1289149278938714112
1289149606857781253
1289149852090339328
1289150087764029443
1289150524768436224
1289150688589565958
1289151093377609729
1289151265121787905
1289151281601236993
1289151348769001472
1289151762163793920
1289151832258834434
1289152147494440960
1289152363618373633
1289152718955859970
1289152780062449664
1289153234808913920
1289153497858838529
1289153512773840897
1289153608924225537
1289153628960260102
1289154030728548354
1289154363710148608
1289154457683611649
1289154861263654912
1289155294006620162
1289155738867130369
1289155755103399936
1289155766297849856
1289155792428576773
1289156092337909761
1289156246650593287
1289156405275107328
1289156972034641921
1289157212313489408
1289157271117692928
1289157650333208577
1289157696302637056
1289157783078629383
1289158832845991936
1289158847232450563
1289158883932385281
1289159370144542720
1289159382434021376
1289159882537439233
1289159921209167872
1289160682689171457
1289161488104529921
1289161644539617280
1289162474466562050
1289162544976781313
1289162680943513600
1289162899085115395
1289163157680914432
1289163258620817409
1289163312161157120
1289163355819827200
1289163492512079872
1289163496966492160
1289163677824774148
1289163678986559490
1289164262078681089
1289164264310284288
1289164772278063104
1289165162142818304
1289165253654142976
1289166455624339456
1289166702245113856
1289166909204647938
1289167160070123520
1289167360352571392
1289167472457854976
1289167492678647810
1289168405484810241
1289168413944766466
1289168839217905669
1289168966926073858
1289169122224267266
1289169131132993536
1289169303552524290
1289169533555683331
1289169707405160448
1289169936015929346
1289170095453986822
1289170115192381440
1289170179977428994
1289170722716360704
1289170737966669824
1289170750495023106
1289170888491819008
1289171095061295105
1289171209536626689
1289171677511921665
1289171768150618112
1289172562979590145
1289172972826107906
1289173061158150145
1289173357393350659
1289173363483537415
1289173845186764804
1289173850568003584
1289173854544265216
1289173895115706368
1289173906876542976
1289174925773660160
1289175164937150465
1289175430080000001
1289175646980075520
1289176029978738689
1289176071191973888
1289176073368813569
1289176079836442627
1289176348095737857
1289176483362029568
1289176541155356673
1289176542082293760
1289176836321062912
1289177120489394177
1289177331576139776
1289177599835385856
1289177670882746368
1289178095178506246
1289178425618362369
1289178547639078912
1289179249174224897
1289179617006215168
1289179814239195138
1289180056036626432
1289180190761918464
1289180710645854208
1289181484155154432
1289181725407318023
1289181870685483008
1289182317768916993
1289182573139091458
1289182678793822208
1289182883995770881
1289183118222532608
1289183546146422785
1289183911780552705
1289184052323291137
1289184124092047360
1289184485272104961
1289184675232006145
1289184950789369859
1289185479531749377
1289185768850612229
1289185943136526341
1289186029237231621
1289186725806452736
1289187198609182722
1289187282348437509
1289187769512800256
1289187850836156416
1289188017022869504
1289188052871471105
1289188111193235456
1289188425799626754
1289188696604807168
1289188990172635140
1289189145093394433
1289189695948087298
1289189748934762499
1289189907982819329
1289190467062571010
1289190734482960385
1289190970739875843
1289191717489369089
1289191915393437706
1289192425634672642
1289192613849911298
1289193397924687872
1289193732965687296
1289193888691834880
1289194115473711108
1289194194825699331
1289194204288212992
1289195037985710080
1289195043035557889
1289195096324235265
1289195231015968768
1289195366202478594
1289195411454824448
1289195480178540546
1289195860052414469
1289196137811869696
1289196182678380545
1289196221223956480
1289196222247559168
1289196380125163521
1289196666294120448
1289197014798888961
1289197725905371137
1289197777021358081
1289198473384845319
1289198527176781825
1289198767460118530
1289198842555125760
1289199022293389313
1289199336732016644
1289199446828281856
1289199568127758337
1289199771622678529
1289199916271595524
1289199992352079874
1289200009896853505
1289200154570964992
1289200218483773443
1289200913253404675
1289201559683784704
1289202240628985857
1289202294869778432
1289202405196861440
1289202680896733184
1289202962628132865
1289204348828839936
1289204357511225344
1289204405728837633
1289204575828733953
1289205582918856710
1289205741648089090
1289205818655559681
1289206322466967554
1289206438330474496
1289206530311503873
1289207167405309952
1289207465658245120
1289207578388344832
1289207822857641986
1289208234302046208
1289208250886316032
1289208314409005058
1289208317793857536
1289208593888227329
1289208834204917764
1289208892304642049
1289210133495418886
1289210762297106432
1289210829238177792
1289211114010550274
1289211182914691072
1289211723384160257
1289211870121869314
1289212118512803841
1289213024050454528
1289213607000055808
1289213769692745728
1289213862823120897
1289213942632345604
1289214017110671361
1289214113042710529
1289214256781709312
1289214676870389761
1289214738677682177
1289214753395499011
1289215136943583232
1289215259413082114
1289215677429977091
1289215761454469123
1289216186228461571
1289216331976445953
1289216864929775618
1289216929463504898
1289217122124484611
1289217313447632897
1289217600195616768
1289217612149174272
1289217655035977729
1289218044842004482
1289218301290090496
1289219060681420805
1289219113647091713
1289219415758614529
1289219601469829121
1289219840205447169
1289219906400124928
1289220742534426629
1289220799241441282
1289220882762612736
1289220994326921219
1289221046399164416
1289221146819190792
1289221911847763968
1289222266870304768
1289222785605103616
1289222856392339456
1289223099355783170
1289224060304412674
1289224070790180865
1289224305646084102
1289224574605750272
1289224814117322755
1289224905926610945
1289225014403715072
1289225253021839367
1289225884105236481
1289225921421930496
1289226033925722112
1289226610953129984
1289227276593192960
1289227392293015553
1289227507447848960
1289227557099864066
1289228002149056512
1289228068570066944
1289228533173231619
1289228908672487424
1289229049718423553
1289229145868771328
1289229331806347264
1289229889858461696
1289230205069004801
1289230610196647937
1289230930553352198
1289231093804105734
1289231385106845697
1289231561863266307
1289231664007147521
1289231784505298944
1289231815622848512
1289231822426198016
1289231885307006979
1289231947282042880
1289231998666420224
1289232350484869125
1289232493271367681
1289233333205913606
1289233411949785094
1289233424562216960
1289233491557617664
1289233589146533890
1289233898489044992
1289234025249247233
1289234044937355264
1289234439709642752
1289235185997766659
1289235194172579842
1289235433348403201
1289235732117299200
1289235827151667200
1289236004285698049
1289236072023519232
1289236088133804037
1289236414266130432
1289236516682657792
1289236854844211202
1289236952265326592
1289237552319193088
1289237676726480897
1289238399316946944
1289239031910457345
1289239124705079296
1289239172033593344
1289239520492183552
1289239794661208064
1289239884826316804
1289239900315725824
1289240006758813701
1289240068465389569
1289240302201389058
1289240484787888128
1289240998648848386
1289240999743696896
1289241143012515840
1289241167691780098
1289241407656534016
1289241712267866112
1289241785517121536
1289241854513426433
1289242072613105664
1289242345452400641
1289242429342785541
1289242706690990082
1289242818842484737
1289242975726211072
1289242999130529792
1289243545476280321
1289243695875645443
1289244237846863879
1289244489664491520
1289244597433044992
1289244660947275776
1289244929198186496
1289245104796925953
1289245936716148737
1289245983360954370
1289246002499579904
1289246125590040577
1289246203629064199
1289246943961481216
1289247606330204160
1289247832382136321
1289248052012699650
1289248346884861952
1289248381374611456
1289248724707766272
1289248935727439872
1289248998365134849
1289249849171423235
1289249883883364354
1289250027140009987
1289250064271982594
1289250219658362880
1289250238889435139
1289250756474765312
1289250822987997184
1289250898015735808
1289251251197104129
1289251589090193408
1289251872973271040
1289252077219115009
1289252236736860161
1289252764984336386
1289252921079603211
1289253020232892416
1289253223119892480
1289253356817375232
1289253369723445248
1289253375092170752
1289253449024987137
1289253540007948289
1289253692516925440
1289254057589145600
1289254141613625345
1289254179416862720
1289254231791132678
1289254257707724801
1289254262396948480
1289254267681792001
1289254329661050881
1289254500629241856
1289254631466573826
1289254900740710401
1289254933141712896
1289255070983262209
1289255374432931841
1289255387036884992
1289255421274800129
1289255500853305344
1289255697117376512
1289255813308178434
1289256073526829056
1289256171292024832
1289256216217227270
1289256334957768704
1289256609948905473
1289256648607858694
1289256977558896647
1289257564618686464
1289258130967105536
1289258147186499584
1289258841679581187
1289258988387868674
1289259071485378560
1289259182126796803
1289259220269858816
1289259638072852481
1289259820147597312
1289259911478571008
1289260049421021185
1289260268862574593
1289260344120991749
1289260634748514310
1289260691543584769
1289260825052459008
1289261343200051200
1289261471470239746
1289261582392803328
1289261870541492225
1289262004444643328
1289262706097180673
1289263119580008448
1289263129612840961
1289263393304543232
1289263480432783360
1289263825678561280
1289264177895309312
1289264203421724672
1289264431361167360
1289264554396983298
1289264804356435973
1289264836128325632
1289264986586398720
1289265581447720961
1289265616675717122
1289265659336101888
1289265784749846528
1289265863040802816
1289265875665612800
1289266174807511041
1289266211792891904
1289266839843790850
1289267215338881025
1289267352949882881
1289267847395446784
1289267931860230145
1289268044561145856
1289268718900404224
1289268954788134914
1289269073541439489
1289269111256518661
1289269165275062272
1289269237110812673
1289269534159966210
1289269619052752900
1289270038411620352
1289270377374343170
1289270394340270085
1289270438627905536
1289270671101419520
1289271011087507456
1289271475573108737
1289271701289615360
1289271760546721792
1289272054802313216
1289272135064616961
1289272470470451200
1289272554943688704
1289272590775664640
1289272628885065728
1289272888965476353
1289273084319473664
1289273182277513219
1289273276632453121
1289273744532189185
1289274275187134464
1289274294992687105
1289274777778020353
1289274982007074817
1289275050248478720
1289275557935423488
1289275640684978181
1289275794053718018
1289275808750608385
1289276021384994816
1289276461434769408
1289276476517318656
1289276478857678850
1289276697632792576
1289276899672244224
1289277559243337730
1289277829121601536
1289278056931057664
1289278267803852801
1289278466760663040
1289278534951694336
1289278599019732993
1289278986514657280
1289279146606989313
1289279787975036931
1289279951309377536
1289280127298199554
1289280128501952512
1289280364054159360
1289280707626323969
1289280842729050113
1289280900958584833
1289280950371721216
1289281369672048641
1289281493093801984
1289282318004187136
1289282623974514689
1289282846578708483
1289283043664867328
1289283322539986944
1289283323710169088
1289283364378140673
1289283558650118144
1289283720344608771
1289283790473277440
1289284022871310336
1289284066626297858
1289284217004625920
1289284218950844416
1289284304095211520
1289284773865828353
1289285223948132352
1289285643592294400
1289285842498813952
1289285922068914176
1289285927471218688
1289286000263348224
1289286039526207488
1289286475368943618
1289286486840340480
1289286543434223616
1289286601172910080
1289286765988044801
1289286780462567426
1289287635299520512
1289288072618680320
1289288123927543808
1289288545245396993
1289288840390144000
1289288937584775168
1289288954014060544
1289288982644236288
1289289543665856512
1289289699304120332
1289290226951626754
1289290256471138306
1289290282144419841
1289290285998981120
1289290344962678784
1289290775335858176
1289290804452761600
1289291181445111809
1289291777862545408
1289291781155074048
1289291976936808449
1289292074890801155
1289292277228003328
1289292295511007234
1289292363412598784
1289292385063596033
1289292536419201026
1289292543943876608
1289292643684540418
1289293715337486336
1289293737726599168
1289293977821179904
1289294034737876994
1289294129420107776
1289294513995804673
1289294592664207360
1289294937792512001
1289295271793311744
1289295303418490882
1289295359169064962
1289295559233134592
1289296218988802053
1289296490599337984
1289296662972702720
1289296691099656195
1289296803637035008
1289296828597501953
1289296851816988672
1289297067408408577
1289297399626620928
1289297416609337345
1289297616161759232
1289297884777717762
1289298346696273920
1289298886859739136
1289298919936217089
1289298935673024512
1289298961530945539
1289299037393285120
1289299058205450240
1289299062420733952
1289299564072013825
1289299901407350785
1289300101760839681
1289301102802829313
1289301558618812417
1289301760180273152
1289301952283717632
1289302018876571648
1289302438264987650
1289302719937671170
1289302750010826752
1289302911361495040
1289303018651783168
1289303020048494592
1289303365847982080
1289303554797142017
1289303767888740353
1289304258836406272
1289304422393229314
1289304423336820736
1289304424888729601
1289304471676129281
1289304869841416193
1289304892071456768
1289305297006342150
1289305309769433088
1289305390199398400
1289305469538967552
1289306361017389058
1289306487437705217
1289306858776195073
1289307130302889984
1289307279297142784
1289307770047455233
1289307850670403584
1289308129914761220
1289309149159813120
1289309152011939840
1289309153328955392
1289309154494967814
1289309574533586945
1289309714702938112
1289310551537905664
1289310789807910919
1289310906510241792
1289311001888698368
1289311015298007050
1289311366390509568
1289311681621852160
1289312047939739649
1289312733762973696
1289312935945187328
1289313009727283200
1289313965399347201
1289313986928709633
1289314170509250560
1289314419940315136
1289314512722567168
1289314889425514498
1289316019434029056
1289316302322982912
1289316309499613184
1289316431381708801
1289316542472237058
1289316776304472064
1289316859381035009
1289317234431545346
1289317312944726017
1289317775748395009
1289317914340765697
1289318173846540288
1289318371687833602
1289318456773541890
1289318819295444992
1289319170677469185
1289319182090113024
1289319208069632001
1289319238717460480
1289319623519682560
1289319699323293697
1289320955261550593
1289321744310759425
1289322135945646090
1289322262533943302
1289322515958042625
1289322884075118592
1289322885451063298
1289322891490754560
1289323339090206723
1289323508074504192
1289323580782596097
1289324253444100099
1289324446457540608
1289324684849360897
1289324731339100160
1289324816957231104
1289324965578252288
1289325062491975687
1289325117772718082
1289325133723652096
1289325383997771776
1289325383993548800
1289325572309397505
1289325867588448256
1289325899758751744
1289326019204194306
1289326091656716289
1289326323832221696
1289326363497832448
1289326465348022275
1289326545287262210
1289326736618840064
1289326789060431875
1289326878109478913
1289327340351152128
1289327916006830080
1289327930372284416
1289328582175596546
1289328815173447680
1289328890654031873
1289328985017483265
1289329131235115008
1289329215679037440
1289329229830619136
1289329607078891522
1289329648359206913
1289329932191928320
1289330403728228353
1289330846311174144
1289331654138314752
1289331775399813122
1289332103864360961
1289332464662372352
1289332498967609344
1289332564306477056
1289332646405763072
1289333058219384832
1289333149604786178
1289333207150673920
1289333307394547713
1289334080077565952
1289334403131494400
1289334638003986432
1289335205841342464
1289335296417386497
1289335373663887360
1289335381381414912
1289335465540308994
1289335584322854913
1289335821846405127
1289335909612044288
1289336052218396673
1289336390770073600
1289336463088263168
1289336717460168704
1289336769469509634
1289336926357434368
1289337166238121985
1289337177524994048
1289337267971141633
1289337457062768640
1289337523903385600
1289338023029563392
1289338147101274112
1289338302177320961
1289338883868688388
1289338923051880448
1289339352309366784
1289339867126628356
1289339946411552769
1289339950693928960
1289340327115886592
1289340582947520514
1289340688224497664
1289341177154560001
1289341199690522624
1289341508693368832
1289341599516782592
1289341786981150720
1289342063901675521
1289342138866532352
1289342169938108418
1289342509210992641
1289342616744599552
1289342649539821568
1289342716497637376
1289342733623140353
1289342828762603526
1289343104839868416
1289343157209972736
1289343258410332160
1289343306040840192
1289343339653771264
1289343467970342913
1289343751115038720
1289344157379522560
1289344226724139008
1289344228959559681
1289344769865310210
1289344908537413632
1289344915449581568
1289345111449427968
1289345677068296192
1289346032556539905
1289346115607748608
1289346457707806720
1289346503807348736
1289346782581755905
1289346917541978113
1289347590442508288
1289347942877245440
1289347959629389825
1289348027140804608
1289348124654280704
1289349311168278529
1289349331913302017
1289349866817064960
1289350373208014849
1289350693145341952
1289350861462753280
1289350944002433025
1289350947190083584
1289351026865135617
1289351364821135360
1289351512037011458
1289351770465087488
1289351863486148608
1289352045892444160
1289352667290931200
1289352811654852608
1289353130249818112
1289353652981792770
1289353708350746625
1289353885778210823
1289353915180277761
1289354100232974336
1289354464621518848
1289354849679630338
1289355086490042368
1289355186410987521
1289355589772931072
1289356280079855616
1289357075152158720
1289357253754015744
1289357499909300224
1289357660790251520
1289357853300527104
1289357948007792640
1289357977015599104
1289358708728672257
1289359072135798784
1289359072383234048
1289359073427636224
1289359073477971969
1289359074509783040
1289359188452311040
1289359313400500224
1289359452865351680
1289359490148524032
1289359509698121728
1289359852616085504
1289360185014673410
1289360190169473024
1289360385514983427
1289360776474447877
1289361169484935170
1289361267350630400
1289361274254422017
1289361609232723968
1289362166638718976
1289362193121775616
1289362255528644615
1289362648879042560
1289362921781248000
1289362968522526721
1289363115000258560
1289363154263109633
1289363369804341248
1289363663082553345
1289363687623532544
1289363794158854144
1289363852379922433
1289363972886376448
1289364101442011138
1289364233067483137
1289364365091540994
1289364495832240128
1289365322399588355
1289365583532658688
1289365589295796225
1289365893131116545
1289365943856971781
1289367010728583169
1289367119835037701
1289367250156294225
1289367391676141569
1289367786716725249
1289367910368940032
1289368073619697665
1289368098496290822
1289368112203169795
1289368247033147392
1289368258781392896
1289368395981316096
1289368521227395073
1289368525862088704
1289368801314668544
1289368817336893441
1289369357781536769
1289369397711183874
1289369838066884608
1289369956539219969
1289370131731230721
1289370301701160960
1289370723325108225
1289370961595248642
1289371089953370112
1289371293393932293
1289371333768306689
1289371919112757249
1289372250219503618
1289372351289675776
1289373403632160771
1289373481784578048
1289373548927229957
1289373732704849923
1289373802183266304
1289374732450594817
1289374910104576000
1289375293380030464
1289375716648169473
1289375853130813441
1289375962589609985
1289376020131282945
1289376021578276864
1289376153254293505
1289376372654137344
1289376393793425409
1289376438639038465
1289376882320842752
1289377418814164993
1289377582878605313
1289377651958792192
1289377790463078400
1289378965409300481
1289379487621107713
1289379709571170304
1289380210723262464
1289380229765455874
1289380606149787648
1289380659400712194
1289381478640492544
1289381494545252352
1289381678650015744
1289381820878880769
1289381922628464644
1289382050928005120
1289382234068144128
1289382317987901441
1289382428910346242
1289382429434634241
1289382460162289664
1289382811216916481
1289382983284060160
1289383033695432704
1289383239719596033
1289383462978244609
1289384014432751616
1289384580252700674
1289384776227414016
1289384789623975936
1289384994234748931
1289385016477220864
1289385624961597440
1289385640576970752
1289386246179962881
1289386520999161857
1289387321775681537
1289387334467821570
1289388645225398272
1289388649394499584
1289388652120797185
1289389856292921344
1289389879499952129
1289389952602529793
1289390257520041985
1289390287014334464
1289390404123521027
1289390578313166848
1289390609396928512
1289390612689481728
1289390713856077824
1289390821154799619
1289391439143563267
1289391513621782529
1289392642061524992
1289392749867925505
1289392926628306945
1289393062871875585
1289393259358253056
1289393285883076612
1289394577774743552
1289395444901019648
1289395961958195200
1289396325977489420
1289396378528026626
1289396594844897280
1289396620841213953
1289397162292342785
1289397492937719808
1289397620192841728
1289398052776599552
1289398527399845888
1289399019781857281
1289399272371191809
1289400654088122370
1289401029658697729
1289401992087928832
1289402374503579648
1289402540535291905
1289402850783764480
1289403380075393025
1289403385372975104
1289403763342548993
1289405554436128768
1289405878727131137
1289406221921837056
1289406266033360896
1289406431163109377
1289406693755875328
1289406749318033408
1289407117414117377
1289407347689795585
1289407350512607233
1289407523913527299
1289408168594874368
1289408223666032642
1289408538226257920
1289408579514953728
1289408735270428672
1289409000396603393
1289409193099706369
1289409501028683778
1289409803257700358
1289409836019458050
1289409969360527360
1289410042664386561
1289410495024267266
1289410766831882241
1289410837883637760
1289410935916879874
1289411326192713729
1289411870777118720
1289412060804083712
1289412184137584642
1289412207831384064
1289412338735448065
1289412411783393280
1289412500031541248
1289413156687634434
1289414593765244929
1289414715823853570
1289414803262443520
1289415497973284866
1289415533503242240
1289415709471256576
1289416976293441536
1289417263154528256
