1287243085420752896
1287243418905739264
1287243722917318656
1287243824096350208
1287243982561587201
1287244641637666816
1287244716376039424
1287245304270553088
1287245936411004928
1287245998872461312
1287246348975251456
1287246498116374529
1287246618861998094
1287246667335385091
1287246851972923393
1287247297680637954
1287248691720585223
1287249240356524032
1287249542404952064
1287249876246503425
1287250083235483648
1287250624975904770
1287251346417160193
1287251426444541953
1287251725976588288
1287252064725118976
1287252073281736704
1287252240009494529
1287252441616900096
1287253287700398080
1287254259206062085
1287254626354462720
1287255140911783943
1287255826642722817
1287255839774892034
1287255851577769990
1287256877483659265
1287257487054458881
1287257575914971136
1287257718735147008
1287258487966375940
1287258917186174976
1287259196338188294
1287259526018641921
1287259623255310336
1287259664141488128
1287259670835613696
1287259906731433986
1287260047547006976
1287260308801597440
1287260775472488454
1287260798436478977
1287260871337500672
1287260990745317376
1287260997049188364
1287260998160670722
1287261172065067008
1287261388230991872
1287261729219543041
1287262468377645056
1287264840596234240
1287265396215644161
1287266134790672384
1287267633470091264
1287267761589297155
1287268045036105728
1287269599269052417
1287270004484907008
1287270518769496065
1287270926359367680
1287271066281353217
1287271459874844672
1287271571644493824
1287273289098952714
1287273325081878529
1287273780046368768
1287273979376537600
1287273980374786048
1287274114374340608
1287274255210741762
1287274558249041920
1287274887334301698
1287275747380346887
1287276220602753024
1287276221131186178
1287276830425264128
1287277121136664576
1287277574960357376
1287278390614077441
1287278762816679937
1287278769263304704
1287278845507371008
1287279067507462144
1287280032214327303
1287280738325483520
1287281730584489984
1287282669085057024
1287283105334730757
1287283252265451527
1287283559087190016
1287284074005041153
1287284380973641730
1287284812508573697
1287284936307769344
1287285662891139073
1287286087975567361
1287286257555517440
1287286599173242881
1287286709932228608
1287287423487979521
1287288480830230529
1287288695331139584
1287289090078015488
1287290100536287232
1287290118106017792
1287290407764852740
1287290576757555200
1287291012336046081
1287291195350110208
1287291196516126723
1287291332294311936
1287291406227247104
1287292339208298496
1287292812707463168
1287293091766910976
1287293156275499008
1287293819004878850
1287294225537802240
1287294391002910720
1287294622318944256
1287295235765276673
1287295553202802690
1287295712225570817
1287296354675355655
1287296712051167232
1287296908394889217
1287296949465620481
1287296994424303616
1287297296259076097
1287298037547782145
1287298222759837696
1287298609290117120
1287298837288300544
1287298996260573184
1287299232433688577
1287299789328207872
1287300138541682688
1287300320838791168
1287301321121574912
1287301810429005825
1287303290850615296
1287303360996155392
1287303369732902912
1287303447998599168
1287303825653555200
1287304147805536257
1287304242860965889
1287304270602211328
1287304397375111168
1287304896467927040
1287304946103263232
1287305939863797761
1287306420023513090
1287306423324438530
1287306455960260618
1287307061529841664
1287307304417730562
1287307911966994433
1287308551552208897
1287308918557773824
1287309001655492608
1287309138901565440
1287309197261111296
1287309470847176704
1287310082158604288
1287310837959536640
1287311364298506240
1287312134116741121
1287312307283021824
1287312308088209408
1287312314673364994
1287312439722119171
1287312851988815877
1287312919601061889
1287314642184830976
1287315353543073792
1287315929437818881
1287316367767531520
1287316485086552064
1287316643941687296
1287318362318688256
1287319024439877632
1287320303530659842
1287320516055846914
1287321123517063169
1287321392833130496
1287321394934513669
1287321544323002368
1287321582717804545
1287321582852018177
1287321603559260161
1287321911119290379
1287322045794136064
1287322284378796032
1287322405757575168
1287323447165673472
1287323449665323008
1287323764473188358
1287324388942118912
1287324519716331520
1287324661248749568
1287325119191199744
1287325285034188801
1287325496032858112
1287326191989346305
1287326829750022144
1287326842412765184
1287328471438458881
1287328754541494272
1287328858920964097
1287330331574632448
1287331165200949248
1287331422215327744
1287331558081335297
1287331867973353472
1287331904073732096
1287332606535753728
1287332867270475776
1287333525151199232
1287334092715917313
1287334504768638976
1287334669248270337
1287335389179645952
1287335752423153664
1287335754692165633
1287335869171539968
1287336472794800128
1287336597353050113
1287336799342338048
1287336848449310721
1287337341380681728
1287337361882386433
1287337574869213184
1287337682834722816
1287337798425608193
1287337940172013569
1287338139816796163
1287338223459590145
1287339166171365377
1287340019141746688
1287340138746585088
1287340213555982336
1287340462861430785
1287340528317628416
1287340666587164674
1287340669900451840
1287340904039284736
1287341584401473536
1287341598834069506
1287341711644135426
1287341761203965952
1287341887645454337
1287342060656304128
1287342349291524101
1287342481592520705
1287342500949172224
1287342510319247361
1287342575058395137
1287344015973715971
1287344051931340801
1287344197478031360
1287344288012017665
1287344343972544512
1287345328962887685
1287345578196819969
1287345637625823233
1287345695482171398
1287345697000509440
1287346041977745410
1287346081970487297
1287346203525513222
1287346234315943936
1287346270953181184
1287346455565545472
1287346635509575680
1287346660864008194
1287346765985796097
1287347584147820544
1287347753211887616
1287347795209465857
1287347928944836608
1287348405786890241
1287349206936702977
1287349266348990464
1287349618263470083
1287349629256900608
1287350304632119296
1287350486438481920
1287350490808963073
1287350877444091904
1287351173159231488
1287351354302910465
1287351466697437185
1287351469205680128
1287351563317583872
1287351887575035904
1287351921272135680
1287352769729503234
1287352885580304384
1287352940236345345
1287353460430692352
1287353511378915328
1287354144605392896
1287355496601722880
1287355758888095746
1287355761513963522
1287356029533974529
1287357079850639360
1287357439927410688
1287357654189461505
1287357721172496384
1287358160337088516
1287358228955766784
1287358447491715076
1287358785678381056
1287360038881959942
1287360268125835266
1287360354754822149
1287360780636225536
1287360924542803968
1287361077290962944
1287361162829369345
1287361178973245440
1287361193573662721
1287361232467501058
1287361369487155200
1287361631601786880
1287361666657783808
1287361859729993733
1287362111560007682
1287362408537903106
1287362801057632257
1287362922877014017
1287363044557950976
1287363180596015104
1287363295448637443
1287363839923806208
1287364100310413313
1287364452279627777
1287364624405401600
1287364846187667456
1287364882195783680
1287364950999080960
1287365110768398339
1287365479871459328
1287365934840242176
1287366369676349441
1287366410495295488
1287366691081469958
1287366755002720258
1287367010658254848
1287367063649091584
1287367298035130376
1287368335424991233
1287368683854102529
1287369419077935104
1287369488871153665
1287369840685125634
1287369993047478274
1287371272071110656
1287371325527527426
1287371608273891329
1287372189226893314
1287372371373051904
1287372622989336576
1287373325933715457
1287373480867049472
1287373726955253762
1287373852394295297
1287373868215173120
1287374118489337856
1287374149346897921
1287374398278774790
1287374447029100546
1287374511151734784
1287374546400575489
1287374604739194880
1287374914471759872
1287375105149067270
1287375224850325504
1287375253862195201
1287375510713106432
1287375898635837441
1287376005405872129
1287376517727748096
1287377173863694337
1287377408627052544
1287377640316456960
1287377842683228166
1287377927450001408
1287378093577928705
1287378247605465093
1287378548949483523
1287378568889151489
1287378715404578819
1287379740282753024
1287379890787016706
1287380111193513984
1287380262456897539
1287380313501564930
1287380314491441152
1287380350906380289
1287380840608145409
1287381042895216641
1287381227595595778
1287381478167457795
1287381654139535362
1287381966573182977
1287382229648367622
1287382471948955652
1287382924497686528
1287383002419531776
1287383041418108928
1287383226537914369
1287383417118691328
1287383519245762565
1287383576447680513
1287383960566235136
1287384226443206658
1287384568937553920
1287384747363237895
1287384826354466816
1287384972052115456
1287384999403159554
1287385191250444290
1287386060184588294
1287386134323040257
1287386443476762624
1287386498765996032
1287386742853689345
1287387126737203201
1287387412621135873
1287387598655291392
1287387888758542336
1287388006635069443
1287388050088230912
1287388093205676032
1287388172180000770
1287388350706524160
1287388475109638145
1287389525640003584
1287389794646065152
1287390175560171520
1287390209768857600
1287390358113005569
1287390617107013642
1287391003243171841
1287391411231391751
1287391568366895104
1287391676592459776
1287391887041736705
1287392112305213442
1287392353800654848
1287392457865469959
1287392702674411520
1287392730155552770
1287392878294110208
1287392980651741184
1287393062931566592
1287393404175790082
1287393409351782405
1287393415869747202
1287393952828620801
1287394128045715459
1287394135364837379
1287394210790936576
1287394666179112961
1287394892315058178
1287395084779040768
1287395248239456258
1287395314140413953
1287395858351296512
1287396335398744065
1287396356609445891
1287396388829933572
1287397423623467008
1287397463289143303
1287397614086787072
1287397777278894080
1287398325998755841
1287398386941882370
1287398500075003905
1287398733576130560
1287399149290180608
1287399305326858248
1287399316601147392
1287399325375504384
1287399808756482051
1287399931402235905
1287400042865684480
1287400216195485698
1287400242237898752
1287400393467662337
1287400748700049409
1287401276603604994
1287401476386693121
1287401840074797056
1287401865357824000
1287401906986455040
1287402212294111232
1287402236146982915
1287402580797198336
1287402797168697344
1287403046742286336
1287403195271176192
1287403206557995010
1287403244994605056
1287403506094178306
1287403534254780416
1287403640307712000
1287403735883354118
1287403788924575746
1287404146124115970
1287405189721255936
1287405248198434816
1287406257545064452
1287406710844530688
1287407174289952768
1287407304770490370
1287407667649052673
1287407680336928770
1287407699089428481
1287407891775926278
1287408222522015745
1287408256239964161
1287408465883869184
1287408724815097856
1287408732901646337
1287409283748044800
1287409330753437697
1287409356108070912
1287409863417618433
1287409971479678977
1287409971819433986
1287409973459329025
1287410428142735365
1287410434077855745
1287410554588614656
1287410818821140480
1287411056546062337
1287411340529860608
1287411469814861824
1287411511728705536
1287411564006572034
1287411857259716614
1287411913933164544
1287412067331387392
1287412445968048128
1287412700159586307
1287412848877076481
1287412867361312768
1287412946809819137
1287413056851582979
1287413079488307200
1287413118507847681
1287413638991618053
1287414540607594496
1287414622874669057
1287414658081710080
1287414905428213762
1287415645911433216
1287415729596149760
1287415751444443136
1287415760332218370
1287415803181240321
1287415847498260480
1287416018260955136
1287416051286921222
1287416057314017280
1287416126151032833
1287416915523186693
1287417420257398792
1287417471046164481
1287417534208147461
1287417681721937921
1287417928405712899
1287417951675703300
1287417963218436097
1287418168856674306
1287418175395635206
1287418365724762112
1287418597443284994
1287418607677382657
1287418786753150978
1287418805858312192
1287419032627318784
1287419044363145216
1287419224323796993
1287419876584361984
1287420224493559808
1287420682456805377
1287421434252361728
1287421723730522112
1287421775412891650
1287421892136239106
1287422204024561669
1287422295204667394
1287422534531653635
1287422579234332672
1287422706447790081
1287423004520185863
1287423162855182336
1287423279356088321
1287423296875700229
1287423539323244546
1287423995621638144
1287424074948509707
1287424497306533888
1287424656417333249
1287424917974077440
1287425010018197504
1287425084764778497
1287425489079017476
1287425604082704387
1287425663453061120
1287425841476108288
1287426009910788096
1287426254673567746
1287426293873680384
1287426311489826818
1287426469006843905
1287426605275648001
1287426663534526467
1287426715627618304
1287426717775060994
1287426855960707073
1287426943189749760
1287427017298845698
1287427219933892609
1287427276657897477
1287427456207663104
1287427516278374402
1287427529008193541
1287427717617651713
1287427770306314240
1287428296091873281
1287428464463798272
1287428625701244930
1287428713903091712
1287428742370013186
1287429358815125504
1287429648867946496
1287429678903562240
1287429729054842884
1287430041501143042
1287430358208741376
1287430358334611456
1287430365276073984
1287430369546035200
1287430403637358592
1287430570767777792
1287430877245472769
1287430958136864771
1287431391714652160
1287431404637364230
1287431784163139587
1287431786012631041
1287431896444612608
1287432097574137857
1287432209843060740
1287432318504693760
1287432549439086592
1287432626958213122
1287432755790241793
1287433062754656263
1287433073265725441
1287433182388858881
1287433417710350341
1287433489080397824
1287433625349300227
1287433706773393412
1287433761907511297
1287434165693095938
1287434464398893060
1287434886702419970
1287434891529838593
1287434894193254400
1287435293193375744
1287435896132792320
1287435984158818306
1287436080736800771
1287436269530894337
1287436326850252806
1287436463651553280
1287436623718817795
1287436638545641472
1287436640756146182
1287436931102580738
1287436944813830145
1287437000291819520
1287437092113584128
1287437870840545283
1287437881439551490
1287438097743921152
1287438195999805441
1287438292632264704
1287438825212522498
1287439114636128258
1287439666468335618
1287439944982593536
1287440018093617153
1287440259366649857
1287440288202489858
1287440354841710592
1287440406146437126
1287440450379558913
1287440678897819648
1287440737823383554
1287440784585895938
1287441041772236805
1287441256155668481
1287441434451173377
1287441440423854082
1287441442944606210
1287441494022819840
1287442044718329856
1287442155007545352
1287442165153452032
1287442329847070720
1287442489272668160
1287443795257118720
1287443813473177600
1287443937943322626
1287444020340363264
1287444110853447680
1287444407105585152
1287444513271808000
1287444645442736135
1287444801168834562
1287444817555988482
1287444872568414209
1287445169881505794
1287445205168381953
1287445292145573888
1287445309245796355
1287445464913125377
1287445656643264518
1287445821550723072
1287446236942016514
1287446246186246144
1287446481482522656
1287446757182443520
1287446810487922690
1287447610387828738
1287447921315594240
1287448034415120385
1287448199918166017
1287448288959115265
1287448740052131843
1287448775913607170
1287448962040045570
1287449218286866432
1287449418548027394
1287449519685328896
1287449584801910785
1287449635318108166
1287449737822535680
1287450079415148544
1287450248630083584
1287450254317625346
1287450299897176064
1287450337750716416
1287450376745160711
1287450400279482368
1287450812202065921
1287451047867359233
1287451055261974529
1287451230332227598
1287451528689852416
1287451861528850440
1287452174130327554
1287452376803053568
1287452860116955137
1287452890806853633
1287453164355178496
1287453661233319936
1287453751507398657
1287453942373285888
1287454021251403779
1287454041119830019
1287454358519644160
1287454430263152642
1287454657707749378
1287455033395740676
1287455062520819712
1287455359599173633
1287455547134902273
1287455682699108353
1287456478689984513
1287456535363297280
1287456537653387264
1287456645149155328
1287456687360802816
1287456885893931011
1287456917179301889
1287457961259028480
1287457987418873859
1287458288456675331
1287458586684137472
1287458751851704321
1287458949252489217
1287459089505820673
1287459333056401410
1287459469614620672
1287459543459430400
1287459905436372996
1287460444022636544
1287460572125110277
1287460777805393920
1287461218647670788
1287461226797240321
1287461262469869568
1287461498554667020
1287461514316840960
1287461668973416449
1287461852239278086
1287462065314181121
1287462066236858368
1287462264803676160
1287462724453056513
1287462785153196033
1287462834058584065
1287462897619271680
1287463046319878144
1287463307734061056
1287463337928917001
1287463351908478978
1287463500214939651
1287463666779131906
1287463707925082112
1287463709221113857
1287463902087974915
1287464200097366017
1287464440825184256
1287464491156996101
1287464532647059459
1287464698296905734
1287464713438273541
1287465057564139523
1287465162358714368
1287465224677855232
1287465268785029120
1287465406492483584
1287465477057519617
1287465634792714241
1287465730108088321
1287465825553842177
1287466050897027073
1287466264537989120
1287466422722088961
1287466510877892614
1287466595460231175
1287466714641436672
1287466741308821507
1287467107928563713
1287467216301154315
1287467331824881668
1287467527661064194
1287467715188465664
1287467802723528704
1287468178545815552
1287468214411243520
1287468300369301505
1287468357592264711
1287468926813655040
1287469619234713601
1287470148404871170
1287470340021657600
1287470506350972931
1287471063765602308
1287471158208552960
1287471273619193858
1287471309266530309
1287471384055095296
1287471386236080128
1287471582957514752
1287471640834711553
1287471697101123585
1287471901854629891
1287472181664858112
1287472734075748352
1287473676762460162
1287473691777830912
1287474013527252992
1287474291101949953
1287474320839602176
1287474908717412352
1287475161755721729
1287475394552180737
1287475408812699649
1287475651453177856
1287475888528007173
1287476043427852289
1287476043918512128
1287476072292876288
1287476424127913984
1287476593204572162
1287476891037904896
1287477031232516101
1287477159649394688
1287477328688209921
1287477512369577984
1287477963299205122
1287477965534777345
1287478094094368768
1287478455752364033
1287478457602105344
1287478458549927938
1287478459523117056
1287478570617536512
1287478585612263429
1287478971605479426
1287479057098117120
1287479463798767617
1287479564382253057
1287479582090764290
1287479654316728330
1287479898798465024
1287479900698554370
1287479901600317442
1287479902569193472
1287479912731992066
1287480495094169601
1287480653911449600
1287480691010265088
1287480824380575744
1287480953158303744
1287480956824125441
1287480984682758149
1287481026063872000
1287481390032801792
1287481587651805187
1287481589656502272
1287481968452657159
1287482082625642496
1287482502815395841
1287482680989356039
1287482692452462594
1287482845624139778
1287483390619537409
1287483680533950466
1287483863858651141
1287483956057772038
1287484022772379650
1287484066745454598
1287484069412970496
1287484172525805569
1287484204654235648
1287484352843124740
1287484680888094720
1287484789033971714
1287485000527552512
1287485192131809281
1287485317549891596
1287485435610947584
1287485530217877506
1287485902315495434
1287486197628129281
1287486237763346433
1287486336979566597
1287486479493558275
1287486481913663488
1287486687480819714
1287486706594324480
1287486762483355648
1287487565898145792
1287487597170892808
1287488607926784001
1287488666051502082
1287488981702189060
1287489148568457216
1287490216647970818
1287490466716491777
1287490612359573508
1287490660770164737
1287491131618529282
1287491306000977921
1287491762349645826
1287492306489278466
1287492745431363584
1287493199943139329
1287493208658907139
1287493328410488838
1287493345103810560
1287493829801553920
1287494078905622529
1287494161185116160
1287494435538903040
1287494591709679622
1287494737084198913
1287494954420523011
1287495592143286272
1287495941352718344
1287496146403942402
1287496828506853379
1287496876846133248
1287496935562268675
1287497162130161665
1287497191242768385
1287497206321369088
1287497843025022979
1287497843310243843
1287498167437713413
1287498754506084352
1287498933363761153
1287499030977744896
1287499176763428870
1287500054081789959
1287500203432398848
1287500407535734784
1287500697144107009
1287500728890777600
1287501234090446849
1287501335248564224
1287501498688196610
1287501524436946944
1287501866725711875
1287501870991396865
1287502085412597762
1287502172905758721
1287502232284327936
1287502565333237760
1287502615153172480
1287502797932580866
1287503390323474434
1287503703528939521
1287503869862449152
1287504231205928960
1287504360646221825
1287504583846068224
1287504798401597442
1287504883969556480
1287504963220828161
1287505013435183104
1287505837175562247
1287506179887960064
1287507073639624704
1287507089426980864
1287507364283850753
1287507456340504579
1287507461239341058
1287507618014134272
1287507886072115201
1287507931060154371
1287507968725061632
1287508147410788352
1287508512491405313
1287508611674050560
1287508881124425728
1287509545741201408
1287509643783213059
1287509758585470976
1287509868333727747
1287510000533827584
1287510025456492545
1287510307716333568
1287510325659566080
1287510392772661248
1287510618216562690
1287511202059489283
1287512292775677957
1287512358483644416
1287512576000176128
1287512621885919235
1287512749560549377
1287512831085215746
1287513318043852801
1287513836355031043
1287514170171117568
1287514346097180672
1287514437411393536
1287514742806859776
1287514805784518657
1287514899070029824
1287515014778310661
1287515709266853889
1287515752229199873
1287516058874793990
1287516244837634048
1287516256896196610
1287516305994596352
1287516348868898820
1287516556520562690
1287516628146626561
1287517517494263815
1287517666740252673
1287517966297333760
1287517984894922755
1287518074640400387
1287518078176235520
1287518655673139201
1287518819062181888
1287518825165008911
1287519271027957760
1287519342020702218
1287519619574636545
1287519896952352768
1287520054125318145
1287520101512753159
1287520109276340224
1287520112946417665
1287520345050591232
1287520373957853187
1287520708092817409
1287520721749577728
1287520953484877830
1287521105268310017
1287521164747845632
1287521206384627713
1287522797875585025
1287523309635211264
1287523465730433026
1287524465220431873
1287525046534184965
1287525215866630145
1287525446444371970
1287525539184627712
1287525837106012161
1287525868194201600
1287526026730524672
1287526691015925766
1287526747509084161
1287527008759668739
1287527187185389569
1287527234450776064
1287527907506696198
1287528285891682304
1287528354652909568
1287529044288901120
1287529333259743235
1287530194878767105
1287530281914839041
1287530610395938817
1287530685377519616
1287531030165954560
1287531156276015104
1287531157408509952
1287531682925617152
1287531783089721344
1287531852660711424
1287531926161633280
1287532185151578113
1287532517059448838
1287533822175784960
1287534973956784129
1287535136662343680
1287535157763694593
1287535163703013376
1287535183168704512
1287535950009176064
1287536313206370304
1287536845841149953
1287537039374614528
1287537173550563329
1287537200070971393
1287538184214253569
1287538311515512833
1287538537911300098
1287538706136674306
1287538893961613313
1287538994520231936
1287539059863289856
1287539070290329600
1287539571350286336
1287539655337021443
1287539843510104064
1287539847146565632
1287539858043371520
1287539872454995969
1287540283874463745
1287540525843845121
1287541220672262147
1287541924400893953
1287542413674897409
1287542711621427201
1287542821453541378
1287542844165705729
1287542982778990593
1287542993352720391
1287543121673424896
1287543334194511873
1287543688416165889
1287543758821752833
1287544117006938113
1287544584491474946
1287545008137150464
1287545226974953477
1287545393266536448
1287545524791508994
1287545546559938567
1287545783395454977
1287546103664181250
1287546117660348416
1287546127206629377
1287546128284540929
1287546129207267329
1287546130268450818
1287546131308666880
1287546361219604483
1287546416622178310
1287546502454415361
1287546886908284928
1287546934735994880
1287546960308842501
1287547146091233281
1287547147949408263
1287547403202105346
1287548214217003009
1287548268117925889
1287549409924980736
1287549493530042370
1287550402695581696
1287550697077014530
1287550895920566273
1287551218227621888
1287551422729314304
1287551638094229504
1287551640275361793
1287551745376174082
1287552039069741056
1287552227469479937
1287552634447044608
1287552870515011584
1287552936051003398
1287553154196713472
1287553317636210691
1287553353149382656
1287553870193860610
1287554151807770628
1287554940492107776
1287555046045966338
1287555674721775628
1287556212276334599
1287556628556812290
1287556818265284608
1287557160600100864
1287557593792040963
1287557668102692864
1287557817465843712
1287557974668369921
1287558318500667392
1287558631051862018
1287558742800601090
1287558820244250625
1287559562577563652
1287559645700096001
1287560218939883520
1287560490143625216
1287560702069215234
1287561099701755904
1287561111995375617
1287561499943276546
1287561706017890307
1287561809403289603
1287561827807670272
1287562185367928832
1287562294319353862
1287562321708175362
1287562657592156160
1287563245029658625
1287563768533266433
1287563795683049473
1287563886372302848
1287564117293903873
1287564425529036803
1287564443984048129
1287564475814510592
1287564576096006144
1287564646610874369
1287564658103132162
1287564665007099905
1287564678739173376
1287564722502619136
1287564934423904257
1287565378353209346
1287565389296291840
1287565678107557888
1287565778192158721
1287565863638491137
1287567145036058624
1287567165063921666
1287567242641711108
1287567370626764800
1287567571030609923
1287568321727143936
1287568418758164481
1287568550815834116
1287568690939080705
1287568717988147203
1287569026856529921
1287570030146867201
1287570237626503170
1287570387119767553
1287570453578612736
1287570669694332933
1287570735175815168
1287570803681353728
1287570880260984833
1287570994782244864
1287571052327890944
1287571492457201664
1287572198480384000
1287572584956145665
1287572732117422083
1287572882747527168
1287572900464254977
1287572971331215362
1287573413842886658
1287573879473549312
1287573933286465537
1287573960234860556
1287574194360901633
1287574230255583232
1287574671634894849
1287574896764227585
1287575021171478528
1287575161265364995
1287575277829107718
1287575740829982720
1287575769062019072
1287575924976869377
1287575972200546305
1287576048985681920
1287576074205814788
1287576075136991232
1287576147446730752
1287576819613409281
1287576888639094784
1287577103089537026
1287577666095390722
1287578054714327045
1287578075522371584
1287578086519652352
1287578270091956229
1287578804060381184
1287578953046044674
1287579344949346305
1287579578400223232
1287579621903544320
1287579869812011009
1287580242291245059
1287580874993795072
1287581460808060928
1287581909984391168
1287581948924362761
1287582472952307713
1287582666787827712
1287582999219974144
1287583841905934336
1287583868132851717
1287583869789712384
1287584601574080513
1287584631949160448
1287584635916959744
1287584796349214721
1287584935302369280
1287585311116197895
1287585417982746624
1287585440522960898
1287586389400457216
1287586879248965632
1287587402303918080
1287587756802297856
1287588130183413760
1287588492948713477
1287588543460790272
1287588991886168066
1287589088388841474
1287589207221907459
1287589285105934338
1287589606292983810
1287590575315849216
1287592342690705409
1287592345777647617
1287592407622733824
1287592980250066944
1287593339643146241
1287593452012789763
1287593818938908674
1287594709800681472
1287595098834964480
1287595154598133761
1287595451269746689
1287595504315043842
1287596199210557440
1287597103728996354
1287597209375186946
1287597321455198208
1287598179823869954
1287598580748910592
1287599244896088064
1287599809252204545
1287600669269143552
1287601436658999298
1287601650044043266
1287601702313623553
1287601715651514370
1287601907184340993
1287601946107543552
1287602606337077250
1287602648397602816
1287602981693661184
1287603819191218178
1287603949806247937
1287604024146112513
