1285431316977078273
1285431317245554688
1285431330126409736
1285431664399781890
1285431666664779777
1285431970676322304
1285432013349097474
1285432184153743360
1285432216185647105
1285432305092374528
1285432372494827520
1285432545195237376
1285432987530797056
1285433422836531202
1285434036341571584
1285434208807256067
1285434615767891969
1285434926662385670
1285435182946885632
1285435588548669441
1285435738255953920
1285435834666278912
1285435907613523968
1285436591377453056
1285436619978309632
1285437144085884928
1285437793959923713
1285437985350189057
1285438684716609537
1285439302894321673
1285439329817378822
1285439689898561536
1285440577732071424
1285440967907123201
1285441215505166337
1285441885717192704
1285441886899990529
1285442037110767617
1285442330699366406
1285443964720603136
1285444049663557633
1285444330472300544
1285444901015097347
1285444973941469184
1285445031587794945
1285445539761455104
1285445700881268736
1285446194613891072
1285446295272865793
1285446521366994944
1285446647120629765
1285447098226417665
1285447862793502721
1285448519470518272
1285448658268241921
1285449184129286144
1285450559340769280
1285450737594642432
1285450860147818497
1285451328991514625
1285451370947063810
1285451455294402560
1285451647678689280
1285452007248142337
1285452690101866500
1285452896398725122
1285453242592354304
1285453734529716224
1285453770621673472
1285454341675954178
1285454657075150848
1285455108847865856
1285455253744361477
1285455336955150336
1285455350779371522
1285455352666849280
1285455375559352320
1285455689104711680
1285456106068701187
1285456640410517504
1285456684203282432
1285457055482916864
1285457129839767552
1285457470861836288
1285457598905376769
1285457867915407360
1285458308137193472
1285458325572911104
1285458380639928322
1285459039200018432
1285459051107749890
1285459166916751365
1285459270058876928
1285460526458376194
1285460551355764736
1285460673871384577
1285460946757070849
1285461385003008003
1285461517580644353
1285461520478908417
1285461554599809027
1285461965608026113
1285462272173907969
1285462416327880706
1285462441812533254
1285462644527378433
1285462942989856770
1285462944990412800
1285463315112755200
1285464246919352321
1285464544786231296
1285465048287195136
1285465154940010496
1285465165186527232
1285465790112690178
1285465947374067714
1285466020371664896
1285466453584408576
1285466712905744384
1285466905008955392
1285466988270227456
1285467578647883779
1285467606544195584
1285468331470880773
1285468398454022144
1285468435846017025
1285469126022934531
1285469645508685824
1285470252596203524
1285470570298191872
1285470746723135493
1285471623978647555
1285472340466454529
1285472798694146048
1285472836145029120
1285472876620058624
1285473178643582977
1285473292929794050
1285474016816496653
1285474437870096384
1285474638139727872
1285474732838735873
1285474946270076930
1285474990687690752
1285475061219176453
1285475298599829510
1285475343189630976
1285475475700060162
1285475742806167552
1285475791854276608
1285476015330951168
1285476044221358081
1285476207463731201
1285476341303971844
1285476487265570817
1285476488368685056
1285476491145342977
1285476491682213896
1285476492743372804
1285476506051817472
1285476712923398144
1285477195637575681
1285477225043763200
1285477681186971650
1285477741509447682
1285477918706106372
1285477948578058240
1285478601392033797
1285478975129694208
1285479245272289281
1285479880323457024
1285480496810602496
1285480550199971840
1285481226422411264
1285481285469605888
1285481637724270592
1285482021746282497
1285482292396400640
1285484330849120257
1285484373383491585
1285484769216794624
1285484893175263232
1285484894399987712
1285485025178324992
1285485296507707392
1285485819055296512
1285486234547232770
1285486604677775360
1285486791282298881
1285486809426739201
1285487024200462341
1285487565672505344
1285487568763654144
1285488352800768000
1285488466193776640
1285488771417374720
1285488858134654976
1285489098833223680
1285489493554925569
1285489623226097667
1285489781233909760
1285491373307813888
1285491423803047939
1285491587254902786
1285491592212578305
1285491593659600896
1285491743807479808
1285491830226931712
1285491895947403265
1285492559322677249
1285493065323511809
1285493299466338305
1285493604681580544
1285493644363997195
1285493797191913472
1285494169658687488
1285494304656576514
1285494574593437696
1285495496983838720
1285495615170854912
1285495652084940801
1285496088284270592
1285496107250913280
1285496492438859779
1285497890669047809
1285498322875277312
1285498981443948551
1285499459380678659
1285499554402578432
1285499881218551808
1285500169979600896
1285500252485595136
1285500270995140608
1285501105292673024
1285501293503680514
1285501379528843264
1285501564891869187
1285502193416785921
1285502828857954304
1285502892149882880
1285502987532673031
1285503149357309952
1285503467868639232
1285503520670715905
1285503558402682887
1285504017657888769
1285504404624375813
1285504616466087937
1285504721739042817
1285505238095613953
1285505378168590336
1285505428370141184
1285505596159033344
1285505993959452672
1285506083923144704
1285506443932655616
1285506445186719744
1285506447304843264
1285506620554981377
1285506888948502530
1285507192699977728
1285507636935393280
1285507763896909825
1285507779483054082
1285507836294955009
1285508302810615811
1285509263952171011
1285509339885772800
1285509871723397123
1285510479499145218
1285510546066997248
1285511118761287683
1285511499776237568
1285511914274029569
1285512033283301377
1285512738018660352
1285513061646970883
1285513205465460736
1285513240244555776
1285513389377236993
1285513389574361089
1285513600229146625
1285514642589126656
1285515002754019328
1285515218999742464
1285515640833486848
1285515670751453184
1285516881198297088
1285517408288079878
1285517595022630917
1285517997919150080
1285518034367664129
1285518780257505281
1285519986337996800
1285520258934157312
1285520475767164928
1285520529328189443
1285520529923862528
1285520533010837504
1285520540245954560
1285520544268382209
1285520555479728128
1285520559049076736
1285521536657440768
1285521537831809025
1285521539085987840
1285521541279518721
1285521628991021057
1285522381981855745
1285522611565465602
1285522775625564160
1285522812149682176
1285523508202790924
1285523711307718656
1285523766517301249
1285524268395241472
1285524860136042497
1285524868914655232
1285524914477371392
1285525333014392834
1285526090560176129
1285526142640885766
1285526447394828290
1285526477253906433
1285526580295536642
1285527020978331649
1285527546881179648
1285527600245415938
1285527732991000577
1285527851886772224
1285527984674226176
1285528109064716288
1285528348039483392
1285528678504505345
1285528734078992384
1285528752227856389
1285528757894361094
1285528920381587457
1285529130918797313
1285529246941814784
1285529310267351043
1285529797595209728
1285529865773514754
1285529867816251396
1285529921205366790
1285530206535639042
1285530354254839809
1285530357304090627
1285530723068153856
1285530724167086081
1285530876357611521
1285531125113290757
1285531130775707653
1285531158160314371
1285531202343112704
1285531509072502784
1285531826862395393
1285531987239895041
1285532275342561281
1285532312650874880
1285532844270510081
1285533020255072256
1285533084113227777
1285533118087278592
1285533138459000832
1285533504558772224
1285533664751882241
1285534164134109184
1285535650326994944
1285535905852219392
1285536099088162817
1285536157527347201
1285536405435887616
1285536453879926785
1285536485387755523
1285536511102824450
1285536512235278336
1285536515360034817
1285536562126757895
1285536591310618624
1285536910555799554
1285537024133533696
1285537066340757504
1285537186499235842
1285537485473214464
1285537546743709697
1285537655460114433
1285537667233411072
1285538422879387648
1285538443293069314
1285538493809209344
1285538552722358272
1285539191934386177
1285539322981085184
1285539546378104834
1285539983428747264
1285540054723473409
1285540189738237959
1285540222072168449
1285540586074800130
1285540745676554241
1285540911221481472
1285541231431421954
1285542230141407235
1285542280561135617
1285542491190681602
1285542498077675520
1285542925997355014
1285542967139328000
1285543039038103552
1285543059950895105
1285543939358035968
1285544210024849411
1285544244388782083
1285544567647776769
1285544833709416449
1285544982661738496
1285545078593916930
1285545123166556167
1285545345058037760
1285545345359863808
1285545364523810816
1285545413982990337
1285545510405902338
1285545608317739008
1285545652496236545
1285545870663065601
1285545872332337154
1285546023755096064
1285546025760034816
1285546068873293825
1285546073348616192
1285546259311452161
1285546292442288130
1285546745959796746
1285546863123300359
1285546882425651200
1285546967624552449
1285546996695064577
1285547097203322882
1285547905068093440
1285548717777485824
1285548731006410753
1285548899512401920
1285549132640161794
1285549505346240513
1285549643347243010
1285550014153084928
1285550048982577153
1285550851969503232
1285551482733867008
1285551483862134784
1285551485460213760
1285551524156932098
1285551539126444033
1285551666322984965
1285552120943394817
1285552309049659393
1285552481632747521
1285552506643206144
1285552637010743297
1285552794058084353
1285553069753864192
1285553148124442630
1285553232325025792
1285553379532570624
1285553419827187712
1285553457571782659
1285553828050288640
1285554229940297736
1285554895689572355
1285555097137750016
1285555154578812929
1285555160866082816
1285555192012967937
1285555417389699073
1285555525611065345
1285555579025580034
1285555678678003713
1285555725188698113
1285555896680996870
1285556388823879680
1285557021643767809
1285557121556324352
1285557150798852096
1285557307225575426
1285557454483456005
1285557476243451904
1285557725171036160
1285557775976878080
1285557892171489284
1285558048925323265
1285558301401522178
1285558718868992002
1285558744324222981
1285558749856501760
1285558910150205441
1285559012063354880
1285559412103536641
1285559606576648192
1285559708527534081
1285559806951067649
1285560356782387200
1285560737872699392
1285560750921199618
1285560914633203713
1285560921952321537
1285561019511844866
1285561039686426625
1285561139661692928
1285562087448743936
1285562092674863104
1285562196366368768
1285562376536961026
1285562434950885378
1285562666317209601
1285562915312074757
1285563070929006593
1285563124712525824
1285563128600764416
1285563568000323588
1285563695242723328
1285564116640436226
1285564169169887233
1285564644824887298
1285564855433531395
1285564911498797061
1285564953823502336
1285565488160894978
1285565857704419328
1285566100965666818
1285566102509150209
1285566427982954497
1285566595675250690
1285566712696336384
1285566715179364353
1285566717465436161
1285567097507020800
1285567170307661825
1285567226003599363
1285567196731711488
1285567482959482880
1285567544917729282
1285567630028439558
1285567969679093760
1285568064210124800
1285568124385988609
1285568220544425988
1285568221211324416
1285568436576419840
1285568496416354304
1285568509037207554
1285568749521833985
1285569331032727553
1285569577145991169
1285569600315428864
1285569879622455297
1285570753480601601
1285571329698258944
1285571931832496128
1285571962471841793
1285572148552183808
1285572178142953474
1285572259734790150
1285572698819760133
1285572858215899136
1285572954592555010
1285573472433971200
1285573709550346242
1285573917470490630
1285573957932941313
1285574729835962368
1285574798123438080
1285575041267240961
1285575196003500032
1285575496470802432
1285575756555456512
1285575827506311169
1285575959551320064
1285576140330094592
1285576362766544896
1285576964309319680
1285577025437093895
1285577078583238663
1285577523590508550
1285577745934802948
1285577795628707840
1285578000977874951
1285578188580626433
1285578392692240384
1285578467237670913
1285578472916684800
1285578802593177600
1285579353099833344
1285579457978347527
1285579495102132225
1285579690984472581
1285579809381376009
1285580349863493634
1285580369413255171
1285580450493345792
1285580492822196225
1285580497763082240
1285580618999439361
1285580679070142464
1285580818086342656
1285581306156457991
1285581379133210624
1285581701524213765
1285581812987822080
1285581822869504001
1285582213543792640
1285582373200056321
1285582630361206786
1285583021853335553
1285583038244548609
1285583191181594625
1285583654153003008
1285583800244809729
1285583973092077570
1285584010140319749
1285584138205102080
1285584416299978758
1285584468414062592
1285584933084434432
1285585190224646144
1285585663258234880
1285586159930875914
1285586183360139266
1285586183599398913
1285586938012094466
1285587216664862726
1285587287624097793
1285587409954983937
1285587441789939713
1285587471993049088
1285587702755332096
1285587895085129728
1285588348086747137
1285588364675166211
1285588443331010560
1285588865974231040
1285588968172474369
1285589104017567744
1285589198976757765
1285589384797007874
1285590329903550465
1285590790543204364
1285590923573772288
1285590952615108615
1285590995137167360
1285591074120007681
1285591168122793986
1285591861810417664
1285591938092146690
1285592109127315461
1285592202899533825
1285593989823885312
1285594049970352128
1285594106408964101
1285594219709685766
1285594408729997312
1285594421430378499
1285594773940838400
1285595118716760065
1285595142699864064
1285595160567521281
1285595419494551552
1285595697237176320
1285595915147976704
1285596012422344706
1285596014397857792
1285596066130296832
1285596121629368323
1285596315527847937
1285596394443681793
1285596425901015041
1285596664925913088
1285596667111243776
1285596981184942080
1285597492042702848
1285597514742345728
1285597553598304256
1285597693470007303
1285597886215069698
1285598393348304904
1285598715500265472
1285599375587246080
1285599433477033984
1285600194667712518
1285600419809505280
1285600588730966017
1285600907380563971
1285601249971380232
1285601603521830915
1285601698430451713
1285602072629567489
1285602079239819264
1285602562490675201
1285602735891644418
1285603020252876800
1285603474101739520
1285603616179527680
1285603872204115970
1285604170091855872
1285604332214398977
1285604374346162178
1285604593238528014
1285605152028790784
1285605308820226049
1285606005343232000
1285606719838728192
1285606768463228928
1285606903566028800
1285607188770230273
1285607189718151169
1285607622792679424
1285607732423335936
1285608133231075328
1285608696899342342
1285609023606267905
1285609096675233793
1285609167516991490
1285609312618938371
1285609550234738688
1285609572581941249
1285609806867439616
1285609810839379969
1285610187068444674
1285610366869929997
1285611014181007360
1285611077208768512
1285611088961306626
1285611147668918274
1285611409741619204
1285611537609175040
1285611568865185792
1285611634057150464
1285611638528385025
1285611638658404363
1285611644094238725
1285611666890260482
1285612113311014913
1285612730569953281
1285613332658106371
1285613780689354753
1285613839384535040
1285614348153630722
1285614448087105536
1285614478441275395
1285614668762021889
1285614742317469697
1285615074292490247
1285615092508364800
1285615212335333377
1285615300269019137
1285615398138843137
1285615657787293696
1285615840419893248
1285616118800023552
1285616382114136065
1285617319079751680
1285617367427559425
1285617372292841473
1285617382287908866
1285617397198729216
1285619254935650307
1285619281833623559
1285619717621911552
1285619852451950594
1285620126201647105
1285620528687054848
1285620534223556614
1285620547150319617
1285620626401697792
1285620699105812482
1285620718718398469
1285620771507916800
1285620938470563844
1285621273758969856
1285621697383718912
1285621714555215873
1285621797828939776
1285621882117652481
1285621966926471172
1285622015140012032
1285622199215370244
1285622359651766272
1285622393067773955
1285622654779699202
1285622741744463872
1285622898045202434
1285622971814600704
1285623548611043328
1285624078737563656
1285624251345768450
1285624739910815744
1285624789059735552
1285624798308114434
1285625263007694848
1285625358314807309
1285625368850968576
1285625387796627458
1285625400366968834
1285625778462494720
1285625941792886785
1285626608108306433
1285626611983843329
1285626664110764032
1285626710218747906
1285627016633614337
1285627161790078978
1285627348675637248
1285627359769567233
1285627402396336129
1285628141143285761
1285628356566941696
1285628369212706816
1285628426938966017
1285628852035817473
1285629323765063682
1285629419923607553
1285629641441652736
1285630089439387649
1285630177918279681
1285630190916427781
1285630308243701767
1285630415752114176
1285630420546134018
1285630451944693763
1285630537638580225
1285630747613822976
1285632108204089344
1285632199673499649
1285632255512260609
1285632258355933189
1285632635813998592
1285632703338094592
1285632926638657539
1285633009857843200
1285633234651553793
1285633243467915264
1285633810042949632
1285633843316359168
1285634065836707840
1285634086762151937
1285634908380069889
1285635165277114369
1285635898131001345
1285636096047669248
1285636323278299139
1285636371009462275
1285636528102940672
1285636599372484609
1285637013950136320
1285637282171703299
1285637384592412672
1285637480587374600
1285637605867094016
1285637609222438912
1285637618684788738
1285637658232971265
1285637665686269952
1285637693376991232
1285637824495132673
1285638131195281409
1285638209897213962
1285638227970461696
1285638985700855808
1285639274222813184
1285639339310034944
1285639529077121025
1285639563684315137
1285639608156528645
1285639696568156162
1285639808442863616
1285640026127294467
1285640972039335936
1285641715458727936
1285641720131211264
1285641721485889539
1285642011282944000
1285642166065405952
1285642528331632645
1285642554252328963
1285642750759710724
1285643071628218368
1285643188020162561
1285643351056887820
1285643397307535360
1285643628677943297
1285643819266998276
1285643843728289792
1285643876276068356
1285644179972984833
1285644299976220675
1285644352895819777
1285644455475916806
1285644658702508034
1285644682199019520
1285645066573189120
1285645067206774785
1285645470849814529
1285645502223179776
1285645536993980419
1285645550717673473
1285645600948617216
1285645817890648069
1285646670345232386
1285646932153643008
1285647342188679168
1285647593754832905
1285647702114611203
1285647723421720579
1285647727246938113
1285647982021488640
1285648133309988872
1285648434914119682
1285648958103199751
1285649170246836230
1285649256230068224
1285649535738564609
1285649760045740032
1285649833047592960
1285649905655087104
1285649958037749761
1285650405842714624
1285650582133497856
1285650636671979531
1285650920001490944
1285651180186730496
1285651228379287553
1285651266790727681
1285651607724740609
1285651612577521669
1285651754063929346
1285651852151971842
1285652117638742017
1285652490474536960
1285652506505367553
1285653094450298884
1285653804063625216
1285653926075871233
1285654182565945347
1285654653930287109
1285654811115913216
1285654819848556545
1285655057623547904
1285655123197337602
1285655245205303297
1285655284904599552
1285655299899129856
1285655480229138439
1285655527356235780
1285655570389839873
1285655913861386248
1285655919595073541
1285656003007123457
1285656222335668224
1285656406226620417
1285656690239602688
1285656756153090050
1285656927826071553
1285657079802404865
1285657603788374024
1285657801109450752
1285657840313565185
1285657930998710275
1285657973851852800
1285658116198141952
1285658303884931078
1285658389020909568
1285658822753816577
1285658884007436289
1285659097187127298
1285659170046447617
1285659334551261186
1285659699971600384
1285659829030334467
1285660156378992645
1285660275903991810
1285660300474306560
1285660410214068227
1285660646554701829
1285660655543037957
1285660700585664513
1285661188089696259
1285661519175393280
1285661554243928064
1285661843877502982
1285661862357544961
1285662396091179008
1285663214089404416
1285663276186120193
1285663299238076416
1285663762528251906
1285664579901693957
1285664651372568579
1285664671907885056
1285664953094082560
1285665023940009985
1285665057376997377
1285665191108186113
1285665356179214338
1285665361237508098
1285665376425172992
1285665472743182338
1285665500119404547
1285665524316348417
1285665742705307663
1285666055071977472
1285666058750361600
1285666112244506626
1285666154586025985
1285666233321426949
1285666618958372866
1285666656702922752
1285666838224003072
1285666938522304512
1285667131485552643
1285667303082864642
1285667337149054978
1285667391645638661
1285667516250038273
1285667615919296514
1285667935353294848
1285668940841181195
1285669402604691457
1285669656100052993
1285669701121703936
1285669714845368321
1285669999751901185
1285670016394956801
1285670323669565440
1285670372311011328
1285670595393458176
1285670820854063114
1285671434233184256
1285671621739663365
1285671777365110790
1285671778799493121
1285671835636555776
1285672255759044608
1285672364215341059
1285672368128634881
1285672624224382976
1285673464586698752
1285673622833713157
1285674519588483074
1285674549518966784
1285674808416641024
1285675748112633856
1285675751866499075
1285676085959692288
1285676139554525186
1285676176363708416
1285676474075353088
1285676527049478145
1285676574998777860
1285676790757949448
1285676860429524992
1285677015425843201
1285677195214585858
1285677313670217728
1285677401461133312
1285677529957896192
1285677534709977088
1285677978261893122
1285677982422577152
1285678184831344642
1285678453707214853
1285678672284966917
1285678912803155974
1285679000162107392
1285679070240440321
1285679074929774597
1285679302579822593
1285679368895975426
1285679396993597443
1285679621116170244
1285679634995204096
1285680131189755905
1285680141901930496
1285680492709322753
1285680653770665984
1285680666752016386
1285681669735960582
1285681706582908930
1285682579480424448
1285682742231994373
1285682757805510661
1285683051658346496
1285683202171056128
1285683505247248387
1285683505960235008
1285683590576078850
1285683787259666432
1285684170405150720
1285684432490442757
1285685049459974145
1285685269753212928
1285685493934555138
1285685510669729793
1285685859229011969
1285685906737893377
1285685925666861061
1285686075302780928
1285686373584904192
1285686463980539907
1285686629009690624
1285686651143036928
1285686823675723779
1285686999337308162
1285687005632962560
1285687006945857537
1285687152802770944
1285687212777115650
1285687224667910146
1285687299536191490
1285687341324161029
1285687370663309313
1285687401730519046
1285687422119030785
1285687546836594688
1285687958289502212
1285687966686380033
1285688393851195394
1285688641667334147
1285688777655156736
1285689069918457861
1285689075358367744
1285689324894400513
1285689342812475399
1285689365398720514
1285689565542592512
1285689703254110214
1285689766227456012
1285689812935221256
1285690156213821440
1285690312460054534
1285690352402337793
1285690805525643270
1285691169096245248
1285691243692003330
1285691915275575296
1285692043201843200
1285692945027543042
1285693573711699975
1285693743753039873
1285693979258957825
1285694417177894919
1285694725350141958
1285694867813867522
1285695114703187969
1285695656175304706
1285695664052109314
1285695929077694466
1285696219155750912
1285696444574437384
1285696458512125960
1285696557896151040
1285696589789634562
1285696724762271744
1285697917618192384
1285698498646675456
1285698642184220674
1285698770710278144
1285698805237719040
1285699132649242625
1285699226832445441
1285699236101853184
1285699439802355713
1285699464410341376
1285699499730653190
1285699619045937156
1285700068633448451
1285700084882124803
1285700213248794624
1285700399354327040
1285700785091817472
1285700916826472449
1285700940843102209
1285701691342454784
1285701816332824577
1285701852072468480
1285701854488403968
1285701859378900994
1285702343837843458
1285702763595345920
1285702802677866499
1285702872689188865
1285702900958846977
1285702933078827008
1285704177499471873
1285704850790023171
1285705205535969287
1285705381533167623
1285705502442364929
1285705577486852096
1285705813294755840
1285705818386698241
1285706454515830784
1285706620614447104
1285706662771331074
1285706953394618368
1285707409856565250
1285707940012462080
1285708132132552705
1285708261531017216
1285708504901259268
1285708535553232896
1285708901233688578
1285709043244335111
1285709161087545344
1285709277295005697
1285709312925589506
1285709460250464256
1285709831152766977
1285710099890266120
1285710556385730560
1285710595963211777
1285711667217801216
1285712090741776384
1285712168164438019
1285712428316188674
1285712685133422593
1285712962108493826
1285713251070881794
1285713257169330177
1285713351864193030
1285713613399916544
1285713792106627074
1285713952559767552
1285714568996585478
1285714816183742465
1285714943455768582
1285715012695273472
1285715077723815937
1285715409514246146
1285715443286773761
1285715891930497024
1285716019030503427
1285716109208018944
1285716124630421504
1285716210680762369
1285716570275225607
1285716573131624448
1285716862131675143
1285717001722363905
1285717093741101056
1285717410658619393
1285717632201764866
1285717812036743168
1285717981822164996
1285718093793304577
1285718485184782336
1285718517837332481
1285718582266134528
1285718582987456513
1285718585101385730
1285718586397466624
1285718689103347713
1285719178570338304
1285719231036891138
1285719516635443203
1285719682314579970
1285719775717597187
1285720054466830341
1285720296805281794
1285720330133176320
1285720371619037192
1285720873819930625
1285721138480517120
1285721156348194816
1285721451807547394
1285721622020788225
1285721816695275521
1285721881233035271
1285722057049858049
1285722130655608834
1285722217536528385
1285722495107162112
1285722600027705344
1285722928005492737
1285722946208751618
1285723020489785344
1285723288598122497
1285723481607409665
1285723530844426240
1285723868666236929
1285724294287417344
1285724669887295496
1285724869246812161
1285725003309371395
1285725626876547073
1285725674683150341
1285726291841384448
1285726494006935555
1285726608070979584
1285726778208800769
1285726822215430150
1285727219688579080
1285727329466146816
1285727500086247424
1285727569455841285
1285728476755107841
1285728626084851712
1285728703310438400
1285729496080027653
1285729525159137281
1285729681174671366
1285729720370376704
1285729897407807488
1285730008544301057
1285730020393201664
1285730300610465793
1285730413244231680
1285730447163629569
1285731020508192775
1285731333273260033
1285731337249456128
1285731550131355650
1285731551578382336
1285731951853404160
1285732022611255296
1285732510144638977
1285732609880981504
1285732683604164609
1285733304809992192
1285733554417262592
1285734134590078978
1285734401977004033
1285734486274187264
1285735182415400961
1285735655675396097
1285735743512608768
1285735893966487555
1285736265451806721
1285737473683980292
1285737557486182400
1285737674150752257
1285737775808024576
1285737889339408384
1285737935594229766
1285738100111618058
1285738155153424385
1285739656768712704
1285740016942100482
1285740136320438274
1285740138425917442
1285740329208029187
1285740591549157376
1285740715121704967
1285741269034192897
1285741753107193856
1285742094284357632
1285742245468090368
1285742321678659584
1285742548930240513
1285742615577669632
1285742622099808258
1285742681898070016
1285742694384332803
1285742752571916289
1285742934793625605
1285743010836295682
1285743250372870145
1285743340084965379
1285743832315895808
1285744006048055298
1285744112684146688
1285744390582009857
1285744527077253120
1285744662502797313
1285744900940726272
1285744935040417792
1285744938345537537
1285745041730932737
1285745138648702976
1285745774786220032
1285745851680411648
1285746165204398080
1285746644554625024
1285746646593138689
1285746648577007616
1285746661394771968
1285746746274930688
1285746880077615104
1285747491636420608
1285747539187322881
1285747647496609792
1285747651640651776
1285747652370497536
1285748235978641409
1285748529185472512
1285748535246249984
1285748611494576130
1285749186269310976
1285749288564330496
1285750081233321987
1285750486856077316
1285750869984792577
1285751145424654337
1285751687798558720
1285752053524869120
1285752215131611137
1285752379837542400
1285753075286913024
1285753528586313728
1285753605446926336
1285753898163216385
1285754076957782017
1285754128015081472
1285754342767812608
1285754597202702338
1285755094496161793
1285755534709325825
1285755567471046656
1285755591688884224
1285756400832876544
1285756573269336068
1285756608853807106
1285756950672793601
1285757189513113602
1285757594108170240
1285757978499518467
1285758405483859970
1285758750607851521
1285759313865314304
1285759616358461446
1285759976414367746
1285760486336794625
1285760558751350786
1285760585842536448
1285760722295808003
1285760967280939009
1285761042543284226
1285761217844383745
1285761324337836037
1285761581087940608
1285761757743443968
1285761757907050496
1285761923959726080
1285762095909404673
1285762375719759875
1285762402286473218
1285762433416597504
1285762744772427776
1285763202207428609
1285763231655636992
1285763392574238720
1285763591992270848
1285763637081038851
1285763638209310721
1285763796502364160
1285763930942517248
1285764186841255936
1285765309337567237
1285765862054662144
1285766076823859202
1285766168326795264
1285766365119479814
1285767242811150341
1285767695032434688
1285767770517516290
1285767908841357321
1285767975182753792
1285768088827428865
1285768462955171840
1285768603757875200
1285768847623159808
1285769003504459776
1285769013059104769
1285769167719870465
1285769497048043520
1285769570997993472
1285769623657316352
1285769626194972672
1285770026679775232
1285770299879948288
1285770465513021445
1285770473087868929
1285771084613267456
1285771475073433603
1285772383832338432
1285772420457140224
1285773114337624064
1285773341576638465
1285773467925839873
1285773486061953024
1285773763351662594
1285774224318066689
1285774586848714765
1285774596994674689
1285775065058021376
1285775188181778434
1285775613811359749
1285775822826110978
1285775983765856257
1285776021313200129
1285776306630569984
1285776404521590784
1285776422058053632
1285776724387434496
1285777188483104768
1285777299246374915
1285777323808174085
1285777440439238656
1285777681255149577
1285777710049001472
1285777979130470400
1285778436846424069
1285778532115853314
1285778612814315522
1285779091900239879
1285779399791476736
1285779429101314049
1285779896334266368
1285779953951354885
1285780600310423553
1285781274637078528
1285781481575583744
1285782496005718016
1285782706773786624
1285782760779472897
1285782909849395200
1285782957706313728
1285783126137024512
1285783220680683520
1285783766108012545
1285783852162486273
1285783869296381954
1285785212023119874
1285785321070899206
1285786335471493120
1285786632801513473
1285787146587000832
1285787322827436034
1285787843604942850
1285788195863646208
1285788365439328259
1285788526936641537
1285788809435779072
1285788949630398464
1285789040470564865
1285789444243623936
1285789550355165185
1285789557510647808
1285790037250945024
1285790435529625603
1285790470472454144
1285790748550541312
1285791326026428417
1285791824666333184
1285791852671766528
1285792422316793856
1285792756267462657
