1287605743957377024
1287606023486754816
1287606025567125504
1287606368275324935
1287606469320413184
1287606848154152961
1287606911936786437
1287606973480001536
1287607287117426689
1287607994994307074
1287608264725868544
1287608932484161537
1287608985479196673
1287609092962385920
1287609624145702913
1287609698271678464
1287609725446770688
1287610301177716736
1287610813121990656
1287611230585315328
1287611494746787841
1287611676272066560
1287611838155366400
1287611838923001856
1287611896464576513
1287612104095281152
1287612205953945601
1287612462360080384
1287612975004647424
1287613250763456512
1287613470796591106
1287613491260600321
1287613519677009920
1287613764918009856
1287613993281105922
1287614002412113922
1287614675056766976
1287615121976631296
1287615735087403009
1287615885214089216
1287616080542916610
1287616292812394496
1287616856375861248
1287617453938429952
1287618532348436480
1287619024323477505
1287619278141874177
1287619346676801537
1287620170144526336
1287620220270579712
1287620798279286784
1287620865778057216
1287620871201288192
1287620979527753731
1287622225689018368
1287623122959708161
1287624012634480640
1287624513321082880
1287625827199328256
1287626610003320832
1287626778861764608
1287627336402296832
1287627530380378113
1287628428670316545
1287628949791670280
1287629437127852033
1287629677297770497
1287629684998574080
1287629763071414278
1287629814095130624
1287630496202203136
1287630956346646528
1287631271087058944
1287631457007984640
1287631903848267776
1287632451804827648
1287632900989624320
1287633134985465857
1287633386073477120
1287634827085316097
1287635660631875590
1287635910297825281
1287635948315054082
1287635969366089728
1287636588663644160
1287636877575675905
1287636978448703488
1287637834610946048
1287638330121707520
1287638411461799937
1287638528063488000
1287638597563228160
1287638930171494400
1287639066704580609
1287639084249358336
1287639118827130880
1287640301478334465
1287640374077521920
1287640567216709642
1287641986518982656
1287641990696509440
1287642280350842881
1287642389604163585
1287643524268265474
1287643539589996545
1287643557486931969
1287643560381210626
1287643570627735553
1287643712772874241
1287643786785374208
1287644363489763328
1287644540061581315
1287644669489188864
1287644698811736066
1287644841656987648
1287645008691113985
1287646437636034560
1287646477355974657
1287646853673213953
1287647050033778690
1287647053221371904
1287647556160442368
1287648719769280512
1287649266069053440
1287649667187179523
1287649750360236032
1287650327827828736
1287650712978165760
1287650944390270977
1287650962513858560
1287651548433207298
1287651555483758593
1287651736166047745
1287652523537465344
1287654341017513984
1287654830542950401
1287654986445475840
1287655587107438592
1287655651850752001
1287655879223816194
1287655962044698624
1287656000938545153
1287656547611418624
1287656608558915584
1287656743078682624
1287656795130011648
1287656797092884480
1287656881264173056
1287657770964209665
1287658023897497601
1287658053840465921
1287658494292877312
1287658856051617792
1287659070317617152
1287659334265196545
1287659645843017729
1287659805591474177
1287659874713653248
1287660238783623168
1287660276519665664
1287660388629110784
1287660514118639616
1287660818306420736
1287661442674589696
1287661763492642817
1287661987925762049
1287662268310622208
1287662314754277376
1287663060568674305
1287664296353099778
1287664641557041154
1287664916875415553
1287665208865980416
1287665872404963328
1287665915593494530
1287665917392871424
1287665918349205504
1287666013895626753
1287666927993856000
1287667236841414656
1287667316566585347
1287667649548300290
1287668062049705985
1287668445908291584
1287668603207200769
1287669449995165696
1287669683081158656
1287669771828428801
1287670232132222976
1287670285676748800
1287670443978022912
1287670571510071298
1287670647691317248
1287670653651386368
1287670665894486016
1287670749629763584
1287670824976162817
1287670869037375488
1287671581221752832
1287671645470175232
1287671940770144256
1287672605798019072
1287672907355881473
1287672959277113344
1287673016202268677
1287673083088777217
1287674591758839809
1287674969925668865
1287674971624374272
1287675673277071360
1287675806093848576
1287675895939989506
1287676060029444097
1287676666060443648
1287676674402811905
1287676734427471877
1287677121012342785
1287677495022481408
1287677517109788677
1287677635309568000
1287677935957270528
1287678166954319872
1287678718224326662
1287679382144741378
1287679784290529280
1287680117410594821
1287680655560761347
1287681015268294656
1287681016379801600
1287681023917142016
1287681168503123968
1287681201722085376
1287681437857087488
1287681588575244288
1287681591234486272
1287682422059028481
1287683299264126976
1287683374337765377
1287683887989166081
1287683904825106432
1287684443923251200
1287684630922104838
1287684814632628225
1287685004684857344
1287685101988597760
1287685584895582208
1287685971006427136
1287685980879835136
1287686713079476225
1287686846093258752
1287687050465075205
1287687097353220097
1287687162381717504
1287687417764417537
1287687461578199040
1287687689408516098
1287688590823022592
1287689279305547777
1287689784710832128
1287689809838964737
1287690211594575872
1287690427320225792
1287690980620042242
1287691083141455872
1287691223894032385
1287691524222984194
1287692059487469573
1287692227406438402
1287692297728073728
1287692386118688775
1287692595255156739
1287692690239434752
1287693063909814272
1287694202256621568
1287694243159564293
1287695184961077248
1287695410874720257
1287695835740995589
1287696188041560066
1287697340757880833
1287697934247763969
1287698139256893440
1287698284140793858
1287698510452752385
1287698764057239553
1287698891685670912
1287699125388148736
1287699301213372416
1287699511473651712
1287699814377979905
1287699920070144001
1287700211494772737
1287700450515587073
1287700633928241152
1287700645345026048
1287700661690339329
1287701017488957440
1287701122564665344
1287701274952163328
1287701473456001024
1287701835374039041
1287701874775384065
1287701883742826498
1287701970543763456
1287702407879766017
1287702893093683200
1287702924974587905
1287703165735845888
1287703507747909632
1287703990285803520
1287703996883521536
1287704596312449025
1287704636967849984
1287705159221620736
1287705179232464897
1287705180423614464
1287705489615224835
1287705886434222080
1287706032295350275
1287706706949152768
1287706981252423681
1287707009706491904
1287707764169596928
1287708157607895046
1287708341251248128
1287708563448758273
1287708774317391874
1287709104794992642
1287709288950108161
1287709677262864384
1287709755025367042
1287710057816363008
1287710241002524674
1287710961663582210
1287710962795986946
1287711969806606337
1287712151646474241
1287712178439622656
1287712454600949760
1287712596565667841
1287713137769185281
1287713231163645953
1287713521438949377
1287713597716672512
1287713772942090241
1287713964290379779
1287714360488534017
1287714624096407553
1287714697328852994
1287714749753339910
1287714761107529730
1287715503319011329
1287715689189564425
1287715882651856897
1287715939946029059
1287716179851841536
1287716326686023680
1287716619809161219
1287717427527262208
1287718280250167297
1287718326857347072
1287718419450781696
1287718845822709766
1287719112983089158
1287719234206916608
1287719417674072070
1287719477254266881
1287719579238703105
1287719776119398401
1287719792854482944
1287719806955749378
1287719827856121857
1287720037437116417
1287720260410306562
1287720274486583296
1287720537716817921
1287720773818474496
1287720829950799879
1287721000117788672
1287721136575389696
1287721429761433600
1287721431648948227
1287721432584159233
1287721433557282816
1287721681696559105
1287721794695299073
1287721911682658304
1287721971518771205
1287722023335211008
1287722164473303041
1287723138160238597
1287723220355997697
1287723438560485376
1287723440426950656
1287723441328656384
1287723442251476994
1287724347604570115
1287724350406381568
1287724351442362369
1287724440877445125
1287724919812497413
1287725345786007552
1287725523402203138
1287725662053203968
1287725812024655872
1287726054598160385
1287726653930704896
1287726878409871361
1287727063676461062
1287727116646195202
1287728374236971009
1287728544387194881
1287728572761886720
1287728589144817668
1287728730463444994
1287729058835566592
1287729175000952833
1287729203690053634
1287729299210919943
1287729393910112256
1287729725667004417
1287730090672099328
1287730643984580608
1287731043546599424
1287731883950796800
1287731957502115840
1287732218111156224
1287732844773744642
1287733130590380032
1287733218008084480
1287733380315054082
1287733451446247424
1287733645696999424
1287734717375275014
1287734759104434182
1287734813269676033
1287734889878519809
1287734892231630849
1287735174055301121
1287735353936424962
1287735637165125645
1287735772674764801
1287735887879643137
1287736031882682369
1287736034516664320
1287736057954476033
1287737017703510016
1287737338454515715
1287737342632103939
1287737345534578689
1287737346524434437
1287737355873394691
1287737400018505730
1287737744077316097
1287737858329939969
1287738020196691968
1287738025489903619
1287738045253464064
1287738197104107520
1287738215483338752
1287738713028669442
1287738953521561600
1287739209407762432
1287739232144904196
1287739408599461889
1287739799256928256
1287740204288299008
1287740454327418881
1287741040208691201
1287741045866807301
1287741242990829568
1287741293532254215
1287741695551995904
1287741879178600448
1287742575164743682
1287742642420416514
1287742682291408898
1287742703187501056
1287743014044160001
1287743301169238016
1287743351102611458
1287743507558367233
1287743884815224835
1287744198641426432
1287744342250094599
1287745135036510208
1287745153348902912
1287745290787840000
1287745365781835776
1287745691977048064
1287745964246278145
1287746113185824770
1287746363413934085
1287746564245655560
1287746950754791426
1287747131818811392
1287747513315975169
1287748113025949697
1287748829333389314
1287748883800621056
1287748963773210625
1287749294431313920
1287749480989614080
1287749606454046720
1287750210341556225
1287750351769067520
1287750444610023425
1287750617579114497
1287750671333285891
1287750923662569474
1287751225442619392
1287751427658571778
1287751598211555328
1287751720337104897
1287751975531155458
1287752030736519169
1287752235712045057
1287752239080042496
1287752625262415872
1287752704748527618
1287752899053801474
1287753188523696130
1287753200045625345
1287753356413460485
1287753447194927104
1287753650060824576
1287753902830637057
1287754218544209920
1287754753724657666
1287755536834985986
1287755554463481858
1287755562831290369
1287755708696600576
1287755835381342210
1287755898035662851
1287755901051445248
1287755961134874635
1287755971977191429
1287756283102232585
1287756699969949696
1287756768844472320
1287757005587849216
1287757093705981952
1287757437185871872
1287757563229089797
1287757742883643392
1287757839075807232
1287758174263693314
1287758284552835072
1287758480695332867
1287758556960305153
1287758649889357826
1287758803501551618
1287758854361681926
1287759685781729282
1287760096294916097
1287760482095562753
1287760613297606660
1287760943854780418
1287760968366411784
1287761051841265664
1287761295505121281
1287761655644991499
1287762288649424896
1287762927181684739
1287763198419054592
1287764593096511489
1287764705931452416
1287764746373140481
1287764768275619841
1287764833945948160
1287765161529544705
1287765222111903745
1287765230592962562
1287765322087333890
1287765456963506176
1287765850779508736
1287766082267291660
1287766710460661761
1287767338880602112
1287767363870502913
1287767818595962882
1287767850250317824
1287768279759626241
1287768471770554380
1287768534022369280
1287768885840707587
1287768899757518851
1287768907093143552
1287769468932947970
1287769528093507584
1287769691369418754
1287769886056316929
1287769940704010240
1287770077476118528
1287770108325175298
1287770272259612673
1287770288428646406
1287770456515317760
1287770509522894848
1287770527206178816
1287771076173402113
1287771260739608576
1287771409041719296
1287771496711098368
1287771663405178880
1287771786164285440
1287772197285703680
1287772438869078019
1287772621275373570
1287772780172382214
1287772783032795136
1287772910061596675
1287773275003789314
1287773697336578048
1287773719490953219
1287774594598723584
1287775173723033600
1287775756295319552
1287775825559986180
1287776364679004165
1287776641511501825
1287777040914157568
1287777316513492995
1287777677588520960
1287778216371990531
1287778285536137218
1287778315198029824
1287779041152557057
1287779170374868992
1287779523388416001
1287779609006747649
1287780168870670337
1287781529415045121
1287781535949524997
1287781599782801408
1287781605197713418
1287782178584064000
1287782186893160451
1287782308108541954
1287783446438346752
1287784200980926476
1287784547652960258
1287784661863677952
1287784670663344129
1287784782412288003
1287785102114775040
1287785147358744577
1287785300576686080
1287785702826971144
1287786256081072134
1287786550097596422
1287786607718932481
1287786838443167744
1287787032618639363
1287787154228350979
1287787353524838402
1287788122013458438
1287788314989297664
1287788647077511168
1287788688446021632
1287789037181218820
1287789170107150336
1287789303939162113
1287790118204448769
1287791074849648641
1287791277057212416
1287791300604055552
1287791518426836992
1287791573980385282
1287791616359403521
1287791741848887296
1287791818545954827
1287792010582261762
1287792387171979264
1287792401055207425
1287792426774601728
1287792671856238592
1287792942116200449
1287793080125579265
1287793135167385600
1287793152125018112
1287793316503998468
1287793819057102861
1287793982416838656
1287793998694961152
1287794161547124737
1287794522924167168
1287794551147696128
1287795881111162882
1287796368833118208
1287796637667131395
1287796773684154370
1287796987560157186
1287797341253246976
1287797497990205450
1287797927469957120
1287798029890789384
1287798721716129794
1287798918160556033
1287799036783677441
1287799195529773057
1287799216451072000
1287799309652631554
1287799334688501761
1287799899657048069
1287800033279082509
1287800167555629056
1287800189944700929
1287800205069422593
1287800357796679680
1287800582477144065
1287800935071150080
1287800939613573120
1287801074301186050
1287801309098254336
1287801375871516672
1287801398478819329
1287801472281976832
1287801618268925952
1287801723432706048
1287801820228788227
1287801828885835784
1287801912037974017
1287802542626349064
1287803241556836354
1287803243297480705
1287803342165434369
1287803579735171073
1287803696135507970
1287803799382482944
1287804051221028865
1287804437529088000
1287804699794604033
1287804815695843329
1287804837405446145
1287804940593909761
1287804941889921024
1287804946637783041
1287805097787953152
1287805201374679042
1287805229816328192
1287805378152079365
1287805742427381762
1287805837759655937
1287805847838453760
1287805960195649538
1287806409925681154
1287806629711425536
1287806916606021634
1287807508611039239
1287807593432449026
1287807651066318854
1287808337522970625
1287808641664516097
1287809008636768256
1287809109916446722
1287809113829736448
1287809117889785857
1287809125661806594
1287809193966174217
1287809195488747520
1287809374120038400
1287809626998812672
1287809777733697536
1287809830942584832
1287810025067601922
1287810154990202880
1287810218643075074
1287810243481673728
1287810247197888512
1287810490853466117
1287810801902985219
1287810980861419523
1287811189901328385
1287811189888749569
1287811371048923138
1287811504960462848
1287811765598814211
1287812281330532352
1287812343347453956
1287812381675065344
1287812522016485377
1287812880184705024
1287812922488455168
1287814172793692161
1287814260286840832
1287814998757081092
1287815081603084289
1287815154684645382
1287815501754830849
1287815640774897665
1287815822119972870
1287815904026222592
1287815904357576705
1287815905209020417
1287815984003395585
1287816030014889984
1287816052764741633
1287816056950722561
1287816232729796609
1287816358206623750
1287817608369233925
1287817717492449281
1287817813231570946
1287818024213348352
1287818045835169799
1287818467324964866
1287818472769179649
1287818949204344846
1287819051377537031
1287819525824679938
1287819657081102336
1287819663318102017
1287819733971148800
1287819872026714114
1287819895590260739
1287819985692372992
1287820151480557570
1287820477939871744
1287820547271909376
1287820657296904195
1287820762984984584
1287821017939935232
1287821950702641152
1287822542372315139
1287822732747575301
1287822869356056576
1287823884545392640
1287823887749787649
1287823915570663426
1287824111117500416
1287824213936488449
1287824680347459584
1287824964591247361
1287825163862630401
1287825197584850945
1287825255801618432
1287826097636282368
1287826177814667272
1287826528286445571
1287826596984913920
1287826729583570944
1287827200499163137
1287827398105468930
1287827665630593024
1287827964378468352
1287828521704923139
1287829490970824706
1287829875642920962
1287830044195328001
1287830166966804486
1287830249044979712
1287830513269583881
1287830570018447360
1287830754530144258
1287830756459524096
1287830834536419332
1287831024869621760
1287831357788508177
1287831445759614977
1287832183957225473
1287832502376300544
1287833057270083587
1287834021632843780
1287834486806319105
1287834988784824320
1287836239601831936
1287836318429581318
1287836848342147072
1287837273074085891
1287837355689127936
1287837392641110021
1287837417848713216
1287837904832737282
1287838092540489728
1287838136303845381
1287838197628583936
1287838251835895808
1287839117682909185
1287839312617377793
1287839590322184194
1287839645896773635
1287839938067628032
1287840114920632320
1287840170788741120
1287840770284756993
1287840948940992512
1287841352386932736
1287841644675563521
1287841993784270852
1287842527173902336
1287842538401955843
1287842539341590535
1287842701744967680
1287842962592993286
1287844103049211904
1287844762658144258
1287844825031675912
1287845606141112321
1287845802556170241
1287845859812507648
1287845860064206849
1287845860923961345
1287845862492655617
1287846683406225409
1287846843762778119
1287846938256084992
1287846959382966280
1287847173112180737
1287848105271009281
1287848547296018433
1287849182556901377
1287849280942809088
1287849376216420352
1287849524015312896
1287849943475118086
1287850213638582284
1287850542111350785
1287850605051023363
1287850818650210313
1287851078160023552
1287851624963231744
1287851803925594113
1287851843444453376
1287851867905708032
1287852181606084609
1287852329568546824
1287852442651168770
1287852829852479489
1287852903600779265
1287853427847049216
1287853461829300231
1287853585896820737
1287853624547188737
1287853763315654656
1287853919847276544
1287853988654833664
1287854115805175809
1287854652395008001
1287854726491639809
1287855156638420992
1287855618213240833
1287855986158575616
1287856166626893824
1287856465269657602
1287856702252101632
1287856730295205890
1287856753963446272
1287856788839313411
1287856849212121089
1287857210727567361
1287857996186423296
1287858241939148800
1287858564976054272
1287858852382281730
1287859137209139205
1287859351902810112
1287859601778638850
1287859924979060736
1287860009934651395
1287860112917434371
1287860843376447493
1287861404574326786
1287861462505893888
1287861623789690880
1287861672548409345
1287861855231389702
1287862252327112705
1287862701788733444
1287862895389233153
1287863344251015168
1287863594537717760
1287863685868736512
1287863698577436672
1287864220944494594
1287864539170525186
1287864545969451008
1287864587988037633
1287864605675360256
1287864694930149381
1287864979282989056
1287865414509191168
1287865713110052864
1287866233375698944
1287866333569327106
1287866991676596225
1287868299364065280
1287868363377524737
1287868443711033344
1287868603274993664
1287868945127497729
1287869249021571074
1287869453942702081
1287869511903789056
1287869544946532353
1287869999688716290
1287870230962700290
1287870779825123328
1287871060122013697
1287871159791484929
1287871509000667137
1287871520933441537
1287871522128793600
1287872003144159234
1287872003777552386
1287872582411198464
1287872600287264769
1287872658168664064
1287872858765443073
1287873556395642881
1287873580538052608
1287873958193201156
1287873972390961152
1287874249663815687
1287874450038218752
1287874751659089922
1287874900107997184
1287875551336607744
1287875556076183553
1287875556873138183
1287875616235126785
1287875875946430464
1287876008905859072
1287876208105885697
1287876454932340736
1287877004277084160
1287877830567579648
1287878166107664387
1287878246814502913
1287878484488892416
1287879122992021504
1287879575419023361
1287879577792991232
1287879578912878592
1287879653730816000
1287879919498747904
1287880123560017920
1287880141415170049
1287881281645056001
1287881598386364416
1287881702136614912
1287881734713782272
1287882151443066881
1287882201434951680
1287883251093102593
1287883496543776768
1287884340014112770
1287884566607196160
1287884617035452419
1287884733200740352
1287885202979774465
1287885363382571009
1287885820310048771
1287886273101799425
1287886507399876608
1287886975559708672
1287887027359191040
1287887691699240960
1287887917092872192
1287887930644746240
1287888553817636865
1287888705710166023
1287888906265022464
1287889410579734529
1287889834623799296
1287890164803612676
1287890202803961859
1287890521176727552
1287890525173866496
1287890525530370049
1287890848722624512
1287891277325860864
1287891322389635073
1287891456347209736
1287891498995003392
1287891563826348032
1287892622053445632
1287893782525030400
1287893985881657344
1287894091515207681
1287894094660931586
1287894362899255296
1287894553886961671
1287894678348554240
1287894939184123904
1287895056456855552
1287895098047582208
1287895939982610432
1287897077704544256
1287897305228759040
1287897339068391426
1287897677011836929
1287897794204913666
1287897879932293121
1287897921040588800
1287897949956124673
1287899899544178688
1287900060823498752
1287900097154617347
1287900541071183873
1287900807778754560
1287901155461390338
1287902044456722433
1287902051234717696
1287902219325583360
1287902300363583488
1287902385050968064
1287902443645407234
1287902655893970946
1287903989225455616
1287904413848346624
1287904444114509828
1287904489681412096
1287904616152211457
1287904778295500800
1287905366613929985
1287905496238678016
1287905498524655617
1287906293571870721
1287906996855828480
1287907237424324610
1287908061865279488
1287908120426094592
1287908410596286464
1287908842953744385
1287909376255307781
1287909376750125056
1287909611450892288
1287910152473985024
1287910167762407424
1287910202415742981
1287910890831073280
1287911911577866240
1287912274989113345
1287912683807870976
1287913401239314432
1287914454722772992
1287914676324532230
1287915315683180544
1287915747532972032
1287916043189485568
1287916163201216513
1287916557268668419
1287917244656357377
1287918070153900032
1287918393262256133
1287918700281167877
1287918879860301825
1287919802879746048
1287920344712359936
1287920674183544835
1287920767913598977
1287921023736840192
1287922051152519168
1287922238260420611
1287923253613416449
1287923717235003399
1287923719499927554
1287924525435322368
1287924953019486208
1287925066102079490
1287925340111765507
1287925431006527488
1287925498312441856
1287925595763073025
1287925646107303936
1287925761186430981
1287925958914256900
1287925984419876864
1287926290473873415
1287926558838132741
1287927183604879365
1287927185685319681
1287927585863872514
1287927754055454723
1287928237251858432
1287928337864593408
1287928978708279297
1287929663189393410
1287929807137697794
1287930371225591808
1287930434043744257
1287930657327288320
1287930900538249217
1287931628598300674
1287932561281474561
1287932850839461891
1287932904299995136
1287933123976732672
1287933427992289280
1287933671975145473
1287934353058734083
1287934372931411973
1287935351969976322
1287935444349378561
1287935682447646722
1287935989340614656
1287936290554511362
1287937754035257345
1287937878836654081
1287938049712611328
1287938127722696704
1287938462583156737
1287938856906629126
1287939375976738816
1287939512274833409
1287939885194715136
1287939968413978624
1287940942423441408
1287941105502298114
1287941272490119168
1287941962935525377
1287943647057436672
1287943664170196993
1287943671539613696
1287944121487781888
1287944669637246976
1287945624114147328
1287946011546013696
1287946723478982656
1287946754172821504
1287946956325740545
1287947326854766594
1287947378948022274
1287947832662646785
1287948031397175297
1287948362449326090
1287948763563266049
1287949539169558528
1287949632908275712
1287949850391314432
1287951084258881536
1287951432495374337
1287952002706702341
1287954296521150464
1287954496648286209
1287954534963113984
1287954620741038080
1287954699094810625
1287955232522084355
1287955465708732417
1287955798770044928
1287956245710766081
1287956758145597440
1287956884343762944
1287956983673491456
1287958889506324480
1287959124823560197
1287959393657483264
1287959850194997248
1287960991410663424
1287961388347002880
1287961797702688769
1287961985011847170
1287962243368235009
1287962673771155456
1287963016168976384
1287963867834978311
1287964137956540417
1287964653470060544
1287966120356589568
