1281809493681229825
1281810057076846592
1281810208520409090
1281810810050936834
1281811337081958401
1281812120368283648
1281812199468601344
1281813352038236165
1281813468870475778
1281813704552493056
1281813855774093313
1281814028910829568
1281814118996029440
1281814332762763269
1281814486584709120
1281814762351767552
1281814890257276928
1281815309297479681
1281815315647782913
1281815837138182145
1281816286712999938
1281816349564698624
1281816518704209920
1281817068556386304
1281817399310913536
1281817605712617472
1281817871220379648
1281817889570541570
1281818110799106048
1281818180961423361
1281818627965059075
1281818868646912010
1281819224269299712
1281819568118403073
1281819715950845957
1281820058273091585
1281820443582836737
1281820799884828673
1281821230367113216
1281821636203872256
1281821926000918528
1281822174379114496
1281822245283868673
1281822362401480706
1281822394286403585
1281822436565094401
1281822503371829250
1281822643956719616
1281822722331414528
1281822751330893824
1281822808386023424
1281822823372263424
1281823138955706370
1281823232878940160
1281823280916312065
1281823423736344576
1281823710048026624
1281824428083392513
1281824894087581696
1281824933941858305
1281825239975034880
1281825271268638720
1281825622894010368
1281825875713945601
1281826202110623749
1281827398904942592
1281827443951562755
1281827539405742080
1281827783996579840
1281827864392990720
1281828338181517312
1281828414324912128
1281828981625561088
1281829190522855424
1281829477463580672
1281829659198590976
1281831234583371776
1281831970071293953
1281831975008051201
1281833678549786625
1281834769798627328
1281834970705788934
1281835385484709888
1281836026865098754
1281836032112173056
1281837335974498304
1281837456292302849
1281837522436468736
1281837861659189248
1281839001859772417
1281839112320950272
1281839175067631616
1281840484055257095
1281840781846892545
1281841267803127808
1281841831664324608
1281842105925730305
1281842432485842944
1281842580595134464
1281843079998173185
1281843130258665472
1281843147274936320
1281843174206472194
1281843198902624258
1281844289337786368
1281844581018079232
1281844744096751616
1281845153771159553
1281845620202971136
1281846067932344320
1281846086907449344
1281846178037063680
1281846926254592000
1281847829267267586
1281847831523778560
1281847832693989377
1281848074403483648
1281848119773274112
1281848298123358209
1281848433599381508
1281849189224329216
1281849238528434176
1281849397450616832
1281849425602785281
1281849510872973313
1281849671107907584
1281849719593943041
1281849721519104000
1281849806105845760
1281849811919151105
1281849983428419585
1281850264463593473
1281850517656928257
1281850844107898881
1281851050748776448
1281851676450869248
1281851704477192192
1281852151187177472
1281855180108107776
1281855523583930368
1281856015051493376
1281856062069628928
1281856104478248960
1281856488148017152
1281856534369177600
1281856647875497984
1281856916289916928
1281857545708220418
1281857919651401728
1281857954031890437
1281857995652182016
1281858717617618945
1281858761938829312
1281858790187565061
1281858847477465088
1281858910593462272
1281859048342802434
1281859654574911488
1281859848620187649
1281860154288308225
1281860303890919426
1281860382798123010
1281861150838272001
1281861420062175232
1281861460495347713
1281861632025649154
1281862498635911168
1281863178083684353
1281863180138897409
1281863181279744000
1281863567713722369
1281864878639034368
1281864883680624640
1281864990484500481
1281865082742255616
1281865562356944896
1281865613057708037
1281866086003036162
1281866183969579008
1281866249211912192
1281867384530309122
1281867757789872128
1281867881614127104
1281869168560738305
1281869172322889728
1281869697949085699
1281870322489266176
1281870504014512129
1281870671547695104
1281870686537912321
1281870872660320256
1281871155830362115
1281871651085398023
1281871731708309509
1281871799937097731
1281872307896692740
1281872326779449345
1281872613258731520
1281872616819535872
1281872677570060288
1281872684205461505
1281873834329563136
1281874330582908931
1281874339390881792
1281874408080936960
1281874523214798848
1281874568853032960
1281875232194781184
1281875556922019845
1281875665080508416
1281876608496873472
1281876765170962433
1281876853729439744
1281877464726347776
1281878351834054656
1281878405709848582
1281878406766850050
1281878428434804736
1281878470436499456
1281879451517816832
1281879664303108096
1281879911163207681
1281881298487742464
1281881928975749126
1281882050262208513
1281882071045038081
1281882428982931456
1281882912103727107
1281883484282388485
1281883817314144258
1281884025699946497
1281885157264326656
1281885978936971264
1281886614717792261
1281886855521341440
1281886868183879681
1281887003072704512
1281887411002318848
1281887519626473472
1281887795775262721
1281888421364064257
1281888439730929665
1281888483687235589
1281888581477376001
1281888598288027653
1281888634187194368
1281888661651554305
1281889482732646402
1281889774190690305
1281890192316563457
1281890727081816064
1281891043089231872
1281891209783521280
1281891282894413825
1281892131125198848
1281892834983981058
1281892861026488321
1281893380767617024
1281893381757493249
1281893433217449986
1281894114313695232
1281895197622841344
1281895205109673993
1281895240551542784
1281895368339394565
1281895508810719233
1281895539521585152
1281895548677693440
1281895565933137921
1281896196957777926
1281896739197386753
1281897627324428289
1281898976959246340
1281899262868062208
1281899270245777408
1281899671267549191
1281899738577735681
1281900204153868295
1281900295916851203
1281900839594979328
1281900938525982723
1281901093224476674
1281901212347117568
1281901447211360258
1281901548453298176
1281901994790326272
1281902270658093056
1281902395279192066
1281903023875330048
1281903151356968960
1281903312690909186
1281903498657959937
1281903672662736902
1281903721048354816
1281903848903278592
1281903903232143360
1281904165367799808
1281904444486168577
1281904663969902593
1281905399558537216
1281905932738473984
1281906007094915072
1281906066687754240
1281906227849592832
1281906683422236673
1281906700354650114
1281906749054881794
1281906815668649984
1281906844546416641
1281906927501406208
1281906982073577473
1281907028634611712
1281907189955702786
1281907991789240321
1281908348611264512
1281908329359593474
1281908802556764163
1281908814535516162
1281909323053043712
1281909359765712896
1281909393169231874
1281909449943216136
1281909470239522818
1281909494033899521
1281909717216919552
1281909999518851072
1281910123762343936
1281910364746047488
1281911312717697026
1281911803182821376
1281911866030161929
1281911910703800320
1281912000394731520
1281912036415299586
1281912380595867648
1281912673593106432
1281912872197599240
1281913050317180929
1281913132303233025
1281913198556446721
1281913975664508928
1281914100495331329
1281914411129552897
1281915145959153665
1281915287466639361
1281915347222753280
1281915348690833408
1281915694817390595
1281915696113422336
1281915890406219777
1281915903500681218
1281916080106147843
1281916138004389888
1281916225317150721
1281917158759391232
1281917446153175044
1281917625875025921
1281917830741598208
1281917906146795522
1281918066100756480
1281918186674364416
1281918286007918592
1281918416157278208
1281918870698196994
1281918882433789952
1281919376615018504
1281919530143547394
1281919771337003009
1281920431423971328
1281920490475524096
1281920606443839490
1281920612450160640
1281921045881065474
1281921096900661248
1281921192300085253
1281921344486006784
1281921740151676930
1281921802017611777
1281921895311396866
1281921938965880833
1281922319229825026
1281922376322682887
1281922543608373249
1281923160003182599
1281923272582496263
1281923282200137729
1281923302005579778
1281923326642843650
1281923332481273858
1281923427809611778
1281923575419723779
1281923624459476993
1281924038881837061
1281924103201525761
1281924300614795265
1281924350539714561
1281925005551513609
1281925244467449856
1281925762224984064
1281925778209267712
1281926221446541312
1281926332377632768
1281926494240022532
1281926908415037440
1281926967282065410
1281927049096110081
1281927212262993922
1281927242642272256
1281927554870513666
1281927684826816514
1281927776724037634
1281927953207758848
1281928150989991936
1281928204618543104
1281928404196106242
1281928558903001093
1281928871630245889
1281928958892806145
1281929634213507075
1281929958789648385
1281930149563260933
1281930218329059335
1281930281491079169
1281930711461756928
1281930751097876481
1281930919046152192
1281930929611722753
1281930989531430912
1281931381430382592
1281931397578383360
1281931416305987584
1281931446844682240
1281931544580390912
1281931585722482690
1281931808372781056
1281931809995911168
1281931893601185792
1281932164456562692
1281932269322530817
1281932380102627334
1281932489976676354
1281932628371873801
1281932680339369984
1281932746349318150
1281932867287814144
1281932953979957257
1281933049333243906
1281933058082516993
1281933357719453700
1281933438853971969
1281933540859543553
1281933739342172161
1281933868917039104
1281934205325324295
1281934442379071488
1281934497332813824
1281934803470876673
1281934838279426048
1281934988959768578
1281935199266320386
1281935233286365184
1281935500434182144
1281935567450562560
1281936605482188801
1281936779667558400
1281937086908706816
1281937334481506304
1281937362545709056
1281937406112006146
1281937780373958657
1281938356436447232
1281938450338459650
1281938839427330049
1281938914920603648
1281939381805178880
1281939573904486400
1281939689063276544
1281939718951837698
1281939734181416965
1281940215356108801
1281940273526902787
1281940547750580225
1281940817725333512
1281941060709765120
1281941514667601920
1281942516967907328
1281942833038073856
1281943121060921344
1281943163536658433
1281943781428822018
1281944279053729793
1281944409752379398
1281944760903770112
1281944806151778304
1281944987136143362
1281945256712450048
1281945344771842049
1281945470114435074
1281945976668712960
1281946272639979521
1281946448314224640
1281946628484669440
1281946708541272069
1281947197156855810
1281947488929419264
1281947798372589569
1281948788479995904
1281948798885953536
1281948804363825152
1281948900853784577
1281949348025311233
1281949465713299457
1281949568087789568
1281949683611574272
1281949960708263936
1281950121731784704
1281950231245070341
1281950614377897984
1281950965424414722
1281951012245381120
1281951032176590849
1281951051512311815
1281951374071209985
1281951391376986112
1281951411513823237
1281951414428762118
1281951488290418690
1281951531999399938
1281951670004588546
1281951705937186817
1281951761843007488
1281952214131646467
1281952229428207616
1281952775409147905
1281952780878413824
1281953201714061319
1281953280025939970
1281953290666651648
1281953335105466374
1281953401207615488
1281953449387667461
1281953622465675264
1281953638378856448
1281953678321242115
1281954157285576707
1281954646525870080
1281954978916171776
1281955149519306752
1281955408635219968
1281956021657726979
1281956112196132866
1281956171918843905
1281956295071928320
1281956504137076742
1281956522399080449
1281956925811433472
1281957477404356609
1281957662108909570
1281957699706650624
1281957704857247744
1281957962001440768
1281958424427757574
1281958472028958723
1281958808768651265
1281958823318573056
1281958877978865664
1281959150172475394
1281959246293282822
1281959575198064640
1281959872255406080
1281960165151895552
1281960347608457216
1281960409151557633
1281960426289471488
1281960577062109184
1281960665528315904
1281960849964498944
1281960876304674818
1281960891672657920
1281961122015444992
1281961260477710338
1281961315758637057
1281961415083950081
1281961460437065728
1281961857964630017
1281962061191188480
1281962413869473792
1281962462078590980
1281962723643973632
1281962847057084416
1281962916636504065
1281963196736311299
1281963377317879808
1281963479906361345
1281963575632785409
1281963793724080128
1281964129964773376
1281964152173600768
1281964272831156226
1281964314015027205
1281964374249410565
1281964452779298816
1281964595167494144
1281964666030297091
1281964705729388545
1281965110517473281
1281965229316771840
1281965230180925440
1281965878209327104
1281966037253017601
1281966609578577922
1281966743108362241
1281966751182475272
1281966777073893376
1281967099913687040
1281967130561458177
1281967168414986241
1281967176585555970
1281967876971388928
1281968044378591232
1281968105179275265
1281968252202004482
1281968256593494016
1281968258506092544
1281968260347396096
1281968390106742785
1281968672173625345
1281968777832300549
1281968866139267074
1281968916877709313
1281969011778035714
1281969053662359555
1281969230385000451
1281969468248330240
1281969563459092485
1281969905185816576
1281969962702315520
1281970333306822657
1281970446536183808
1281970577511596034
1281970611347234823
1281970639109099520
1281970720965304321
1281970750698721280
1281971012905635840
1281971352958885891
1281971483305287680
1281971611747352576
1281972212480847872
1281972267962953729
1281972522062413824
1281972524025368577
1281972707882668034
1281972732029214720
1281972812522172417
1281972979338010624
1281973193432076290
1281973461779390464
1281973538145161217
1281973583112278018
1281973631610830848
1281973801102843904
1281974149477470208
1281974179990921216
1281974254708363265
1281974494643576832
1281974721198690304
1281974735711207425
1281974882272714755
1281975441365110784
1281975725139079170
1281975891405545473
1281976099854004231
1281976219702091781
1281976282230558721
1281976330637189122
1281976797178011648
1281976903197491200
1281977017441947650
1281977036572168192
1281977045766078464
1281977104079507456
1281977168176848898
1281977329418477568
1281977331100168192
1281977498075570176
1281977597237137409
1281977628585594880
1281978144912748547
1281979268755578880
1281979455641182209
1281979610398416901
1281979628823834624
1281979860521492481
1281979996211417089
1281980141921603585
1281980245994803201
1281980329713111041
1281980394133426176
1281980398579458048
1281980885563174912
1281980985576427520
1281980993235083270
1281981062319673344
1281981687547731970
1281981826953736193
1281981998408462336
1281982088573485057
1281982252570689537
1281983103641063425
1281983105784377344
1281983393731936256
1281983490729431041
1281983508622323713
1281983623881785344
1281983717922177026
1281983734590431233
1281983797827981313
1281983896628985856
1281984003269177346
1281984123666653184
1281984455939432448
1281984607597080580
1281984700765147138
1281984766259138561
1281985102797574144
1281985202546343936
1281985537432223746
1281985865611227136
1281986375739375616
1281986502608773120
1281986648025305090
1281986897699647489
1281986937302253568
1281986964661526528
1281987546856280073
1281987751097831426
1281987994505936896
1281988397448548359
1281988507238572032
1281988610007404544
1281989115102154752
1281989243334778884
1281989854990147591
1281989947268923392
1281990281873760258
1281990361313730560
1281990368242761733
1281990536392572930
1281990731415134208
1281990953004343296
1281991618376212480
1281991687405961217
1281991745807548421
1281991949772357632
1281992354325565442
1281993008410394624
1281993049531351040
1281993078337949696
1281993214791233537
1281993411134926849
1281993424355434503
1281993563081932801
1281993564633698306
1281993865008947205
1281993977097486341
1281994068642471936
1281994139614273537
1281994187278364672
1281994735054278656
1281995286668337152
1281995330821804033
1281995562150170624
1281995764315627520
1281995912659767299
1281996138254606337
1281996410985099265
1281996688945799168
1281996865798500353
1281997180044226567
1281997314278612993
1281997357584973824
1281997419513864193
1281997440502071296
1281997609637498882
1281997645729288192
1281997702184800256
1281997761253183489
1281997840177389574
1281998383658434561
1281998649875103756
1281998922572009472
1281998990788243457
1281999496545591296
1281999912754970626
1281999952860905472
1282000029926830081
1282000124491726850
1282000375797645312
1282000679813423107
1282000944763416577
1282001238159171585
1282001283088605185
1282001546042114049
1282001904504049666
1282001921117548544
1282002210201710594
1282002582106447874
1282002818438541314
1282002919571824642
1282002968674537472
1282002984554160128
1282003304218677249
1282004016898220032
1282005988250443778
1282006298016591872
1282006738598846464
1282007007344689152
1282007125632471041
1282007935111987200
1282007985531899904
1282008126888333313
1282008722525618176
1282008861101174790
1282009389981929473
1282009507028238336
1282009628851810304
1282009717578117122
1282009797601054720
1282009817486209024
1282010015692468225
1282010174300053506
1282010271154712577
1282010292067676170
1282010329262718976
1282010590001557510
1282010653218267137
1282011410906529792
1282011537306157057
1282011726507134978
1282012038114533376
1282012558363365377
1282012665544499200
1282012670099521536
1282012918268256256
1282012946852265984
1282013202386042881
1282013287052345344
1282013292320501762
1282013567718490112
1282013718092685317
1282013782701572096
1282013801810767873
1282013924347478017
1282013969717157889
1282013975182442498
1282014095940751361
1282014122406797312
1282014213985058816
1282014326069645313
1282014390938566657
1282014738742939650
1282014754509291522
1282014850823204864
1282014952639746049
1282015010240290817
1282015106675683329
1282015190536486914
1282015464021991424
1282015504761323520
1282015602379493381
1282016045809770497
1282016087882825728
1282016089313083393
1282016093842755585
1282016722841632768
1282017313257070592
1282017367938273280
1282017409390567425
1282017539841830913
1282017975558533121
1282018096887115777
1282018576358977537
1282018899161210880
1282018906153025541
1282019481997520896
1282019640550531072
1282019965030342662
1282019969148968960
1282020101831696385
1282020233243504641
1282020594113028105
1282020844143816704
1282021285808214016
1282021357400793090
1282021377378222082
1282021464925966337
1282021529245462528
1282021538368311303
1282021637869547520
1282021649659772928
1282021860952215552
1282022048189968385
1282022175936053249
1282022485618298880
1282022792188366849
1282022880088403968
1282022986112020480
1282023181096632320
1282023524467707905
1282023537667182593
1282023915724865536
1282024246265470977
1282024553863094272
1282025022509457410
1282025212893188099
1282025605178052610
1282026005281079301
1282026063569264648
1282026076638773249
1282026422597554177
1282026524472782848
1282026582366986240
1282026653800116227
1282026768912674816
1282026810662727681
1282026840496930816
1282026930141790210
1282026993622700034
1282027511182917634
1282027515406462981
1282027691517136897
1282028343307771905
1282028407392329729
1282028583339413505
1282029153940680704
1282029527082733574
1282029653595615233
1282029685069750273
1282029817156841479
1282029904620478464
1282030166009667585
1282030799773216770
1282030924578689024
1282031263935655936
1282031619214278660
1282032271873265670
1282032484356481024
1282032719535407104
1282032748358754304
1282033026877124608
1282033311909441536
1282033561671999488
1282034029504745472
1282034301341704192
1282034494363496448
1282034656938991621
1282034752447483906
1282035195793874944
1282035501831196674
1282035508814778368
1282035532319485952
1282035555803574273
1282035613810733058
1282035636162179073
1282035933433466882
1282035967579295748
1282036035149586438
1282036431683190786
1282037083083878400
1282037401565659138
1282038125154402308
1282038130149916674
1282038148344750080
1282038160395042816
1282038402360184835
1282038425298837504
1282038470245068801
1282038697702166535
1282039104092413952
1282039263920631808
1282039673628569606
1282039698920267777
1282039777139855360
1282040219164975106
1282040327864451072
1282040567493537792
1282040597629538304
1282040667372261376
1282040766462939136
1282040894938656777
1282041216411078656
1282041288825679883
1282041462436192257
1282041539846385664
1282041657240641536
1282041710651084803
1282041753948782593
1282041818713120769
1282042135785672705
1282042172905316354
1282042254409048065
1282042613667790849
1282042743225647104
1282042979125870592
1282043453313110016
1282043621710209026
1282043699032195074
1282043875188596736
1282043931794997248
1282044128629596165
1282044167342952448
1282044471920795652
1282045085719330824
1282045391811346433
1282045515983654912
1282046179686129665
1282046514118836224
1282046514580381697
1282046736542859265
1282046826351398913
1282046854453067777
1282047059441283072
1282047168665223174
1282047194363764738
1282047262315679744
1282047655221186560
1282047659763798019
1282047824214085632
1282048124010344448
1282048808994643970
1282048820440948739
1282048843580755968
1282049595497996289
1282049617258053632
1282049682882142208
1282049753254187009
1282049947857190912
1282050169564008450
1282050972869697536
1282050995132997632
1282051340777259014
1282051455051091968
1282051853900029955
1282051967506952197
1282052232213671937
1282052582282846208
1282052607750672392
1282052783433121792
1282053107757785088
1282053552676974594
1282053817350184963
1282054413847273475
1282054634278879234
1282054740965302272
1282055000546521095
1282055104825372674
1282055124345655297
1282055383088062466
1282055432870166530
1282055527325892608
1282055914405744641
1282056011394756608
1282056474701828097
1282056565978288128
1282056808022937601
1282056937710862337
1282057158612393984
1282057249276362753
1282057591879680000
1282057732061908996
1282058089013719040
1282058162305208320
1282058354236547075
1282058364973920256
1282058439179591681
1282058468849942529
1282058497048313858
1282058565444947968
1282058576647708672
1282058587368562691
1282058828536848390
1282058988264267776
1282059042253307904
1282059161207894017
1282059236340621313
1282059350534688769
1282059365235609600
1282059426149675008
1282059942627700736
1282060008042225664
1282060129748357121
1282060314855399426
1282060369989636099
1282060570171236352
1282060628920803328
1282060850015154187
1282061069230518273
1282061120446984192
1282061571406147589
1282062004266598401
1282062126270513152
1282062386669727746
1282062539921203202
1282062603599183872
1282062898718740481
1282063245319254019
1282063814909997059
1282063844874084353
1282063903774646277
1282063961840586753
1282064849225355265
1282065138770567169
1282065256299274241
1282065285453877248
1282065412709126151
1282065479943680000
1282065887760187392
1282065935252312070
1282065937122959368
1282066151556743170
1282066189519388672
1282066402824712193
1282066446709923841
1282066530105266176
1282066545322188804
1282066644605366272
1282066839363817474
1282067532333985793
1282067876439089153
1282068949484670976
1282069025355452416
1282069278334881798
1282069343900246016
1282069693642280961
1282069992020860929
1282070032797691904
1282070067254042626
1282070282698665985
1282070328450207745
1282070438177239040
1282070656323137536
1282071230372368390
1282071253503873026
1282071497717297153
1282071502955974658
1282071729850986496
1282072033699004416
1282072784173178881
1282072834207035392
1282072841987424256
1282073359216521216
1282073391709581313
1282073672275185664
1282073748024115200
1282074133162078208
1282074406357880833
1282074751154958336
1282074899851497481
1282075290798305283
1282075314072555522
1282075570344472577
1282075897143664640
1282075899190550528
1282075958304845824
1282076297477468161
1282076517195894784
1282077166029565954
1282077300851453952
1282077327866892294
1282077477305810944
1282077541302513664
1282077706830491649
1282077758999474179
1282077866805600263
1282078204233048064
1282078205495652352
1282078368779964421
1282079010915258368
1282079114472628224
1282079579377553408
1282080021587296259
1282080120317063168
1282080847433289728
1282080935639420936
1282081086659600390
1282081571428691969
1282081724697055233
1282081803411619845
1282081892104380418
1282081910278311939
1282081935054045185
1282082138012241920
1282082507945660416
1282082736019251200
1282082967851016192
1282083070703742976
1282083088613494787
1282083163985121286
1282083173577482240
1282083276769964032
1282083290967691269
1282083654550913024
1282083786512007168
1282083916741050373
1282084149961142278
1282084608670986241
1282084802779320323
1282084806713581568
1282084968798330881
1282085014742732806
1282085124931190785
1282085167184711681
1282085238013931520
1282085668886319106
1282085773471252482
1282085953838825473
1282086004648796162
1282086276796227584
1282086544745082881
1282086672469876736
1282086716833173510
1282087426526269441
1282087624790863872
1282088230406561793
1282088385914388481
1282089255968407552
1282089375837425666
1282089699230851072
1282090408575676416
1282090801065943040
1282090960030138370
1282091057073852418
1282091126447575042
1282091169917349889
1282091171402207235
1282091607043371008
1282091741919805446
1282091858475114496
1282092157046853632
1282092166379184133
1282092615769509889
1282092877888270339
1282093122470793219
1282093131568222209
1282093240238460928
1282093270227722240
1282093823460470784
1282094023893811200
1282094276290240514
1282094474030710796
1282095174819221504
1282095348442333184
1282095426393579520
1282095598255120384
1282096001575256065
1282096577855852545
1282096794638397441
1282097682190938112
1282097913926053888
1282098053672042496
1282098729995038722
1282098767236341761
1282099022740615168
1282099427654742017
1282099493891080193
1282099503412187136
1282099771776221184
1282099773764501506
1282099779556773888
1282100043168784385
1282100216183885824
1282100388796170241
1282100721081442304
1282100788454539265
1282100849943228422
1282101204496068608
1282101554540089346
1282101598613680128
1282101675893784576
1282101943343751169
1282102193332658176
1282102468940365830
1282102488791998465
1282102508475674624
1282102509490761728
1282102664155799556
1282102683311243264
1282102771542626304
1282103027529392128
1282103277690265600
1282103809771069440
1282103828209270784
1282103844651118592
1282104548753051652
1282104795722129413
1282104899522703362
1282105413505298432
1282105437983318016
1282105526436986881
1282105542828326912
1282105637384736768
1282105680640577537
1282105821510369282
1282105922718961665
1282106036913152001
1282107137347522561
1282107164962652161
1282107330407149573
1282107715360378880
1282107931178278913
1282108297299087362
1282108855825117184
1282108859092316160
1282108934355070985
1282108944928784384
1282109429769543680
1282109448517976065
1282109478310154241
1282109521809244161
1282109838936494081
1282110139068116992
1282110231493971968
1282110455889133569
1282110779676856320
1282111082409025536
1282111488476483590
1282111547599286273
1282111797961666561
1282111955625365504
1282112188556218368
1282112436934516736
1282112992549756930
1282113102608203777
1282113388747816960
1282113792713908225
1282114515358724096
1282114667964506117
1282114715817136129
1282114718052888578
1282114837309345792
1282114965994971138
1282115052343099392
1282115141270753281
1282115174573408256
1282115737398763525
1282115884014882817
1282116209723478017
1282116684715823109
1282116994968555522
1282117078431014912
1282117239517437953
1282117270509162499
1282117476696723458
1282117603360735232
1282117826267021312
1282117869577412619
1282117911650332672
1282118033297768457
1282118307643088896
1282118367969636352
1282118846464307200
1282119472149598208
1282119486418690049
1282119621601091585
1282120112477069313
1282120123378274305
1282120239526957056
1282120294363213824
1282120790079672322
1282120857591021568
1282121066085789696
1282121285510692864
1282121305245077504
1282121588238737409
1282122003181211648
1282122313194860547
1282122470800019458
1282122629445558274
1282122816863772673
1282122878855471104
1282123591199461377
1282123809605193729
1282123824704757760
1282123930401148933
1282124266142654465
1282124436892782592
1282124706511036417
1282125150914215942
1282125154974195713
1282125164193316864
1282125199777959936
1282125211144523778
1282125231709138945
1282125253280505856
1282125758274600961
1282125836871536640
1282126147141218311
1282126263839338496
1282126680203698176
1282126784545411072
1282126971980394496
1282126981056757761
1282126987335622656
1282127292509171713
1282127319675449344
1282127925068926978
1282128787161804800
1282128816735793153
1282129252859564032
1282129545999585280
1282129764799729664
1282130048493944833
1282130382037680130
1282130386852732929
1282130399200710661
1282130708098670593
1282131006397599744
1282131368827334657
1282131478135009280
1282131693894279169
1282131772940091393
1282132095339499522
1282132204626145281
1282132205733470208
1282132207008509952
1282132454296485888
1282132610857263104
1282133289889705984
1282133302518874113
1282133312010629120
1282133582337712129
1282133627732729860
1282133790694006784
1282133983497801729
1282134056889511937
1282134463095476225
1282134966105767938
1282135106757570560
1282135480063217665
1282135617892159488
1282135701815996417
1282136154066870272
1282136226082979841
1282136249784918016
1282136301509029889
1282136846538092544
1282136971259908098
1282137240748142592
1282137265741979648
1282137272750669824
1282137713974685696
1282138299897917440
1282138389677056000
1282138526671417352
1282138888421564416
1282138944063172608
1282139029354487808
1282139230811181058
1282139559699058689
1282139598857080834
1282139647896956928
1282139668377722880
1282139856139943936
1282140599412576257
1282140880003047424
1282140897589829633
1282141263115018240
1282141312775487489
1282141468803641344
1282141500483174400
1282141541826519042
1282141665994641415
1282141740665905155
1282141900271579138
1282141939630997506
1282141958664790016
1282142005271900161
1282142232418689024
1282142280963575809
1282142312261353472
1282142720622919681
1282143100232753152
1282143510142099456
1282143535173689349
1282143588529451010
1282143807686029316
1282143894491336704
1282143986027835395
1282144008681197568
1282144077761445888
1282144162486378496
1282144246296797185
1282144475385606144
1282144626032480257
1282145000013336576
1282145500934930441
1282145993434300416
1282146196161794051
1282147049606012929
1282147050969133057
1282147086859931648
1282147618575880192
1282147763522867201
1282148741617778688
1282148878985330695
1282149031079292928
1282149257668108293
1282149325838209024
1282149767464677379
1282150416843767808
1282150655579369472
1282150667868659714
1282150796457467904
1282151148540043264
1282151370494300160
1282151958791335937
1282153017748398080
1282153230932291584
1282153469449605123
1282153721313591296
1282153928881311746
1282155087553605632
1282155267996581889
1282155355347148800
1282155449681313794
1282155621165359108
1282155809493975040
1282155836085805057
1282155870764163072
1282156026222043136
1282156057591263232
1282156366816096257
1282156723600531457
1282156976688861185
1282157039112859650
1282158388726697986
1282159255332642817
1282159312614326274
1282159325897789440
1282160122723065857
1282160568758161408
1282160577629114372
1282160601314336771
1282160895150354432
1282160948149719040
1282161072938549248
1282161161413234699
1282161578725584896
1282161865389473792
1282162145187311622
1282162150891380736
1282162674856583170
1282163103803871234
1282163222691405824
1282163646727163904
1282163845008687104
1282163873156608000
1282164221283831808
1282164233233403906
1282164382789558272
1282164557969063936
1282164609869381632
1282164807949594624
1282165665479221248
1282165796677005313
1282165876033298434
1282166259568828416
1282166434093838342
1282166522799099904
1282166589668851715
1282166937536155648
1282167891731845122
1282168083403153408
1282168565190340610
