1288329993131630592
1288329995404873736
1288330695505580032
1288330735766712320
1288330958983372802
1288331247668703234
1288331409300566016
1288331582496022529
1288331817326714880
1288332098319732736
1288332178707959810
1288332247599394816
1288333236687507458
1288334171794894848
1288334191302606849
1288334529338507269
1288334644140601349
1288335207037382659
1288335219662102528
1288335223269326849
1288335976352415746
1288336090756255744
1288336396244209664
1288336701740535809
1288336873706979329
1288337555612741632
1288337582003298305
1288338969269338117
1288338989204684805
1288339133623148545
1288339250686156806
1288339446702759937
1288339730015432705
1288340792566845440
1288341057411977218
1288341114441707520
1288341150487785472
1288341516805693440
1288341622833344512
1288342643097899008
1288344380315705344
1288344815902642176
1288344898131890179
1288347155732684800
1288347157829832704
1288347391377043457
1288347491134590977
1288348926651768832
1288351342365487105
1288351406257102848
1288351449647284224
1288351751901532161
1288351802220576768
1288352062187532289
1288352063420633088
1288352065769492480
1288352667530600449
1288352820089978880
1288352955733876737
1288353089834147840
1288353243446349824
1288353375298363392
1288353750323793921
1288354085532360705
1288354203597860866
1288354364692865025
1288354537921708032
1288354600647397379
1288354960250347520
1288355097890758657
1288355444449144833
1288355489596743681
1288355722431012864
1288356690941874180
1288357482356781058
1288358376657883136
1288359150729207809
1288359917787774976
1288360016114782209
1288360448019042306
1288361065085046785
1288362509888401412
1288362511910100992
1288363518266245120
1288363869958807553
1288364068416307202
1288364382456610816
1288364730424463360
1288364927326060545
1288365121148981250
1288365286861803522
1288365862542606338
1288365938513981440
1288366052859162625
1288366087147585537
1288366326143160320
1288366465746259968
1288366526983282688
1288367704668278784
1288367822054346753
1288368308924944384
1288368350456946688
1288368879576596481
1288369315582898176
1288369319693484032
1288370208965443584
1288370303345795073
1288371564933722112
1288372102098280448
1288372979592761349
1288373175970082821
1288373560579432448
1288374384588214272
1288374756274733056
1288374952467496963
1288375689817686016
1288375746306682881
1288375965471498244
1288375989026816002
1288376869096763392
1288376887220285441
1288377027788247041
1288377735841120257
1288377954955821056
1288377968650313728
1288378025529298944
1288378028570161153
1288378119217393664
1288378525016305664
1288378990332276736
1288379137271443458
1288379495414726656
1288379620459503616
1288381055934836736
1288381321740455938
1288381954136702976
1288382020981161984
1288382481901719553
1288382524939542528
1288382628463284224
1288383251934064641
1288383363678638080
1288383464048406533
1288383500194926592
1288383690557370368
1288383781234073601
1288383826499121154
1288383925916753920
1288383940697321472
1288384060440612864
1288384076970373122
1288384113695752193
1288384273867608065
1288384400749522945
1288384644258422785
1288384676864888832
1288384825213296640
1288385566665510912
1288385796324700161
1288386310978314240
1288386373548900353
1288386422399856643
1288386670891589632
1288387060458352640
1288387436620390400
1288387645920477185
1288387671103086592
1288388127967649792
1288388303092293632
1288388303704584192
1288388912621199361
1288389055693168640
1288389285100630018
1288389291169783808
1288390009989599232
1288390444494106624
1288390715706347526
1288390746928754688
1288390868588736513
1288391004643565569
1288391629913706497
1288392687343861760
1288392762706939905
1288392776019836929
1288393469765935104
1288394475614531584
1288394489959243778
1288394712878120960
1288395608672395269
1288396572296908802
1288397487112196097
1288397989401079821
1288398187569479680
1288399000165421058
1288399161004621825
1288399161210142720
1288399783665827840
1288400579748941826
1288400988286722049
1288403404088377345
1288404550542655495
1288404769237872640
1288405460920537088
1288405986651168769
1288406364608507909
1288407036800245761
1288407081830297600
1288407111257526273
1288407155767488514
1288407647012741120
1288407926340689920
1288408378306449410
1288408940867452928
1288409123109965829
1288409208363331585
1288409630964670464
1288410579615354885
1288410927403094017
1288410928128634880
1288411010353831937
1288411237592768512
1288411674966470657
1288412100067569664
1288412317064077312
1288412474409201664
1288412491123437568
1288413032884969473
1288413912539344896
1288414230081757184
1288414232988356608
1288414784405331969
1288414886029139968
1288415191370088450
1288415555079344140
1288415807215734784
1288416821356494849
1288416882735886339
1288417504990134272
1288417621453373441
1288418262393520128
1288418279418204166
1288418408673943553
1288418427284013056
1288418591017062402
1288418784492085248
1288419298395017216
1288420473689317376
1288420729197867016
1288420892733833217
1288421338386964480
1288421628246982656
1288421726397911043
1288422025195790336
1288422594643976193
1288422791859978245
1288423025948479488
1288423342207307776
1288423395428794368
1288423454639665152
1288423894349537281
1288424111832813569
1288424751371890689
1288425019534696448
1288425195267596288
1288425832332046336
1288425943317569537
1288426971773444096
1288427831383531521
1288427940129189888
1288428209403568128
1288428559720226816
1288428621795819521
1288428933759803393
1288428975736397825
1288429194460815360
1288429284441366528
1288429366351994880
1288429829155512321
1288429984940531713
1288430278671769601
1288430282232782848
1288430377971920898
1288430592288325632
1288430605097668608
1288430967372369921
1288430993599156225
1288431584060813313
1288432001649868801
1288432315501338624
1288432499685826562
1288432671081795585
1288432673581563904
1288432732188663808
1288433048946606081
1288433066990501888
1288433223417069571
1288433998881001473
1288434401601179652
1288434424594550784
1288434512653942784
1288434592568016901
1288434850228314112
1288435028364603392
1288435361388142593
1288435581547155457
1288435681799413760
1288435993855442946
1288436023370817536
1288436484203327488
1288436612221865984
1288437093887348737
1288437455524421632
1288437481310912515
1288437540689715202
1288437643571867649
1288437753835737089
1288437921196826624
1288438077405503488
1288438704625930242
1288438712515223558
1288439183158190087
1288439534338940928
1288439632166879232
1288440274318917633
1288440437548519425
1288440741132476417
1288440953099948034
1288441276535365633
1288441465396318210
1288441708016017408
1288442287282950146
1288442539880648704
1288443190790455298
1288443503496892419
1288443565216071681
1288443779578507265
1288444041495945221
1288444399056297985
1288444751612608512
1288445175543586817
1288445234637135875
1288445537771978752
1288446237340033024
1288446951147606017
1288446969153835008
1288447337652785152
1288447403985494016
1288447553856573440
1288447579181719552
1288447642645585927
1288447751584223233
1288448318734049280
1288448608224923648
1288449249068437505
1288449702636257281
1288449751705423872
1288450006333239296
1288450007939645441
1288450079918104576
1288451150208016389
1288451199449083904
1288451215781556226
1288451864040820736
1288452156387983360
1288452226135011328
1288452704545779713
1288452922884403210
1288453079248052224
1288453101326934018
1288453250023333891
1288453636121649153
1288453636255817728
1288453975516286976
1288454475909337089
1288454497531047937
1288454509530931201
1288454942404091906
1288455935283929088
1288455947799666690
1288455993014259720
1288456282551259136
1288456832252510208
1288456968320045057
1288458063335260160
1288458292771995648
1288458618270932993
1288459148581982208
1288459153279574018
1288459874188361731
1288460233644310528
1288460265374330883
1288460319384248321
1288460709311975425
1288460870742355969
1288461965984247809
1288462567011164160
1288462783676166145
1288462930141487104
1288462939687653376
1288463035041030147
1288463192788787201
1288463284258123777
1288463673267232768
1288463941270736904
1288464148419026945
1288464178735439878
1288464374730981376
1288464410869211136
1288464826281451520
1288465104544071680
1288465182935658496
1288466114721153025
1288466556083675136
1288466803170127873
1288467050525057029
1288467332449341442
1288468321197752320
1288468875902885888
1288468926591111168
1288469041355452416
1288469466003566592
1288469632953786369
1288469684162002950
1288469722862845952
1288470338276270081
1288470347059060736
1288470745513943043
1288471189845925888
1288471222821572620
1288471285375303686
1288471349480927232
1288471696408805376
1288472170381938690
1288472442801999872
1288472515359145984
1288472735115444224
1288472771593408512
1288472812806705152
1288473441612554240
1288473610097655808
1288474243861065728
1288475049868103684
1288475224816660481
1288475761280598016
1288475832730570752
1288475882038759425
1288476311682453505
1288476408679931904
1288476566239023104
1288476840861093889
1288476940223909889
1288477048214900736
1288477115436982275
1288478299090554881
1288478517944934401
1288478529944985600
1288478537817759755
1288479460908396544
1288480038984265728
1288480185826914304
1288480220916387842
1288480297659629568
1288480630565744641
1288480786581094402
1288481390518992896
1288481414443302914
1288481818807873536
1288481918745542657
1288482472791912448
1288482607009800197
1288483030579937280
1288483039157379072
1288483140324007939
1288483301859057666
1288483312047136768
1288483312072306688
1288483797516853248
1288483978622767106
1288484653201076227
1288484670116524033
1288485177623228418
1288485426165092354
1288485621091180545
1288485765593346051
1288485961064574981
1288486028471422976
1288486054589337603
1288486195920621569
1288486326027735047
1288486368780455937
1288486461352759296
1288486705583063041
1288486767360905216
1288486772230328320
1288486792015024128
1288487187663785987
1288487366156419072
1288487535354748928
1288488253801271297
1288488368964345857
1288488382855655425
1288488457657098242
1288489199310708736
1288489230025601025
1288489480500867075
1288489480471506948
1288489748391235584
1288489815982387210
1288489819987902469
1288489884471107587
1288490109453598722
1288490306170585089
1288490354703052806
1288490383425462275
1288491096440541184
1288491111837839361
1288491171782823938
1288491436585791490
1288491514755035136
1288491590319734789
1288491801960222724
1288491863683543046
1288492275178385408
1288492770370494466
1288492930915852288
1288492973869510657
1288493603388641282
1288493834180190216
1288493997644820486
1288494016133099521
1288494077403697156
1288494128334946310
1288494132059504640
1288494185943830528
1288494234090254337
1288494388138713092
1288494610097090560
1288494752556556293
1288495045767835648
1288496067181338624
1288496417464614913
1288497501792874496
1288497785231282307
1288498234709684224
1288498277239808006
1288498439010029568
1288499157716566016
1288499169154433025
1288499191606632448
1288499694566543360
1288499979976204290
1288500679359725568
1288501497605558272
1288501555671576577
1288501690975444992
1288502382775676933
1288502387443990528
1288503623434088448
1288504495668854786
1288504574995656704
1288504575637381120
1288504639437123586
1288504676447449088
1288504730692603905
1288504841128620032
1288504874930524160
1288505088751865857
1288505772314447872
1288506099017154560
1288506199193853954
1288506450843770880
1288506459286904835
1288507172620365824
1288507366032449536
1288507482978033674
1288507584996089856
1288507999334670337
1288508007853285376
1288508079953387523
1288508132570927106
1288508368898981888
1288509491328299009
1288509862033461248
1288510193811296257
1288510296588517376
1288510918217916418
1288511177652404226
1288511254265397248
1288511354245193729
1288511958841532421
1288512232033341440
1288513044381945856
1288513048982896640
1288513753181556740
1288514470373986304
1288514587764105217
1288514675945033728
1288515494455259139
1288515872873541633
1288516057284534278
1288516081330593793
1288516176105164800
1288516241775362051
1288516295584088065
1288516542796357632
1288517089033162752
1288517449919365122
1288517565174751232
1288518630502694914
1288518964260352001
1288519328372076545
1288519423167303680
1288519630315651073
1288519742538633216
1288519949204553729
1288520053986664451
1288520812392308737
1288520824253816833
1288520979778428931
1288521159739351043
1288521172095832065
1288521356804608000
1288521398801977345
1288521899790618624
1288521937224904704
1288522049405804548
1288522113872265219
1288522679977476102
1288522822839492608
1288522834751430656
1288523124678393856
1288523290185793537
1288523317616369671
1288523688975970304
1288523756718129154
1288524530177187840
1288524653758222339
1288525012186660866
1288526240710717440
1288526356989595649
1288526451462017027
1288526815506530307
1288526819235229697
1288527120763957248
1288527684725866497
1288527793861595137
1288527801679659008
1288528129141510144
1288528789585006592
1288528898683265026
1288529311679610880
1288529696565542912
1288529837813047296
1288530311517622273
1288530576622800896
1288530862557011971
1288530866054901761
1288531470630285312
1288531801405681664
1288531918267518977
1288531967152132098
1288531999553196032
1288532014791036928
1288532196802928640
1288532236887822337
1288532313274380288
1288532448196694017
1288532754255290368
1288532777118433283
1288533044253667328
1288533218904375301
1288533673113874433
1288533857365614592
1288534444761120775
1288534529053872129
1288534531306188800
1288535452153081856
1288537153937510402
1288537218634485760
1288538006979317761
1288538809798406144
1288538820548403202
1288538856812351488
1288538990463901697
1288539041927966720
1288539057321115649
1288539889143881728
1288539897104564226
1288539922895261696
1288540048238010376
1288540219034173441
1288540261212200960
1288540270070575106
1288540543341998081
1288540593795325953
1288540739694141442
1288540887098830855
1288541058738028546
1288541154821038081
1288541172517011458
1288541277525483522
1288541818896830464
1288541847154036740
1288541976841924610
1288542217519407106
1288542329842724864
1288542370787741698
1288542554619879429
1288542797776134145
1288542823621566464
1288542883025494017
1288543239264440320
1288543579879727110
1288543709362040834
1288543735802929154
1288543837674242048
1288543924139839488
1288544085972783104
1288544154407112704
1288544180139102209
1288544341464510464
1288544431486926848
1288544695161847809
1288544836828762112
1288545088675749896
1288545441378967553
1288545741502390272
1288545954891784192
1288546225063690243
1288546348632027139
1288546364905922560
1288546409579458561
1288546546020229120
1288546851621408771
1288547425922297862
1288547458000269315
1288547690679357443
1288547983194304513
1288548080682446853
1288548192565391361
1288548234604863488
1288548808398262272
1288548889625350152
1288548981686116354
1288549040695713794
1288549623389282304
1288549812128952324
1288550038705074176
1288550255810805760
1288550390024171520
1288550534824243201
1288550557553221633
1288550667804712960
1288550831311265793
1288550973972119553
1288551268210872320
1288551371675807745
1288551484678746112
1288551551943008259
1288551734487461889
1288551749264068618
1288551773934886920
1288551778880032773
1288551946526367744
1288552025974857740
1288552168367169538
1288552169235296258
1288552658740170757
1288552828722708481
1288552895709839361
1288553180163440643
1288553294437191680
1288553765407260672
1288553779286204418
1288553936161472512
1288554124238364672
1288554375842070528
1288554485384544256
1288554555110756352
1288554720357908482
1288555454407348224
1288555683055431680
1288555785488928776
1288555811577516038
1288555944280854529
1288556242189684736
1288556362545364996
1288556664891641856
1288557259866419200
1288557487759785985
1288557518382403590
1288557818862358530
1288558016954916864
1288558059850215424
1288558065340440579
1288558203786076160
1288558860861681665
1288558919766478851
1288559958716538882
1288560050550669312
1288560502612692992
1288560660570419202
1288561328836284416
1288561447870570498
1288561870484504578
1288562514150723591
1288562748524199936
1288562973900931073
1288563092855627777
1288563212510810113
1288563292873482240
1288563553667035137
1288564131520536577
1288564592696647680
1288564592893861888
1288564593854300162
1288565527649169409
1288566087479590913
1288566158157926400
1288566178059821058
1288566454091157507
1288566533552107520
1288566546801913856
1288566552111898625
1288566829808603136
1288567079226847232
1288567232138706944
1288567553531547655
1288567857119236096
1288568056562634752
1288568368094642182
1288568456208687111
1288568572869070857
1288568774606684161
1288569076437127175
1288569117469859840
1288569236223332359
1288569640348680194
1288569906854854656
1288569998823378946
1288570007329411074
1288570086115115008
1288570801168551940
1288570935235076097
1288571047634075648
1288571135072669696
1288571219462295557
1288571284092313601
1288571472521371648
1288571480314265600
1288571635893587968
1288571657443893248
1288571660849704960
1288572139176710144
1288572270428987392
1288572339836334080
1288573240340672514
1288574071626661890
1288574398727888898
1288574458865868801
1288574715506888704
1288574719579394049
1288574798268895235
1288574964313083910
1288575045632028672
1288575468137062401
1288575598282055685
1288576166538829825
1288576294029074432
1288576354422849537
1288576429395972098
1288576563630559233
1288576727313256452
1288576864886325249
1288577326515728385
1288577436435853314
1288577524667219973
1288577638416687105
1288578593833000965
1288578803631939584
1288578810611458048
1288578916366651397
1288578971299348481
1288579386942291968
1288580166105673734
1288580184451567616
1288580243171602432
1288580341905555456
1288580381579579393
1288580452219908104
1288580551947898880
1288580573762551809
1288581177440382978
1288581186110070784
1288581379245182983
1288581385557553153
1288581551811366912
1288581694380023813
1288581965847900161
1288582233490677760
1288582623279767553
1288582782336339970
1288583407728046083
1288584021660905473
1288584241949765632
1288584766330208257
1288584822978273280
1288585170707259394
1288585311539388418
1288585937895796741
1288586452985622529
1288586557860073477
1288586650898112526
1288586754526773248
1288586792229199872
1288586836525240320
1288586875989569541
1288586955555471368
1288587128834678784
1288587590380261376
1288588127913771008
1288588377533689859
1288588558702383105
1288588742815551492
1288588821140054019
1288588845118828545
1288589151684759552
1288589219015864325
1288589413862252546
1288589848358486016
1288590605392572417
1288590783944298496
1288590921777455106
1288591306105774087
1288591597295341568
1288592123885805569
1288592417332101128
1288592611004026884
1288592652758204416
1288592668759482368
1288593257358737408
1288593959019614208
1288594065878065159
1288594253816500224
1288594405717409794
1288594453473746951
1288594741781598208
1288594914968649728
1288594922807812096
1288594925873848321
1288595073093865475
1288595077279825920
1288595664604205057
1288595828861411328
1288596596175691776
1288596791156527106
1288597689463123969
1288598203580002304
1288598664475279360
1288598676831711232
1288598871443009536
1288599095666409472
1288599099776827393
1288599124280053760
1288600044086550528
1288600201163399168
1288600519074877441
1288600655322591234
1288600988455260161
1288601248292196354
1288601290109530113
1288601885243514881
1288602047324004354
1288602116882403331
1288602287150161921
1288602621511716872
1288602796611080192
1288603385659351042
1288603914573684739
1288604083255947264
1288604261648150528
1288604408754966530
1288605016769601537
1288605235422863361
1288605349763670019
1288605395523534848
1288605687665352704
1288605688793571329
1288605917953630210
1288605997204770817
1288606051625865218
1288606080092708865
1288606322011901960
1288606400457973767
1288606513616101381
1288606800535846913
1288606866428162049
1288606867380269056
1288607810582982656
1288607865033437185
1288607885518200832
1288608484959768576
1288608604854026246
1288608812165763072
1288608885360619520
1288608953954230272
1288609014717259783
1288609635729960960
1288609639844569090
1288610177298513921
1288610898618155008
1288611362399236097
1288612499009310720
1288612715494170624
1288612821819969536
1288612864526344195
1288613539695869954
1288613608751009799
1288613842977804289
1288614087434407937
1288614093256097794
1288614551651524611
1288614668177739777
1288614772242386944
1288614787614511105
1288614819667599365
1288614995962597381
1288615407897780224
1288615522414673921
1288615767987171334
1288616150927106048
1288616435212619776
1288616601496039425
1288616811299184642
1288616825916334080
1288616840051081216
1288616844459270146
1288616848397709312
1288616852139028481
1288617546741161986
1288617575505694721
1288617808969060355
1288617841025900544
1288618408087621633
1288618778767568898
1288620061687611393
1288620281825841153
1288621540611784704
1288621946159144962
1288622284576612353
1288622550289874944
1288622743601033218
1288623246917562368
1288623476132085760
1288623760187129857
1288623796459536384
1288623825429712907
1288624201688133632
1288624256717336576
1288624478201819136
1288624543309889536
1288624560443711489
1288624603749691392
1288624604882202624
1288624609634340864
1288624610628395009
1288624781823107073
1288624792170647552
1288625423157428224
1288625939262447618
1288626044161929216
1288626165293424640
1288626240526614532
1288626572119937027
1288627313815494658
1288627695333629962
1288627789369880578
1288628009482760192
1288628179419238400
1288628252303597568
1288628793226207239
1288629012525223936
1288629199612178432
1288629227714011136
1288629242960334850
1288629780171100163
1288630035251777536
1288630239078293506
1288630250251976704
1288630579295117315
1288630813475475456
1288630843926286337
1288632284514586625
1288632328797843456
1288632487216844801
1288632525708046336
1288632784731267073
1288633483674431489
1288634129383399426
1288634574080155651
1288634656896815105
1288635114272903169
1288635440472428544
1288635466271449090
1288636312363442179
1288636384966672384
1288636832607899648
1288636963625619457
1288637956476076041
1288638317639143425
1288638579049140224
1288639586428575745
1288639587456229376
1288639781166092288
1288641043525763079
1288641553280294912
1288641595600826368
1288641805714698245
1288641897930657799
1288642008605581312
1288642224775770112
1288642439885070336
1288642451293577217
1288642467403890689
1288643248320282624
1288643523500113920
1288644279703949324
1288644308732727299
1288644373907988481
1288644590694621187
1288644779346198534
1288645127376744448
1288645844351287296
1288646314989776896
1288647510601478144
1288647631879585793
1288648228217294848
1288648439056785408
1288648687741214725
1288648747589632000
1288648957095288833
1288648987164078080
1288649097029836800
1288649389574160384
1288650266741485569
1288650285968048129
1288650687539302401
1288651368836804609
1288651529063366658
1288653014530744326
1288653129970356225
1288653164162490370
1288653218650697728
1288653251592814592
1288653452533313536
1288654333769396225
1288654382016475139
1288654405856669697
1288654679564357633
1288654681829306368
1288654686627573761
1288654943684038658
1288655410912792592
1288655474032771077
1288656113186070530
1288656422180474880
1288656726737256449
1288656851551297539
1288656900024946688
1288656998595284992
1288657044275437573
1288657729012338689
1288657772171546624
1288658549296566272
1288658708579287040
1288658710827372544
1288658712266039297
1288658717672706050
1288659040315125760
1288659132271271938
1288659210352226304
1288659296654221312
1288659890492174336
1288659923832721408
1288660159217180672
1288660267992219649
1288660484581928963
1288660505486401546
1288660891215568897
1288660925608673280
1288661012208652289
1288661033578459136
1288661262273056768
1288661880656076803
1288662331665403904
1288662663061368832
1288662862651518979
1288663655215779840
1288663950553481216
1288664472735883265
1288664655246905344
1288664926660198401
1288665087436365827
1288665322518532096
1288665529314574336
1288665556871192578
1288665579516239877
1288665735137394689
1288665751457497088
1288665776736669701
1288666366271057922
1288666695461027840
1288666888961220611
1288667232105402369
1288668553386897431
1288668775907241984
1288669173212680193
1288669194272284672
1288669874785402882
1288670068428034051
1288670079085944832
1288670354592784384
1288670441817726978
1288670836728180738
1288671120682614785
1288671174986280960
1288671408449417216
1288671634102956032
1288671808565190656
1288671944938749952
1288672446917120000
1288672919300837377
1288673040633491456
1288673476803350529
1288673679849795584
1288674978137804801
1288675583518322688
1288676250525949952
1288676374056763394
1288676433662017536
1288676806833340418
1288677252826357760
1288677698454392834
1288677795061796864
1288677797779709952
1288677860362739712
1288678503538282498
1288678746145382400
1288679592832708609
1288679781286858753
1288680069423157249
1288680562010529793
1288681297360171009
1288681994151292928
1288683493527085059
1288683893659275264
1288683953935843329
1288684209398116358
1288684360590393344
1288684719601782784
1288684908555141120
1288685128013828097
1288686461588508675
1288686495323303936
1288686674818596865
1288687214021480453
1288688029775859712
1288688090769502209
1288688275272503296
1288688401064091648
1288688524250816512
1288688527530762240
1288688538859573248
1288689048446537728
1288689294484353024
1288689328634372096
1288689355226308609
1288689579470594049
1288690511872745474
1288690655867412481
1288691271096315904
1288691367875457025
1288691665218265090
1288691980797718529
