1279619321170481153
1279619396432990208
1279619411536760833
1279619551924273152
1279619675031244802
1279619762843258880
1279620258664505344
1279620430513520641
1279620531134881792
1279620541838700544
1279620660986331137
1279621007142240256
1279621301704032257
1279621521632309248
1279622339198504961
1279622391061241856
1279623282858303488
1279624376527335425
1279624948861067266
1279625233314525185
1279625313526349826
1279625359928037376
1279625361026879488
1279625436574744577
1279625574286327815
1279625909973266432
1279627464839479298
1279627505914253313
1279627651423010816
1279627707102314498
1279628059985891328
1279628320548827136
1279629076475633664
1279629607176634368
1279629725485404161
1279629782330814465
1279629902103416833
1279629967177867264
1279630457206964224
1279630608235466752
1279633127531524100
1279633698493734913
1279634236501299204
1279634726412746753
1279636321833713664
1279636434975162368
1279637541466112003
1279637587825766403
1279638011890860033
1279638236609032198
1279638684346789889
1279638874130702336
1279638874130702336
1279639202292994048
1279639507504107520
1279639538802077696
1279639576638865409
1279639955640328192
1279641294684319745
1279641298123714565
1279641301655252992
1279641309150539776
1279641588243804160
1279641899037581312
1279642027303620608
1279642339397513217
1279642584055513088
1279642647070683137
1279642716775878658
1279643021202657280
1279643644740411393
1279643742543241219
1279644092520173569
1279644532506791936
1279644534016823298
1279644580112142338
1279644938523869184
1279645039661060096
1279645060729012226
1279645270012297216
1279645311582035969
1279645620492525568
1279645749316325377
1279645880753274880
1279645932519411717
1279645942740811776
1279646064937705474
1279646067584143361
1279646069408722945
1279646199528775680
1279646209896931328
1279646540458594305
1279646692317564928
1279646781048045568
1279646781136162817
1279647270229757953
1279647690607988738
1279647744085438464
1279647755141623808
1279647788184358912
1279649018709258240
1279649700807933953
1279650054358405120
1279650514704257025
1279651105815908352
1279651289106911232
1279652951385128961
1279653194331799552
1279653429711974400
1279654091531132928
1279655311717142529
1279655434576691201
1279656483626668032
1279656558079737856
1279656622290284546
1279656758852628480
1279656766570221569
1279656791798939649
1279656951991934976
1279657143289946113
1279657330532134912
1279657839246618624
1279657907068395526
1279658152196071424
1279658553494646789
1279658862321250304
1279659227112407041
1279659325854810112
1279659391831212032
1279659598018994177
1279659689224126465
1279660042778750977
1279660967245332480
1279660986874712065
1279661045062094849
1279661101295316992
1279661292719046657
1279661515696726016
1279661676174864384
1279661770211278851
1279662475693129728
1279662485734395904
1279662565694550016
1279662859325255680
1279663298993061888
1279663523279273986
1279663710483763200
1279664001777987584
1279664127116554240
1279664136620773376
1279664376820240384
1279664657100398595
1279664727447277574
1279664843155484678
1279664947220426753
1279665197389668354
1279665227357962242
1279665295972618242
1279665714861932545
1279665743689388032
1279666254001983489
1279666841317670912
1279667552592056322
1279667582656745472
1279667958781001728
1279668339359526912
1279668412575342592
1279668632654577664
1279669020506103808
1279669219240615936
1279669231899025410
1279669499072036864
1279670049356251137
1279670662878187520
1279670716527509505
1279670910170079233
1279670991208288256
1279671222645776385
1279672178502328321
1279672499802968065
1279672522695376896
1279673650006933505
1279675695329927169
1279675753702068224
1279675774832988160
1279676418608320512
1279676893843898368
1279677208701919232
1279677803466719232
1279678259479838721
1279678742181355521
1279678838184738818
1279679217509302272
1279679290657792000
1279680235655528448
1279682033854406657
1279683116974641153
1279683307517730816
1279683917654736896
1279684740979793920
1279684864317558784
1279685016881115137
1279685239636279302
1279685679425912832
1279685860431183874
1279685959194296323
1279686422568620033
1279686496124108800
1279686644128534529
1279686801628827648
1279687215157673985
1279687557287235585
1279687661733765121
1279687663558279168
1279687724103073792
1279688763866861570
1279689488764211200
1279689764556455936
1279689765294505985
1279689799247560705
1279689934341902336
1279690023974195200
1279690243634069504
1279691028094746624
1279691118305665024
1279691651032776704
1279691711980208128
1279691841793859586
1279691968864452609
1279692817410011136
1279693000948322304
1279693069684801536
1279693257509920769
1279693270189330432
1279693278103904257
1279693431988801538
1279694520997654534
1279694637347864576
1279694689017442306
1279694783808704513
1279694871863988231
1279695099748683776
1279695443971244032
1279695551064408070
1279695720455393281
1279696040682233856
1279696489170731009
1279696522754523136
1279696560922726401
1279696846353575938
1279697220598628353
1279697230203482112
1279697581761855489
1279698815209975808
1279699012837429248
1279699031866949637
1279699715299278848
1279699854759993344
1279700091889168384
1279700229407879169
1279700535285886978
1279701045380333568
1279701164037210112
1279701281104367616
1279701305699831808
1279701620926922757
1279701804205342720
1279701850288201728
1279702105964625920
1279702167348293634
1279703399177609218
1279704061575598080
1279704102763552768
1279704235236564992
1279704324097138690
1279704606327672832
1279704721666838528
1279705284143992837
1279705525639405573
1279705915940372480
1279706842931830785
1279706946308845568
1279706948586348544
1279708175831314434
1279709507686240256
1279709509968158720
1279709842131890177
1279710729071996929
1279710837163376641
1279711108949962752
1279712134356746243
1279712179260817410
1279712535738896384
1279712896864399360
1279712898332397569
1279712934135037952
1279712957992185858
1279713667400044544
1279714107353153537
1279715213319831554
1279715586818347008
1279715804918005762
1279716717372063744
1279717093701816320
1279717489874788353
1279717621890457601
1279717922345115648
1279718019283988482
1279718164021026817
1279718227069689856
1279718310901362690
1279718639709507584
1279718649314586624
1279719122343993344
1279719163133603840
1279719188140097536
1279719848747073536
1279720139638833152
1279720812837142529
1279720813105606656
1279721213636546560
1279722420107165696
1279722522393616384
1279722690945986560
1279723257894178817
1279723508701036544
1279723626057662464
1279724083664482304
1279724852425957376
1279725026430857223
1279725120580354049
1279725303414358016
1279725444179177474
1279725979313811456
1279726394818416641
1279726496064638981
1279726754526048256
1279727451028029440
1279727525879517187
1279727662903308289
1279727705668321281
1279727887382384641
1279727997407440899
1279728822515109888
1279728941931081728
1279729425647497218
1279729685212037122
1279729855664476160
1279730410403045376
1279730441029910528
1279731107345334272
1279731269857771520
1279731284487467008
1279731288358834176
1279731317081542656
1279731889025187840
1279731962303975425
1279732124757700608
1279732159595646976
1279732709477277696
1279732717177847808
1279733218472792066
1279733245580460033
1279733557037010944
1279733704252968960
1279734127625932803
1279734283821674497
1279734999407869955
1279735060015562754
1279735430645235712
1279735452178747394
1279735551759958017
1279735559053873153
1279735773663842306
1279735793251020800
1279735794568028160
1279736040308301825
1279736046276747265
1279736067936182273
1279736349604622336
1279736404910714883
1279736792279912448
1279736916078989312
1279737303670435840
1279737372314386433
1279737530871578624
1279738098595893249
1279738430713401345
1279738527731851264
1279739010408157184
1279739541092433920
1279739924913291264
1279740009684369409
1279740517027323905
1279740540658073601
1279740560971087873
1279740712129626112
1279740774930944000
1279741075855376385
1279741450574606337
1279741617700823040
1279741814908616705
1279741953438027777
1279741988259201024
1279742345840336896
1279742432507281409
1279742518280757248
1279742815988264965
1279743082137899008
1279743106334822401
1279743501035593729
1279744242290765824
1279744474562859009
1279744544494551040
1279744756285923329
1279744844722626562
1279744956278738944
1279745659655147520
1279746168122150912
1279746324590714881
1279746526458327043
1279746871494311936
1279747082673360896
1279747182174908417
1279747230732300288
1279747256619499520
1279747412467126273
1279747500740616192
1279747583343243264
1279747860507041792
1279747935979417600
1279748132646064129
1279748156687777793
1279748310333521921
1279748410925596672
1279748503607160838
1279748535819345921
1279748664932675584
1279748710419881984
1279748877307035648
1279749058853244929
1279749151664803845
1279749153871052801
1279749162943361024
1279749241083133952
1279749374059245568
1279749407374807044
1279749948733562888
1279750187733397505
1279750348224319488
1279750357686661121
1279750830556676102
1279750937159098369
1279751056503844864
1279751073067139072
1279751105191256064
1279751532137910273
1279751637561679872
1279751647095382016
1279751649276428289
1279752069138780160
1279752307731836928
1279752338526179330
1279752495070396416
1279752909148700672
1279753098630742016
1279753128129290240
1279753535719198720
1279753637888233473
1279753850627543041
1279753985679818753
1279754260767539200
1279754406628659200
1279754578330877954
1279754717208305664
1279754727522213890
1279755257522814976
1279755311730110464
1279755350602809344
1279756103828606976
1279756286498934785
1279756473803902978
1279756721280385024
1279756883574820864
1279757140031410185
1279757159283208192
1279757175087382530
1279757192032370689
1279757515471945728
1279757633755512832
1279757762893950977
1279757817658908672
1279757902622965760
1279757907735740416
1279758060710477824
1279758092415176705
1279758571442446336
1279758648059793408
1279758667420704769
1279758716460511232
1279758873277030401
1279759398085132288
1279760110701752320
1279760140477046784
1279760677826105344
1279760939500347392
1279760944743297025
1279761505156829187
1279761714536472577
1279761973228560384
1279762298631061505
1279762494765088769
1279762919383871488
1279763095385247746
1279763203359154178
1279763349828448256
1279763471412932608
1279763673465176064
1279763723033481216
1279764271103172610
1279764997833400321
1279765007857856513
1279765122370752512
1279765271864127489
1279765471638818818
1279765662601265152
1279765769669292032
1279765791844585472
1279765859443957769
1279765860496728064
1279765864623947776
1279765968412200961
1279766111018459136
1279766160385249282
1279766264374837248
1279766806425735173
1279767068678721536
1279767108214239232
1279767582464258051
1279767787250974725
1279767805257285634
1279768042168356866
1279768093049393152
1279768231134334977
1279768275212275712
1279768384092110848
1279768387539947526
1279768796618686464
1279769759341559809
1279769793349013505
1279769809224372226
1279770005618425856
1279770203312832517
1279770247827001345
1279770427674562560
1279770467377659905
1279770507462823936
1279770637918240769
1279770829597876229
1279771127133470724
1279771148188876800
1279771171349725186
1279771398131585026
1279771979256680449
1279772433990459392
1279772455117127683
1279772479012167681
1279773067942727686
1279773110028419073
1279773276848500736
1279773481362763780
1279773692512415745
1279773729183207424
1279773885240619011
1279774246907117568
1279774376808890368
1279774389656059905
1279774615607230465
1279774906293481474
1279774948735754240
1279775604175495175
1279775622756171778
1279775835923320832
1279776063158091778
1279776073035759618
1279776078236577792
1279776081977856002
1279776085127790593
1279776098948206594
1279776367840825349
1279776548862808069
1279776633768026112
1279776868372230145
1279777390701481985
1279777404605599748
1279777799457382400
1279777836321169412
1279778540066652162
1279778563307327489
1279778919374303236
1279778958549176321
1279779431842754563
1279779735661350912
1279780444825935872
1279780889262804998
1279781547567177730
1279781990221279234
1279782077001539584
1279782423853707264
1279782500353445888
1279782511325962241
1279782715076808704
1279782739965874176
1279782782760181761
1279782850036785153
1279782852821843969
1279782889664638977
1279783273863024641
1279783709571416065
1279783927054548994
1279784319477743616
1279784342538063872
1279784385630396417
1279784512835203073
1279784645245222912
1279784958706552838
1279785012020350976
1279785847685087233
1279785906866511878
1279785993566969856
1279786590361927680
1279786878703751168
1279787030768168966
1279787403117580289
1279787558424248321
1279787635574259713
1279787645858709505
1279788196168073216
1279788289965412352
1279788696976396290
1279788724155494402
1279789538194321409
1279789613788389376
1279789782487445505
1279789785297666049
1279789965837205504
1279790173342052353
1279790264656310277
1279790298143522817
1279790963376996352
1279790986491617281
1279791011510747138
1279791120579469313
1279791358635659265
1279792006735282177
1279792131008331779
1279792347497279490
1279792589026349062
1279792709637726209
1279792983731298306
1279793049699323907
1279793061749555200
1279793658649329671
1279793674734493698
1279794298725134336
1279794572185481216
1279794642683379712
1279794814142177280
1279794829271146498
1279794931263913984
1279795066656247808
1279795124999000065
1279795160348528640
1279795309011275777
1279795602541498368
1279795615799672832
1279795683218714631
1279795851687313409
1279796187223273473
1279796408175001600
1279796774643924995
1279797039224754183
1279797754647261185
1279798540428996610
1279798666992259072
1279798932835622914
1279799077987741696
1279799079397015552
1279799572676710401
1279799792936206336
1279800208155480064
1279800309372551170
1279800321770913793
1279800464813350912
1279800494450507778
1279800619788836865
1279800959598841856
1279801051303084032
1279801059964334083
1279801582327136256
1279801692792541184
1279801710001651712
1279802086520217600
1279802398869991425
1279802475093131264
1279802679905189892
1279802834393972738
1279803238439682054
1279803266742792192
1279803304130809856
1279803377967337473
1279803455624839171
1279803584079704064
1279803602970738689
1279803663544918017
1279803689025372161
1279803699104276480
1279804033285394432
1279804261304500226
1279804411494256640
1279804516712550408
1279804955671629832
1279805087913738242
1279805175683780610
1279805477317206016
1279805758062895105
1279805810311389186
1279806336214147074
1279806384062844929
1279806519446511617
1279806526694268928
1279806594432339969
1279806780151943168
1279806930953830400
1279807614113759234
1279807771177705472
1279808199206604800
1279808220912123905
1279808300112941057
1279808553096708096
1279808884350373889
1279809130891534336
1279810039910469632
1279810216218034179
1279810615649976323
1279810665016934401
1279810728325722114
1279810861452976129
1279810917966983168
1279810953823977473
1279811101794983936
1279811240869715968
1279811515491790848
1279811906010861568
1279812021249245184
1279812111691104256
1279812127738531842
1279812209363890179
1279812401815314433
1279812808478199808
1279813010505129984
1279813295051079680
1279813773189165058
1279813886271729664
1279813949488128000
1279814092962893824
1279814264308539392
1279814679452401666
1279815034391203841
1279815194370363392
1279815324951601153
1279815700010369024
1279816010128936960
1279816520626049024
1279816578133946371
1279817102652846087
1279817182860513281
1279817322031656962
1279817375697772544
1279817402457288704
1279817712252915722
1279817922492407809
1279817959142277127
1279817966901747714
1279818050552967169
1279818473615605767
1279818488366931968
1279818505689485319
1279818527206248448
1279818633418608647
1279818886595129344
1279819256402673668
1279819440364929026
1279819786864726017
1279820074120097793
1279820200637071361
1279820354106638342
1279820438500265984
1279820634080423936
1279820637750489089
1279820654867595264
1279820866595913728
1279821226148593665
1279821238567866368
1279821284935942144
1279821384718462977
1279822041588346882
1279822100707135489
1279822303426215938
1279822397521244160
1279822423001530373
1279822712047898627
1279822737285005312
1279823013731500038
1279823017841917955
1279823223673274368
1279823571540459522
1279823605426262016
1279823773424914432
1279823930975334401
1279824276879704065
1279824360828735491
1279824455527567366
1279824611505569792
1279824871606845441
1279824927244333056
1279824951353192449
1279825018386558976
1279825085537320961
1279825090528661511
1279825117506351104
1279825123776835591
1279825567387455488
1279825681124167680
1279825889577111552
1279826367916445699
1279826498619412481
1279826586578141184
1279826625442590720
1279826730300162048
1279827243389329411
1279827269200953346
1279827276348059648
1279827617445752832
1279827948468658176
1279828352111706113
1279828559255744513
1279828631557214211
1279828652235149314
1279828729460666371
1279828749786255360
1279829216620621829
1279829664714932229
1279829987118452742
1279830083637829632
1279830470935674881
1279830563902369792
1279830669129125888
1279830738045751309
1279831166858563586
1279831292498939904
1279831337533345792
1279831425697513474
1279831657391034368
1279831705055100929
1279831992117465089
1279832107683065864
1279832436495585280
1279832525049823237
1279833225196601344
1279833537718423553
1279833721764487174
1279833920222134275
1279834399329132550
1279834464953290761
1279834488260960258
1279834526521360386
1279834654066032641
1279834776061399041
1279834891836895232
1279835312043196416
1279836066493718533
1279836445092597760
1279836631973990405
1279836641629220865
1279836680854237184
1279836857501716481
1279836876141137925
1279836897037213697
1279837028495097859
1279837220216725506
1279837618906247168
1279837698723909635
1279838095840600067
1279838120733802501
1279838280444452864
1279838628986961922
1279838633361412096
1279838804996771840
1279838879114280960
1279839204508348419
1279839379742171137
1279839426403852295
1279840160788643840
1279840182875938823
1279840388250025987
1279840856053215233
1279840857290444800
1279840876806705152
1279841257934782466
1279841998699139073
1279842001089957889
1279842093863710721
1279842432998346753
1279842730676494336
1279842832270983184
1279843229446410240
1279843398791372800
1279843728597880832
1279844105066033153
1279844132429746179
1279844148569419779
1279844341578678274
1279844573590806536
1279844618293706752
1279844709179916288
1279844845545283585
1279845079352586240
1279845179386671104
1279845218314059777
1279845777523634178
1279846162053423105
1279846814695514112
1279846980374745089
1279847089091096576
1279847707990020100
1279847841070866433
1279848393611886594
1279848965610102786
1279849046128066565
1279849134980292609
1279849161735540736
1279849604314542084
1279849818903339008
1279849869927231491
1279850381091024896
1279850896311058437
1279851638853734400
1279851708416434178
1279852099749072896
1279852322777174018
1279852324517707776
1279852787640274944
1279852947573096448
1279853024844943360
1279853144680337409
1279853668981002246
1279854590272442372
1279854642936139776
1279854658152890368
1279854847169384448
1279855136828002306
1279855959859322880
1279855966121537536
1279855997935333376
1279856088729497600
1279856433828368392
1279857071878479877
1279857979882377216
1279858134429859840
1279858217107873792
1279858540174344198
1279858762304585728
1279858821968478209
1279858920014721024
1279859230955077632
1279859511377920001
1279859762914643968
1279859869781094400
1279860375979208705
1279860951265636352
1279861371056852995
1279861631208632321
1279861814273155072
1279861843826282497
1279861847026475014
1279861955520430081
1279862132880932864
1279862336333983747
1279862472179101696
1279862482513920000
1279862540877680642
1279862866632376323
1279863020685086720
1279863436416102402
1279863559246282752
1279863685759012864
1279863747650236416
1279863869704491009
1279863888184393728
1279863947563339776
1279864079671332866
1279864732103651328
1279864852245286914
1279864909501812737
1279864977453731845
1279865009825370114
1279865290751442944
1279865295323172864
1279865547858075649
1279865812963262464
1279865950729318401
1279866195425071104
1279866241973465088
1279866358906458112
1279866363868217344
1279866935132422146
1279866971799138311
1279867039579017216
1279867304826863617
1279867401455222785
1279867753093050369
1279868076457177089
1279868318183276546
1279868604113203201
1279869153390796803
1279869298756870144
1279870231851216896
1279870541000773632
1279870742662983680
1279870748170031105
1279871055272665088
1279871056493215746
1279871057592119297
1279871335313768449
1279872694771580928
1279872697909084160
1279872825348616193
1279872879149158404
1279873425524297728
1279873693091614721
1279874393427054598
1279874443247001600
1279874548297601026
1279874587640168450
1279874770650177537
1279875254190391296
1279875343076200448
1279876089142284292
1279876206431744006
1279876262811631617
1279876550457004032
1279876982646374400
1279877897742962688
1279878079851175936
1279878234599911424
1279878278803849218
1279878520425062406
1279879111574319105
1279879149977587714
1279879243141451777
1279879416903016453
1279879599548239877
1279879641277386759
1279880714742349824
1279881093135708168
1279881120889200640
1279881869560107011
1279881976703528960
1279882842235953153
1279883166292025347
1279883733705863171
1279884083120820224
1279884254734962690
1279884346581823488
1279884446867623936
1279884520284659714
1279884720017420290
1279884873096998914
1279884922061291522
1279885091460853760
1279885330058022913
1279885421632241665
1279885674741665792
1279885760582299649
1279885824016908293
1279885898243588098
1279885901846306816
1279885905143017472
1279886443582763008
1279886505838817282
1279886563980251136
1279886599183126528
1279886617877057542
1279886730611642370
1279886805190561792
1279887107540934656
1279887429751779330
1279887865300701184
1279888025485443073
1279888908361269251
1279888997251117056
1279889034853134337
1279889418455842821
1279889884950548482
1279890017372995587
1279890344067432449
1279890776986656775
1279890860189114369
1279891510759227395
1279891514991218691
1279891644079366144
1279891838812512257
1279891883033088006
1279891929807966211
1279892064453394437
1279892090332172288
1279892669951590402
1279892768995893248
1279892826487128067
1279893199830450176
1279893624898158592
1279893641201401857
1279894020358131713
1279894568184483840
1279894582235410432
1279894960540540928
1279895750076489728
1279895897174937602
1279896124514598913
1279896179812098048
1279896489096077318
1279896563905683456
1279896593567809536
1279897210977521664
1279897983857954819
1279898142989856768
1279898188913262592
1279898611808157697
1279898644787929088
1279899246578282497
1279899407203414017
1279899488350547975
1279899708132130816
1279899786238402564
1279900050030804993
1279900061149921281
1279900414121566208
1279900456110743554
1279900503099543553
1279900874928648192
1279900877814284288
1279900879089307649
1279901007925952512
1279901619245723651
1279901718910771202
1279902119957536769
1279902140560007168
1279902524003233796
1279902571151400960
1279902684544413705
1279902814416879618
1279902979605364736
1279903235055255553
1279903254600695809
1279903834480001024
1279903915887210496
1279904144602644483
1279904180266774534
1279904279126405121
1279904759705743361
1279905179140190213
1279905446812217345
1279905512562229249
1279905980181078019
1279906080450064385
1279906143289122816
1279906160401735681
1279906234414632963
1279906346335428609
1279906610694012928
1279906769704189952
1279906809231355904
1279906847923847170
1279907173791866880
1279907355635875840
1279907434161754120
1279907434400591872
1279908118814756865
1279908234120376320
1279908464580591617
1279908687604146177
1279909104635588608
1279909249124982784
1279909644362809344
1279909770129027074
1279909845525762048
1279910324766781440
1279910339128090625
1279910457101475841
1279910574734880770
1279910701562318848
1279910877605646336
1279910968378765312
1279911202064412672
1279911737110728707
1279911737559482381
1279911781436198912
1279912075024793600
1279912388008054784
1279912449571827713
1279912480500862976
1279913407278395393
1279913407483908097
1279913560571863045
1279913738515120128
1279913894966943746
1279914525685248000
1279915088238034945
1279915476244590593
1279915845590765575
1279915846156972033
1279915847331377152
1279916169370140673
1279917253627166721
1279918547771314176
1279918778961272833
1279919484665397248
1279920500546904066
1279920885940596736
1279920900062826496
1279921306885029888
1279921542290460674
1279921735484219393
1279921789343281152
1279922421697413126
1279922517029933056
1279922664501645313
1279922814720638976
1279923001723686912
1279923401935728641
1279923487440863232
1279924158542106624
1279924484619845633
1279925007267909633
1279925151191240704
1279926648973012995
1279926788291006465
1279926830095425537
1279927598290780160
1279927914310635520
1279928120611569664
1279928231358083075
1279928392242958336
1279928497402712064
1279928940451303424
1279929151047077889
1279929225823367168
1279929257385492482
1279929343381245952
1279929393385594881
1279929412088147968
1279929694880772097
1279930301804879873
1279930579081822218
1279930580289744896
1279930581506125824
1279930630722195459
1279931079583989763
1279931453967654913
1279931666153299973
1279931828774875137
1279932073843843072
1279932193641582592
1279932235861426176
1279932254748368901
1279932353968824320
1279932396025020418
1279932724258758658
1279932778377666562
1279932795473756163
1279933092648685569
1279933219996123136
1279933546858196992
1279933561706078213
1279933872419901440
1279934404257873929
1279934715114422282
1279935100789174273
1279935794384420864
1279935805994262539
1279935868438933505
1279935991634169856
1279936179111170048
1279936333033570304
1279936473236746241
1279936776447102977
1279937411145969667
1279938084579217409
1279938163679604736
1279938497797906433
1279938720909705218
1279939034484260866
1279939369168547841
1279939757666185218
1279940657033949184
1279940872021442561
1279941194496303105
1279941340718080004
1279941443537252353
1279941821418921984
1279942274118561795
1279942367982702592
1279942446697328640
1279942677560254464
1279943789583437824
1279944196351287298
1279944241708322816
1279944538908274688
1279944973669056514
1279945177277358082
1279945297485946882
1279945466654994432
1279945683345309696
1279945802383843330
1279945881702326273
1279945990741639168
1279946210091073542
1279946244568354824
1279946672446091264
1279946878893858816
1279946938419310592
1279946969671221248
1279947198155767808
1279947405669158912
1279947413348892673
1279947543410065415
1279947626864160772
1279948075369406466
1279948096408031232
1279948640245735425
1279948980181438465
1279949642587951104
1279949765686501376
1279950022910541824
1279950040283467778
1279950047703113731
1279950124781797377
1279950512436269058
1279950517612023808
1279950546388959232
1279950547462705152
1279950692506128384
1279950799989284865
1279950934899113985
1279951339305328640
1279951458314661888
1279951570122276864
1279951577449709568
1279951582872907778
1279951690133798918
1279951697893298177
1279952577371701255
1279953213521879040
1279953215778369537
1279953523837472768
1279953823272927232
1279953832928260097
1279953916914958338
1279953927337701376
1279954287016239109
1279954793134505984
1279954803469225985
1279954863112126464
1279954874877087745
1279954878534574082
1279955625108275203
1279955743110823936
1279956413826174976
1279956568793059328
1279956876738867200
1279957031433261056
1279957139503669248
1279957186513338368
1279957597597073408
1279957684746362882
1279957691067248640
1279957916456570880
1279958166009188352
1279958389758611457
1279958472247967744
1279958574890958848
1279958647863341056
1279959081646784512
1279959403102384130
1279959425554546689
1279959658493620224
1279960142067322880
1279960749327167488
1279960775809994753
1279961334667452416
1279961508491952129
1279961554163818497
1279961575911276546
1279961903591112707
1279962170378223619
1279962301358055426
1279962408237379584
1279962678262456321
1279962779999444994
1279963208091123719
1279963375045312512
1279964270478974979
1279964477514035201
1279964727968489472
1279965158538907649
1279965653949177857
1279965737680023552
1279965832328540160
1279967330148237314
1279967647757672448
1279967703407554561
1279968516855259136
1279969216544804865
1279969242096549888
1279969278012329986
1279969507881168901
1279969643218812929
1279971488725184512
1279971523227316226
1279971639569125377
1279971684154564608
1279971803990052869
1279971873267343360
1279972485291741184
1279972713537437699
1279973455224504325
1279973971446968320
1279974027910676480
1279974043215704065
1279974627670994945
1279974842998063105
1279974992524922880
1279975706714419200
1279975951745638401
1279976277529767942
1279976358718963712
1279976751804768258
1279976752832327684
1279977468670042112
1279977992924680192
1279978201897406470
1279978248860909568
1279978875259363330
1279978920650080257
1279979062061080581
1279979435396157440
1279979670981750784
1279979875772895232
1279980201846272000
1279980485192515585
1279980536409272320
1279981041437073408
1279981785330249728
1279982262524788738
1279982293654831104
1279983070452555776
1279983541623848960
1279983666479980545
1279983866527301632
1279983930494513158
1279984128264454147
1279984289224982528
1279985130426322951
1279985981509304321
1279986016451870723
1279986974435299328
1279988368940634112
1279988677003956227
1279989800402108421
1279990325197627395
1279990338535305218
1279990339621629953
1279990339684597761
1279990340682780672
1279990497721925633
1279991325274918912
1279991525569695745
1279992533670600706
1279992563123064840
1279993415724343298
