1284711198324383752
1284711506572083200
1284711732259299328
1284712057372368897
1284712326051041280
1284713268792172545
1284713527937122304
1284713588280578051
1284713598376275968
1284713617351249922
1284714069916676101
1284714278143037440
1284714311521316870
1284714438319149056
1284714933041737728
1284715986944438272
1284716575107493888
1284717692033916934
1284717764217843712
1284718179751690240
1284718286601629698
1284718568303734784
1284718761661128704
1284718841671700480
1284719522503553026
1284719820462788608
1284719993444278273
1284720066890739714
1284720117021118471
1284720848553668608
1284721240620638211
1284721411983122433
1284721890645413888
1284721982240550913
1284722001614188544
1284722080454520842
1284722374512971777
1284723466583912448
1284723631696707586
1284723899884662786
1284724281834762241
1284724406699393024
1284724575058767873
1284724610357956608
1284724619337846786
1284724948112678922
1284725460702646272
1284725967026520064
1284726385567772678
1284726481038581760
1284726556137607169
1284726641680420865
1284726995541262337
1284727363385749504
1284727455912091649
1284728027964944390
1284728418806960134
1284729099282505728
1284729406209110016
1284729490304794629
1284729539202109441
1284729820627316736
1284730349281566720
1284730462443839488
1284731151756787712
1284731243704221697
1284731489708650496
1284731788158554112
1284732000352468992
1284733191484575744
1284733269259333633
1284733562210717696
1284733690786930688
1284733890855395328
1284734192648171522
1284734503857127424
1284734716000837640
1284735059220746240
1284735154053877762
1284735676513222658
1284738093069873153
1284738706696540162
1284739149602459648
1284739253088301056
1284739330083131392
1284739512640237568
1284740009115791360
1284740131359010816
1284740665377804289
1284740726631419906
1284741048451977218
1284741194732523523
1284741218627461120
1284741559129440257
1284741914126880768
1284742954129776640
1284743360834461697
1284744321942650881
1284745009774780416
1284745346086850560
1284746378623803393
1284746454335193088
1284747936908419072
1284748002746302464
1284748062901121024
1284748366585331714
1284748710866452481
1284749383326732288
1284749408769323008
1284749691356241920
1284750396838285312
1284750712992223233
1284750985135624193
1284751284873179136
1284751422802673664
1284752209478070272
1284752358254223360
1284752458976296961
1284752464214925312
1284752465485721601
1284752623489277952
1284752660764270594
1284753136918421504
1284753614981025793
1284753752314937344
1284754244533465095
1284754289303445505
1284754385097170944
1284754613539749889
1284755761478995969
1284755816986312710
1284755965347274768
1284756183492984832
1284756311817760768
1284757712283283456
1284759002455453697
1284759329523064833
1284759340575084545
1284759516224118784
1284759901160472576
1284759950842040322
1284760094694150144
1284760233408172032
1284760367441293318
1284760655606603776
1284760757738102786
1284760783994273792
1284760980237492225
1284762328756482051
1284765165473406976
1284765599340658688
1284765814818840576
1284765889477435395
1284765994754478086
1284766025435811843
1284766538487169025
1284767269168480256
1284767480787894273
1284767649658998784
1284767690054422528
1284769430027866112
1284769785763553280
1284769893053865985
1284769966470778880
1284770390636728320
1284770410647695363
1284771117228609537
1284771567738789889
1284771844806135809
1284771935256301571
1284772240068878337
1284773064526495749
1284773236383916032
1284773430294974464
1284773576797818880
1284773724076605440
1284774423950655489
1284775071161212930
1284775279169282048
1284775302271565824
1284775321808580608
1284775357279875073
1284776338029772800
1284776503927070720
1284776599037116417
1284777017808875520
1284777310709784576
1284777418029281281
1284777756044095494
1284778278973132801
1284778291866603522
1284778695140560896
1284779402576965632
1284779451092434945
1284779866697666566
1284779975447416834
1284780283175239681
1284781319558516736
1284781873961603072
1284781884480860160
1284782875569684482
1284783057090891781
1284783085947686913
1284783155094917121
1284783221977292800
1284783591944224768
1284783977895809024
1284784076327714817
1284784562921287680
1284784567094702083
1284784568675954689
1284784570542338049
1284784572803112960
1284784768010379264
1284784933903294464
1284785010751332354
1284785759589982208
1284786070744334341
1284786302513057792
1284786445119520769
1284787569318928386
1284787851490660352
1284788065857396738
1284788072991858688
1284788643069153281
1284788965086646272
1284789038495531008
1284789482164756480
1284789484077363201
1284789557880332288
1284789748310081536
1284789751380422659
1284790095476916228
1284790242365644800
1284790468283375617
1284790594452299776
1284790630003216385
1284790907670335490
1284791416292618240
1284791865850683392
1284791954778226688
1284791966316630016
1284792612264841216
1284793387887910913
1284793554821234689
1284793664544309249
1284793679530668037
1284793680721846272
1284793840851980290
1284793917926506496
1284794014789783553
1284794754891423745
1284794848906817536
1284795193124884480
1284795540878897152
1284795555424731142
1284795733724606465
1284796654630117378
1284796704038977536
1284797114011332608
1284797177773150213
1284797504521932800
1284797685241806848
1284798033411166208
1284798714381574146
1284798864210485248
1284799074881941505
1284799250749104128
1284799659978878976
1284799661501538306
1284799907463745536
1284800746878271488
1284801358303039488
1284802454798962688
1284802522063011841
1284802893904842753
1284803139854577664
1284803148016693248
1284803190009901056
1284803216878649346
1284803269932355584
1284803635600293888
1284803736666279936
1284804383897800704
1284804502399463426
1284805218786521088
1284805263015411718
1284805341839069188
1284805380518879238
1284806957577035777
1284807583631642624
1284807760195072001
1284807856190103552
1284808034909401089
1284808087099117568
1284808980351647745
1284809056490856449
1284809359030128641
1284809388600033282
1284809576664137734
1284810242853875713
1284810783864483841
1284810954459447296
1284811116317757441
1284811358526148608
1284811397314961408
1284811948987748358
1284811964137394176
1284812789425610753
1284813117763883010
1284813174894735362
1284813542609297409
1284813663619121155
1284813856582205441
1284813885006962689
1284814390160744449
1284814505529114624
1284814506187603968
1284814508209303553
1284814538957885440
1284814673695645697
1284815004894543872
1284815053091418113
1284815833357783042
1284815868497661952
1284815927826055168
1284815977612443648
1284815983862054912
1284816182378463233
1284816188065951745
1284816361131323397
1284816384908820481
1284816450637750273
1284816636499894272
1284817227783577600
1284818097342492674
1284818205085773824
1284818754535190528
1284818805135466500
1284818912392081408
1284819045125152768
1284819209780891654
1284819607392575490
1284819642335162374
1284819775126933504
1284819965967835136
1284820403488161792
1284820494047379457
1284820797169664001
1284821241849880576
1284821500772720640
1284821658256236549
1284821888347312130
1284822305546186752
1284822416687079425
1284822516825980933
1284823070637727746
1284823318789595137
1284823805337141249
1284824087592747008
1284824220451704834
1284824454397399043
1284824598169747457
1284825182901645313
1284825533641920514
1284826698723192834
1284826777655873537
1284826876817534977
1284827131122528257
1284827397322190848
1284827617376468996
1284828226250960896
1284828490475417600
1284828858999468037
1284829027426017280
1284829255860461568
1284829348596350976
1284829353218641920
1284829372512444416
1284829428481228800
1284829535620530176
1284829856597831681
1284830828309225473
1284831394477285377
1284831685889138688
1284831751479721984
1284831781527715841
1284831994229264388
1284832059442245633
1284832093877481473
1284832247380447232
1284832277818748931
1284832372135989248
1284832490998333440
1284832852786458624
1284832931203166215
1284832963050508289
1284833161667633152
1284833253875232769
1284833409349693442
1284833526756581377
1284833655370723328
1284833747259408385
1284833862434959361
1284833890704793602
1284833945604022272
1284833981293309953
1284833986548727809
1284834691959468032
1284834751220604929
1284834767964385280
1284834971773960195
1284835302318788609
1284835643772727296
1284835768159080452
1284836175828656130
1284836357035065344
1284836730311512064
1284837652227919873
1284837686902165505
1284838022714920962
1284838034337181696
1284838166910742533
1284838202470170625
1284838708269719552
1284838741014650880
1284839317546860544
1284839377479233536
1284839764806578176
1284839800814440448
1284839858255663106
1284840262133600256
1284840301224329223
1284840419524829184
1284840423228350465
1284840501699473408
1284840724580773893
1284840746856722435
1284841217424007169
1284841476367753216
1284841568214687744
1284841591245615105
1284841955474771968
1284842148362424320
1284842359457538048
1284842382295543809
1284842650642915328
1284842668720140289
1284842822265384961
1284842832214228993
1284842844725944320
1284842986480848897
1284843416040476678
1284843447791292416
1284844072738238464
1284844112462729216
1284844576189145091
1284844619084300294
1284844686239100928
1284844815679717377
1284844955756888064
1284844962224443392
1284845610277851138
1284845868475088896
1284845897776369665
1284846812285874177
1284847198635794432
1284847234505420806
1284848172620283905
1284848205017100288
1284848526997020673
1284848641342091264
1284848929377587203
1284849077952425985
1284849400406310915
1284849996949524481
1284850205528137728
1284850349724045312
1284850389590970372
1284850826226401280
1284850885412216835
1284850942417022977
1284851211200532481
1284851409310146561
1284851815624912897
1284852011020754944
1284852197629419521
1284852252209934336
1284852543374397440
1284852662761074690
1284852954198155266
1284853136830738438
1284853298508570624
1284853435930685442
1284853500204154881
1284853775803572225
1284853917252308992
1284854366277562373
1284854404940611584
1284854442513166337
1284854952326815748
1284855092580163586
1284855209781538817
1284855483438964737
1284855666579058690
1284856026596904961
1284856613720006656
1284856920210173953
1284857905121038336
1284858245987946496
1284858607935336448
1284858673001627649
1284859300821602312
1284859349932871680
1284859592086818816
1284859598252519431
1284859701243416576
1284859899936047105
1284859902054334465
1284859975140085764
1284860356020645889
1284860438665191424
1284860967223021571
1284861170701271040
1284861291102863360
1284861535056285700
1284861809724403715
1284861831111151620
1284861840057683968
1284862461032706049
1284862488991932416
1284862571057745920
1284862826444619783
1284863116665380868
1284863136567304192
1284863149699719170
1284863173401743360
1284863646997176320
1284864433836130304
1284864690544349185
1284865104287281152
1284865205617537027
1284865672913268736
1284865757684404224
1284865879348523010
1284866464139403264
1284866996576780288
1284867206644477953
1284867338727313409
1284867405651382272
1284867451017211907
1284867455299411969
1284867494969331714
1284867708937359360
1284868270734995456
1284868281787015168
1284868304763576320
1284868565754163200
1284868639905259521
1284868861624385537
1284869178093166592
1284870579355615232
1284870606928912384
1284870652906934274
1284870673320611841
1284871264356708356
1284871286380879873
1284871376852025345
1284871630619983874
1284872266304684038
1284872456235253760
1284872581695381511
1284872999267643392
1284873059179147265
1284873608280645634
1284873764736466949
1284874252961886209
1284874896724627458
1284874876113653766
1284875026605326337
1284875262816063488
1284875270936199170
1284875356042747904
1284875618233049088
1284876435740647425
1284876507056427009
1284876595279409153
1284876750070132738
1284876945210179590
1284877054408785925
1284877573651038211
1284877849023795200
1284878092926955522
1284878353535848448
1284878376071843842
1284878493025697792
1284879260038107138
1284879268393123841
1284879342552649728
1284879363507249153
1284879380314030082
1284879717108264967
1284880121959190528
1284880140925886466
1284880300472799232
1284881092923871232
1284881436579753984
1284881477021208576
1284881821251981316
1284881880450506752
1284881903473045504
1284882118728966145
1284882121375518720
1284883053899325442
1284883744751587328
1284883871566311429
1284883974150594562
1284883987685679110
1284884035945275392
1284884084536283138
1284884473566261248
1284885119568879619
1284885184362536960
1284885419344236547
1284885475216392193
1284885785515307010
1284886174830649344
1284886501772460034
1284886602662076416
1284887376268066819
1284888212511563776
1284888404589764608
1284888831783772160
1284889126240649216
1284889200987439111
1284889229693276162
1284889259866906624
1284889263763533824
1284889500787728385
1284889531070783488
1284889545541115907
1284889601635688449
1284889674474049539
1284890125651058693
1284890164813340672
1284890262204973056
1284890264675459072
1284890937156669441
1284892036219494400
1284892101583368192
1284892225407717376
1284892225604853760
1284892348837584897
1284892368651485187
1284892503913758721
1284892652857552896
1284892908819116032
1284892912044523522
1284893284494606339
1284893362139660294
1284893467311833088
1284893641350291456
1284894106897063936
1284894124412264449
1284894181874233344
1284894852321337344
1284894936853340160
1284895428899680259
1284895856748122112
1284895912477614080
1284896170305892354
1284896183387815936
1284896205579984896
1284896351084584963
1284896746032836610
1284896855353163785
1284896869081141250
1284896946264702978
1284896965776400386
1284897243238195200
1284897255103889409
1284897295838990336
1284897827592830977
1284897960724135936
1284897973906796545
1284898092580573185
1284898181835190273
1284898347099267079
1284898378128723968
1284898648837492741
1284898937611014144
1284899146151976963
1284899477367803909
1284899592715358209
1284899662256906240
1284899681210859528
1284899775624679427
1284900066294222848
1284900068408033282
1284900140470468609
1284900215342936066
1284900917062569987
1284901449718272002
1284901609395425286
1284902266844127232
1284902546717511680
1284902629395570688
1284902784425312256
1284902941858697216
1284903101556682754
1284903197656612864
1284903318440091653
1284903792941707264
1284903813044998144
1284904304923598848
1284904536075915265
1284904560193089537
1284904601892741120
1284904605474676736
1284904606862958593
1284905164319731713
1284905299388755969
1284905504955756545
1284905525344436225
1284905851539451904
1284906062496358400
1284906814975496197
1284907115673509891
1284907174863544324
1284907207558074371
1284907782055972869
1284907802000076806
1284907803539316737
1284907930857373697
1284907950176456704
1284908330868248578
1284908737220804608
1284908836378288128
1284909053509013504
1284909849705406464
1284910586879455232
1284910820338458629
1284910863372242944
1284911202947272705
1284911264670593025
1284911492941455361
1284911512323334147
1284911690103107585
1284911808487227392
1284911882764247046
1284911916863893510
1284911917904134144
1284911947297837057
1284911969590489090
1284912957940539393
1284913125339410434
1284913581318983681
1284913773774544897
1284913811275866120
1284914265296691201
1284914685645672456
1284915275222126592
1284915693763399681
1284915786969210885
1284915873040474112
1284915876953825283
1284916056193032192
1284916117778112514
1284916430610333697
1284916559119552512
1284916784500531201
1284916919481643008
1284916924866949120
1284917302589362178
1284917576037011458
1284918048923820034
1284918510624309258
1284918862090244099
1284918996161236996
1284919039366778880
1284919219637952512
1284919403792920578
1284919452618772481
1284919453625401344
1284919602519080960
1284919727882530816
1284920117705486336
1284920408861548544
1284920432571887617
1284920876970856448
1284921373798936576
1284921736878788610
1284922013014876160
1284922080539148288
1284922130182950915
1284922373662281729
1284922470173220865
1284922490851033090
1284922842363109376
1284922887716175872
1284922896121507846
1284922976694087692
1284923050404851713
1284923326369075200
1284923606133166082
1284923879782264832
1284923885301841921
1284924242350546944
1284924407434162177
1284924674573508614
1284924688599310342
1284925110785380352
1284925178150084610
1284925312468426755
1284925637652709381
1284925800257474560
1284925889025802245
1284926220648448004
1284926282208366593
1284926303284736007
1284926338101583874
1284926735784595463
1284926906194956292
1284927332210413578
1284927350904426497
1284927586288783361
1284927964380004355
1284928610781007874
1284928621467930624
1284928657107169280
1284928795091316737
1284928886304735232
1284929293647319041
1284929401445060608
1284929462119788544
1284929514028621826
1284929638301483009
1284929660321767428
1284929778341027841
1284930002715320321
1284930664433725445
1284930691285876742
1284930816355819523
1284930874702790658
1284931091644715008
1284931320561446914
1284931583481274368
1284932408786157569
1284932444114882566
1284932671722979328
1284932737426759680
1284932902631989254
1284933010597404673
1284933453616746510
1284933851907854336
1284933858249646081
1284933885978173441
1284934251679555585
1284934301172342785
1284934422039425024
1284934556278284289
1284934578696867840
1284934598951161856
1284934819231588352
1284935057270910976
1284935708004818951
1284935827408195585
1284936512136720384
1284936878458798080
1284937287902605313
1284937337487663104
1284937627855192064
1284937704355123206
1284937771866628098
1284937787603656704
1284937950665428992
1284937957506289664
1284937989974523905
1284938081142022144
1284938212306280449
1284938694147796993
1284939142682615812
1284939746859536385
1284940606876327937
1284940634244083712
1284940807242473478
1284941321921339392
1284941416599302145
1284941420420358144
1284941625056165890
1284941932976906240
1284942158240387073
1284942444182863872
1284942529671110656
1284942850501873665
1284942903513579522
1284942921435930624
1284942939500638208
1284943303046074368
1284943333253476352
1284943479013924866
1284943727392366593
1284943820568788992
1284944180448563200
1284944268096937987
1284944318072066048
1284944404302704641
1284944471587790850
1284944534309347328
1284944547840241669
1284944634783948800
1284944719974293505
1284944814862209031
1284944834717986821
1284944973343920131
1284945152881176577
1284945261576544256
1284945313862737920
1284945592049979393
1284945708764758018
1284946400330027009
1284946861380575233
1284947449514274824
1284947525347287040
1284947554115956744
1284947586202382342
1284947737981706248
1284947765869654016
1284947884824240129
1284948395455545351
1284948402053283845
1284948428020232192
1284949149033496576
1284949150111420416
1284949675506884608
1284949723783331849
1284950003933470722
1284950140420325379
1284950255847591938
1284950407924547584
1284950469513797636
1284950636736331776
1284950694705819648
1284951098558685184
1284951317702680577
1284951630975303680
1284951710285197312
1284951754417885184
1284951912702447619
1284952004943654912
1284952228663627776
1284952405902270464
1284952419860975616
1284952430678089728
1284952613654585346
1284952774409506816
1284952986947596289
1284953132146073601
1284953296810237958
1284953671038636034
1284954084848664578
1284954347147649024
1284954516232732673
1284954775893811200
1284954820542111747
1284954955871399939
1284955007415197697
1284955365617086464
1284955498924605442
1284955548677541899
1284955754458423299
1284955829515554819
1284955880270815247
1284955967445229579
1284956168478220290
1284956238078517250
1284956246420881411
1284956267312582656
1284956346207485953
1284956761242447874
1284957093947232257
1284957257625722880
1284957314970202112
1284957604784087042
1284957640867618817
1284957645007474694
1284957746165686286
1284957877980069888
1284958134176538629
1284958323289153536
1284958755969531910
1284958763481538560
1284958785899986944
1284959154600214529
1284959403763019777
1284959873579601920
1284959879137038336
1284960050193281025
1284960140370808833
1284960158863499270
1284960289197133824
1284960467312504832
1284960467283251201
1284960468621119488
1284960529304477696
1284960530864599040
1284960582416957440
1284960614729818112
1284960815322468355
1284960883849007107
1284961147637190658
1284962065157951488
1284962229478031361
1284962250248400896
1284962479911518208
1284963428885499908
1284963704816062464
1284963854766792706
1284964004964769793
1284964087261274118
1284964113668427777
1284964114725396480
1284964115794939904
1284964116042403841
1284964125056143360
1284964339825467395
1284964674996510720
1284964807309955073
1284965117684183040
1284965846004174848
1284966166088253440
1284966223118127104
1284966262582501376
1284966354940919811
1284966398159093762
1284966690971955201
1284966941342474246
1284967077825196032
1284967385309409280
1284967480029569025
1284967549734490112
1284967959774076940
1284968052073930757
1284968232319881217
1284968695601729536
1284969020685418497
1284969291608133635
1284969462085681155
1284970417543942145
1284971954227871745
1284972016743976962
1284972137674137605
1284972262685315072
1284972782833606657
1284972898088816640
1284972919005880321
1284973033711702021
1284973163772813313
1284974013194874881
1284974099756916737
1284974143864221696
1284974211212161024
1284974243596447744
1284974675345518597
1284974733629562880
1284975232546148353
1284975350649425921
1284975513426169856
1284976480993370113
1284976658584305665
1284976725991071747
1284976873940946945
1284976900931190784
1284976908904669185
1284976939120259072
1284976947689336835
1284976982904770573
1284977022624649219
1284977049891942400
1284977113234173952
1284977487227715585
1284977685630877696
1284977932180627456
1284978328793825280
1284978406225063937
1284978438487642112
1284978596000468992
1284978708583870464
1284978819993153547
1284978901928878080
1284978925970612229
1284978952688201729
1284979038843482117
1284979097366650881
1284979212437188608
1284979213573844997
1284979215549382656
1284979261238108163
1284979300928827399
1284979502007963650
1284979604147462144
1284979628365557760
1284979686175657984
1284979790475223040
1284980184836378624
1284980295087710208
1284980349324468224
1284980493490978816
1284980503339311110
1284980907854532608
1284981411489947649
1284981502128906241
1284981606269083648
1284981688821579776
1284982060151709701
1284982107622780929
1284982108491075584
1284982343732809728
1284982415979675652
1284982779743211527
1284982786898698241
1284982994411765760
1284983008919818241
1284983012761821184
1284983016352124930
1284983023260168192
1284983364521299968
1284983518217543680
1284983523066159108
1284983600912400387
1284983607954743299
1284983788271996929
1284983924217851904
1284984209682108416
1284984237045817344
1284984390204809217
1284984570492796930
1284985023150596096
1284985646151606274
1284985700908228610
1284985820844363776
1284985879564607488
1284985879778426880
1284985940591677443
1284985964532817920
1284986335628066816
1284986415626035204
1284986596488622085
1284986862918963200
1284987206507958272
1284987298749100033
1284987298749091840
1284987441754013697
1284987552710168577
1284988053199548417
1284988299879358464
1284988360382205961
1284988618411520001
1284989055797809153
1284989783522058241
1284989820654190592
1284990100481417216
1284990114075234305
1284990278852440064
1284990367566266368
1284990837655367681
1284990932828512256
1284991053980991488
1284991250769178625
1284991258180673536
1284991342683226116
1284991438103744512
1284991563265966081
1284991702726578180
1284991802349457408
1284991870913990657
1284992375711051785
1284992547044171777
1284992669161267201
1284992687628644353
1284992830281220096
1284992971398623233
1284993065464274950
1284993319563649026
1284993502762369025
1284993622539210756
1284993796330024960
1284994156536795137
1284994314695671808
1284994340855492609
1284994514717941762
1284994723636183041
1284994782612410368
1284995592771469312
1284995611859783680
1284995654901575680
1284996023551774720
1284996655247319040
1284997005182369797
1284997154227060738
1284997168256909322
1284997359592779778
1284997646881566720
1284997709506785282
1284998145039044614
1284998162726494208
1284998256599224320
1284998361813323778
1284998976882618368
1284999161608364032
1284999665927233536
1285000300634480640
1285000601550688259
1285001233091174400
1285001344827392005
1285001739943514115
1285002362399141888
1285002364324380673
1285002439951884288
1285002994245701633
1285003967332835329
1285004079043944451
1285004826070450176
1285005277960470529
1285005302551764993
1285005310860554241
1285005608966656001
1285005709441146881
1285005802265145344
1285005967839682564
1285006000194560000
1285006681924042752
1285006742993215488
1285006888619388928
1285006984115179520
1285007192068947968
1285007515911102465
1285009295638069248
1285009409320513536
1285009411509899265
1285009747033423872
1285010033743482881
1285010204438917120
1285010367656206339
1285010417518096384
1285010611982737409
1285010829226790920
1285010937620033536
1285011091546931201
1285011893963415552
1285011996216381440
1285012074817617920
1285012211329638402
1285012436890902529
1285012913208598528
1285012957320171520
1285013163868655616
1285013325038919681
1285013398464483329
1285013930981625856
1285014455005450241
1285014740033572866
1285015883904094208
1285016146379304960
1285016362595889153
1285016697137766400
1285017220855234561
1285017839527755781
1285017892417949697
1285017991818731520
1285018349445971969
1285018611996921856
1285019145210388480
1285019470163935233
1285019715610595328
1285019855691759618
1285020217396142081
1285020363760574464
1285020515736981506
1285020665888870400
1285020764752809984
1285020826727780353
1285021102352154624
1285021551880962050
1285021850112794624
1285022119974391809
1285022828501389314
1285022933086240771
1285022956205289474
1285023005857341445
1285023124149370880
1285024081490976770
1285024431358844930
1285024507762053120
1285024508940697600
1285024510039560194
1285024511247540224
1285025111611932672
1285025342244216832
1285025709220679681
1285026265045532673
1285026591224008704
1285026769607757824
1285026825840844813
1285026826985844738
1285026887304126464
1285027161724850176
1285027305656594432
1285027408031121409
1285027464155144193
1285027473718235138
1285027687984099328
1285028007619563523
1285028161554575360
1285028180433068032
1285028195238993922
1285029560631910406
1285030004041056256
1285030945096183809
1285030980236050435
1285031388018872320
1285031542264389632
1285031563567271937
1285031737429549056
1285031751786668032
1285031833902755842
1285031945752195073
1285032112379371523
1285032207065780231
1285032379296428032
1285032509659545606
1285032686067888132
1285033076993609728
1285033425477476353
1285033450416873472
1285033582268944387
1285034512779550720
1285034830472904705
1285035416178118661
1285035459241037825
1285036388480622593
1285036494135136256
1285036719256023041
1285037209880367104
1285037781304188934
1285037981116403712
1285038195663675393
1285038301624315905
1285038405504688129
1285038408155504647
1285038755854848001
1285038878701879297
1285039014437949445
1285039174358368256
1285039499089776640
1285039609240379394
1285039609269776384
1285039612813926403
1285039622939127810
1285040098057359360
1285040428429918208
1285041173732745216
1285041680354336768
1285042393746673666
1285042429486419973
1285042689805897728
1285043210692235266
1285043283866132480
1285043432927436802
1285043825434603521
1285044245544538120
1285044315761381377
1285044487799046144
1285044542098612225
1285044734323339265
1285045937916850177
1285046077801062400
1285046204062212097
1285046341039783938
1285046556530544641
1285046782834233344
1285046888262180864
1285047174053732357
1285048238169640963
1285048449986113536
1285048483351629825
1285048616818794497
1285048964983787520
1285049065521082368
1285049162887659526
1285049561606770688
1285049902213537797
1285050018341126144
1285050034485104640
1285050796107796481
1285051316931305474
1285051620108181504
1285052414220009472
1285053223439671296
1285053528487198720
1285053961968463872
1285054249035071495
1285054480707395586
1285054710177648641
1285054712073478145
1285054755371393025
1285054932815687681
1285055141012557832
1285055420139274241
1285056336875515904
1285056363270475776
1285056639196975104
1285056810949410817
1285057010875142144
1285057013689528320
1285057242455252993
1285057502317613057
1285057720521981953
1285057781813272580
1285057913963384832
1285058471000506368
1285058509944442880
1285058762525405185
1285059263644213248
1285059727542624256
1285059859994550278
1285060880183422976
1285061426143465473
1285061597409562629
1285061682499391488
1285061894382989315
1285061926138060801
1285061991216930817
1285062512262643712
1285062645922627584
1285062719591383042
1285062854824079362
1285063159880065025
1285063430857203713
1285063525547868160
1285063652895150080
1285063736487825408
1285064312281640960
1285064313447878656
1285064360419717120
1285064756534050816
1285064980195311620
1285065336459530240
1285065747820150784
1285066348251549696
1285066814846836736
1285067917164511233
