1287967708492050435
1287967731934015488
1287967759645552640
1287967843930300416
1287967902096928769
1287968218242527240
1287968242875674624
1287969234048503812
1287969529293950977
1287969546507173888
1287970833428811776
1287970875887820800
1287970970091663361
1287971229304000513
1287973677267668992
1287974260921769984
1287974517701332992
1287974987740131329
1287975478666629120
1287975551748255744
1287975828622462977
1287975911317360640
1287975923296489472
1287976425388011520
1287976789973884928
1287977018542288896
1287979538434134017
1287979806504583168
1287979983722274816
1287979987635560448
1287979989426552834
1287979991574044672
1287979992039604225
1287980270491238405
1287980561399717890
1287981409903280128
1287981674110898176
1287981886153740288
1287982923107508225
1287983069044051970
1287984645800259584
1287984646924337153
1287984660191031296
1287985422195466242
1287987286232031232
1287987415169355779
1287987416872226818
1287987660334739457
1287987777410338819
1287989262319865858
1287989578046083077
1287989770849853440
1287990205069160448
1287990259675025408
1287990728837267456
1287990786236317697
1287992156385402883
1287992192934400000
1287992302896644101
1287992401127182337
1287993089253085184
1287993421819523072
1287993667572072449
1287993765479747584
1287994693410856960
1287994955944747012
1287994956087361536
1287995027818520576
1287995415078592513
1287995602534637569
1287996956741111808
1287997178112335872
1287997766866800640
1287997922018197509
1287998607921094656
1287998684530126850
1287999110268715008
1287999653158572039
1288000116520083456
1288000217124605952
1288000654091464709
1288001193931751426
1288001720765865984
1288002089449381888
1288002288997539840
1288002526978232327
1288002972220366848
1288003094471757824
1288003153326157824
1288003161656045568
1288003275380277248
1288003422659256320
1288003564795822085
1288003695603527680
1288003823869468672
1288004079118032896
1288004979475779585
1288005381395013632
1288005413049434112
1288005455910862848
1288006197610774529
1288006951717294082
1288007163823054848
1288007164926124033
1288007777634471937
1288008277419270144
1288008412798881792
1288009165676453889
1288009476646277120
1288009935091974145
1288009957191888896
1288010044424912899
1288010571535675392
1288010746148925440
1288010917410570240
1288011344621576194
1288011405623537666
1288011946340491265
1288012426559008768
1288012669253873666
1288012784698089472
1288013404209324032
1288013530990608385
1288013720778661889
1288014463673618432
1288014808051265537
1288014979271143425
1288015019133804544
1288015070354644992
1288015085865066496
1288015593564585986
1288015601038958593
1288015865972129793
1288015972708880385
1288016291287240705
1288016330487144448
1288016727876526081
1288016971804672000
1288017230471417856
1288017231519952896
1288017520193163264
1288017620072046593
1288017794383187968
1288017828289945601
1288017839442530304
1288019320338030594
1288019366873690112
1288019845934534658
1288019914050027521
1288019928096878598
1288020074415169537
1288020325993779203
1288021285231038465
1288021312170991618
1288021356211249153
1288021401924849664
1288021479972642816
1288021704464269312
1288022139430305793
1288022392430686213
1288022393684811777
1288022899794812929
1288023086714028037
1288023619566739462
1288024496985853954
1288025780652519424
1288026352868888576
1288027117435920384
1288027336248614913
1288027890878226432
1288029675986526208
1288030081328263169
1288030776353751040
1288032949871316993
1288032955584131073
1288033214041399296
1288033435504738305
1288033715025620992
1288034226433150976
1288034231491465216
1288034239120908288
1288034254190936065
1288034616117534721
1288034933022367745
1288034949749248000
1288036082362339328
1288036353243045889
1288036470540963840
1288037019889926144
1288037240547901442
1288037241650999298
1288038407051018241
1288038660001148929
1288038818122280961
1288038980391501824
1288039032841293824
1288039268636659713
1288039314182606848
1288039426916929536
1288039555333931009
1288039626976800768
1288039630554533888
1288040351278669826
1288040456430014464
1288041139954540545
1288041481295470594
1288041673575092230
1288041935890939904
1288042275109507077
1288042527426256896
1288042573081260033
1288042626411835393
1288042914568982534
1288043140683902977
1288044276362944513
1288044483792252929
1288044806669664256
1288044947749441538
1288045014598258688
1288045087042174976
1288045141123641344
1288046597343834112
1288046599046930432
1288047291539103744
1288047566245036033
1288047627192479745
1288047688198565888
1288047897678876672
1288048194492997632
1288048533011156993
1288049278770974721
1288049452654235649
1288049631142715392
1288049888551370752
1288049949041659904
1288050203199787010
1288050637780000768
1288050662819995648
1288051973128937477
1288051975624568837
1288052069090250752
1288052325123272704
1288052898446872577
1288053155742330881
1288053182573281280
1288053434869059586
1288053940085501952
1288054345326628872
1288054477807710208
1288054478894112770
1288054693630025728
1288054867634851841
1288054995418591232
1288055386180931584
1288056250677243904
1288056332181032965
1288056981857751040
1288057291800027141
1288057957603782658
1288059367779074048
1288059795833053184
1288059969997340675
1288060235580469254
1288060744693620738
1288061164132474880
1288061426318245889
1288061740517859333
1288061812840304646
1288062211408244738
1288062409542959104
1288063934067605504
1288064198707220480
1288064783460315138
1288065008174342144
1288065024150339584
1288065438581170177
1288065530105135105
1288065794996396034
1288067013395570691
1288067244619169794
1288067513121558528
1288067653878329345
1288067811265458176
1288067817355595777
1288068087632330753
1288068452662509568
1288068549332865025
1288068634942701568
1288069019610750978
1288069327086694401
1288069367209447425
1288069917175091200
1288070226014281730
1288070262085353472
1288070502616109056
1288070655586566145
1288070692836192256
1288070704592818176
1288071287332626432
1288071801340395521
1288071900095115265
1288071921914060801
1288071939161051139
1288072201703497728
1288072500707037184
1288072543841050624
1288072787115028481
1288072823832018952
1288072851854168066
1288073175813836800
1288073246487846912
1288073831647772672
1288073880922275841
1288074417042407425
1288074433022906368
1288074433601691650
1288074756458242048
1288075189281009670
1288075586322104320
1288075596250132483
1288076371244118016
1288076388797382658
1288076472939356167
1288076840092016640
1288076943259250688
1288077189464948736
1288077856275300352
1288077865922306049
1288077886084112384
1288077890064547840
1288077907475062784
1288077909618565121
1288077911170232320
1288078036580077568
1288079534915346432
1288079946338848768
1288080059484573697
1288080082507096065
1288080172437008384
1288080334572138496
1288080888467795971
1288081204957388801
1288081216579801088
1288081221499715587
1288081571573108738
1288081632562380801
1288081676170604544
1288081705840996352
1288081963430150144
1288083436138356736
1288083565784301568
1288083732583284736
1288084122670374912
1288084498874281984
1288084595590795264
1288084655325888517
1288084675106201600
1288084677211721728
1288084679715729409
1288084815464595456
1288085607630151680
1288085975952916480
1288086017409507328
1288086049005027329
1288086292862050304
1288086581681762305
1288086848196222977
1288087369439207426
1288087418176802821
1288088152008085506
1288088330081632256
1288088728892772353
1288088890859851777
1288089079268216834
1288089316669952001
1288089620899672067
1288089667418677248
1288089708359286785
1288090090514845702
1288090489330204680
1288090490768850951
1288090493184872448
1288090732172136448
1288091210901532672
1288091681343111171
1288091818702315521
1288092137389604865
1288092167118958592
1288092667289583616
1288093110711582721
1288093114549391360
1288093806093578240
1288093929372606466
1288093954228080643
1288094230993395713
1288094529103552513
1288095023276285952
1288095101521022979
1288095242525319168
1288096622413582339
1288096625676582912
1288097058373738497
1288097491108298752
1288097803395309569
1288098013097811968
1288098212272918529
1288098488270585857
1288098824532242432
1288099648654020609
1288099649874608128
1288099939646672898
1288100123730354178
1288100262696095748
1288100833020841984
1288101935816609792
1288102124379869185
1288102729219334148
1288102813084549122
1288102963651555328
1288103512489041920
1288104025376862210
1288104171644899329
1288104205052530689
1288104413803024385
1288104570204442624
1288105495958638593
1288106520681512960
1288107220840984576
1288107574190014464
1288107848782589961
1288107924783538176
1288109187247923202
1288109967031939081
1288110092999589888
1288110291603996679
1288111075716554752
1288111461307318276
1288112077244993537
1288112110497443842
1288112139501105154
1288112324004388880
1288112744344903680
1288112791283326980
1288112953208709123
1288112967070842881
1288113058980626439
1288113478318743554
1288113632421638145
1288114011582525441
1288114506829189120
1288114518053154817
1288115001459318785
1288115072372334592
1288115663244914691
1288115918569013256
1288115919458189312
1288115919663710208
1288116065294196753
1288116678279041029
1288116830159036422
1288117845071548421
1288117890072240129
1288118149984866309
1288118176375480321
1288118537056264192
1288118829424369675
1288118972529876995
1288119933004521472
1288120193529417729
1288120343916195841
1288121246362689537
1288121523648118786
1288121544334483464
1288121555881345024
1288121666376052736
1288121673258917892
1288121733216518145
1288121921423343625
1288121996295823361
1288122390925344776
1288122525025632257
1288122536996114433
1288122559637028864
1288122588716085249
1288122713366659086
1288123690090020867
1288123774823313419
1288123867152527360
1288124122728341509
1288124214629695500
1288124232417722371
1288124694537728006
1288124723969236993
1288124833042112516
1288124933403316224
1288125117705281541
1288127416792043522
1288127462983913473
1288128883204567040
1288129373686595584
1288129400391835649
1288129517270315008
1288129663219499009
1288129681141661696
1288131376546320387
1288131492405817344
1288131551604215811
1288131677332672513
1288132176937197568
1288132389500313600
1288132461952741376
1288132504977838081
1288133367343579137
1288134655431057410
1288134810884595714
1288135179442282497
1288135491351719937
1288135776098713602
1288135838581358593
1288135851323645952
1288136191003578368
1288136420687851523
1288136772795240448
1288136772480724998
1288136773940346880
1288136944703148033
1288136970548293633
1288137227331964929
1288137261624619008
1288137298614288384
1288137487966187523
1288138108362514434
1288138384330948609
1288139009701683200
1288139181273878530
1288140309659082758
1288140677109280769
1288141936143085568
1288142318004994048
1288142667088633856
1288142863155568641
1288143690565931012
1288144318503428096
1288144320025866240
1288144403727446017
1288144415152799747
1288144469867388928
1288144543162875904
1288144608036364288
1288144772453064704
1288144981698531328
1288145380010594307
1288145712329310208
1288146098591277056
1288146337343643648
1288146462447030272
1288146966841643010
1288147185683529731
1288148044471570433
1288148275367821314
1288148354120196101
1288148803497885697
1288150040687542275
1288150045863415808
1288150544469700608
1288150706700955648
1288150783276584967
1288150993046298626
1288151009739636737
1288151294310592513
1288151571608604673
1288151738248130561
1288151836164329472
1288152042184167424
1288152814389059585
1288152925047599104
1288152942495903745
1288153609641906176
1288153801753595905
1288154027927187456
1288154065889705987
1288154335617089537
1288154867438149633
1288155451192999939
1288155618210185216
1288155647041605632
1288155782630932481
1288156461214965763
1288156612121813004
1288156620929802242
1288156825775374338
1288156906637361154
1288157057292460032
1288157550819540993
1288157771909586944
1288157883201466368
1288158266405670914
1288158297858531328
1288158299972448256
1288158728886181889
1288159019496927233
1288159174514192384
1288159301417271296
1288159608192802817
1288160232334483457
1288160337355665408
1288160370360819714
1288160382838808580
1288160505962659840
1288160567123992576
1288160773668311043
1288160916685688837
1288161382370889728
1288161469465415682
1288161583265452032
1288161607726649346
1288162254198890497
1288162849043419143
1288162888277000194
1288162920136937475
1288163192963649536
1288163596397170689
1288164355763318789
1288164494666076161
1288164510797266956
1288164556645314560
1288164603734745089
1288165453391630336
1288166067509002241
1288166238703812610
1288166301362462720
1288166371940085763
1288166884802691074
1288167112259915778
1288167714649931777
1288167748246241280
1288167915536162816
1288167953066856448
1288167987829264384
1288168114555957248
1288168397860220928
1288168708721057801
1288168797455577089
1288169012002775046
1288169024627642368
1288169334691565570
1288169678448320515
1288170002043019266
1288170197765898240
1288170531036868608
1288170921119944706
1288170964971401216
1288171024656347136
1288171556762464256
1288171912716320768
1288172170699472899
1288172551768866816
1288172629770338304
1288173277140021248
1288173678828515328
1288173855886970882
1288174257860677638
1288174265888456704
1288174271039037442
1288174676733308930
1288174938650796033
1288175456865464322
1288175997540610051
1288176324838744070
1288176347416854529
1288176638090502145
1288176948217368578
1288177898550108162
1288178074715070464
1288178197155270662
1288178402302676993
1288178419994329089
1288178733958836224
1288178755299500032
1288179698753851393
1288180210706386945
1288180352855531520
1288180382509277190
1288180994563092482
1288181058815561728
1288181198762598400
1288181611062874112
1288181649725952002
1288182475773140999
1288182637690068992
1288182710092128256
1288182759949832192
1288183045590319116
1288183397274324992
1288183475263033344
1288183511296258048
1288183528476356616
1288183606859497473
1288183641043079169
1288183721317863424
1288184057097068555
1288184295824281603
1288184474971377678
1288184496051937280
1288184542998790144
1288184605821095936
1288184659130580992
1288184785437941763
1288184844325810177
1288185431041822721
1288185565125410816
1288185995012255745
1288186013869846535
1288186878340919296
1288187355891822592
1288187532044382212
1288187891588317184
1288188019225239552
1288188146287546368
1288188172065820675
1288188186842169344
1288188263518416896
1288188544675188736
1288188745687035905
1288189014457999360
1288189069122572288
1288189074336079879
1288189274190479361
1288189497406926848
1288189786965135362
1288190228495130624
1288190273194020864
1288190365149822976
1288190377414012930
1288190560730324993
1288190695619141632
1288190725998424067
1288191110318358533
1288191225145819139
1288191269198602241
1288192188233535490
1288192223293702146
1288192680531566592
1288192821380493313
1288193195730440194
1288193335161761792
1288193585284882435
1288193922536280069
1288194194322776065
1288194210403942407
1288194282566950915
1288194982419918848
1288195133909938177
1288196092547362816
1288196109995782146
1288196153956343808
1288196909098819585
1288197205514493955
1288197247872782346
1288198175484809216
1288198627559706624
1288198677140344833
1288198740499726338
1288199373386665987
1288199574608322563
1288199575207985152
1288199580639809541
1288199713100115969
1288199778174730242
1288199901348868096
1288199912748797952
1288200006114127879
1288200127476199425
1288200551960903682
1288200905108725762
1288201072511787014
1288201391408914432
1288201605435752449
1288202599347486728
1288203292334489600
1288203401466204167
1288203498648109056
1288203879725830145
1288204217090322433
1288204219439132672
1288204397231722496
1288204667269320704
1288204818377392128
1288205118819774469
1288205123097853953
1288205207176974336
1288205233357754374
1288205389658558467
1288205524454916096
1288205949887549441
1288206021870182400
1288206280943972352
1288206340507217922
1288206433075568640
1288207191648993283
1288207209877385216
1288208518571532291
1288208737208086529
1288208945107140608
1288208950379401216
1288208960902893569
1288209026036068353
1288209108957630464
1288209436180467714
1288209572138754050
1288210712301416448
1288210844090798084
1288211415740768256
1288211449236672513
1288211471630049280
1288211519864557568
1288211536260079617
1288211705122742273
1288211718406131712
1288211944533614592
1288211978205433862
1288212230811586560
1288212253779660800
1288212560785932294
1288212770832420866
1288212798401466368
1288212907767918592
1288213504718249984
1288213714638970880
1288214397949706241
1288215449482792961
1288215535939813377
1288215550473117696
1288215802919948291
1288215862349049856
1288215951201177604
1288216101642555394
1288216626559508482
1288217295995785216
1288217299120463872
1288217572920315905
1288217950663704578
1288218202661519360
1288218325433094145
1288218458480685057
1288218723749429249
1288219163136266240
1288219165690535937
1288219453331841024
1288219578510618624
1288219626904657920
1288219777153019911
1288219860351229952
1288219903997206528
1288220008720596993
1288220144809005057
1288220420261523458
1288220656899969025
1288220764462673920
1288220824470618112
1288221002678370305
1288221200200720394
1288221455877124096
1288221486461878276
1288221549653155840
1288221942378573826
1288222117914447872
1288222227620671489
1288222568118398977
1288223112648110083
1288223400394096645
1288226430803992578
1288226514300010497
1288226619807666182
1288226842885816320
1288226912553369600
1288226934732869639
1288227085471842305
1288227598598844416
1288227600159002624
1288228721992912903
1288229141012271104
1288229248654807041
1288229461574336512
1288229552192331777
1288230286866763782
1288230411525451777
1288230412293210115
1288231485070139393
1288232442634043399
1288232605243056128
1288232656497410049
1288233027659677697
1288233108316200960
1288233586819248131
1288234386677268481
1288234408709947393
1288234417547337728
1288234542352855040
1288234555137118209
1288234607310262273
1288234736029257730
1288234758036582400
1288234778383310849
1288234902626930688
1288235211214532608
1288235785582284800
1288235907250819075
1288236229461512194
1288237289286639617
1288238066705072128
1288238108543201283
1288238390165622784
1288238450861322240
1288238506565754880
1288238515919237120
1288238565445570560
1288238804394893312
1288238890021789698
1288238993147133953
1288239585516904448
1288239773363113984
1288240036320813057
1288240374612279296
1288240512294690816
1288241206850396161
1288241240979517442
1288241738465906688
1288241984759631877
1288242217619001350
1288243139245940738
1288243241150799880
1288244094662332418
1288244278263676930
1288244392726343682
1288244527220875269
1288244946512879616
1288245164624867330
1288245218190528514
1288246060125753344
1288246199720476674
1288246345770442752
1288246719151570947
1288246844213125120
1288246944490455041
1288247290734551040
1288247599154290688
1288247737323081736
1288247755526283264
1288247872241176576
1288247958933245954
1288248061869699072
1288248385317687296
1288249009862139904
1288249211230724096
1288249509391163392
1288249815588102144
1288249954008469510
1288250239724457985
1288250242777911300
1288250347656368129
1288250618889437184
1288251789108809728
1288251907358838784
1288252574836162565
1288252930525736960
1288253391244873729
1288253861015289856
1288255094753034243
1288255108413825025
1288255794379722753
1288256180750409728
1288256198299529219
1288256240527659008
1288256471935995904
1288257156303802375
1288257873378672640
1288258346554929157
1288258382353379329
1288258711144796161
1288258761367355394
1288258829151608832
1288258881697779717
1288258973821534214
1288259206676709383
1288259293461061632
1288259315866972161
1288259364260913153
1288259520351875072
1288259923013505026
1288260213880033280
1288260441769041920
1288260921991868417
1288261059040759808
1288261201097453568
1288261443045994501
1288262246603337728
1288262396994301957
1288262419429691393
1288262645481644033
1288263228305416193
1288263415455252481
1288263416952639490
1288263838962315264
1288263857098698757
1288264271403593732
1288264815144849410
1288265131525156864
1288265135258251264
1288265882532294656
1288265892183384065
1288265988191006721
1288266010592763904
1288266292349349891
1288266656066699271
1288266755358576643
1288267263615946753
1288267341235720192
1288267566339764224
1288267657402372097
1288268042036744193
1288268126560411652
1288269347765592065
1288269440275173377
1288269951334113280
1288270304544989184
1288270524628398083
1288270838894956545
1288271200892968964
1288271506896756738
1288271570960605185
1288271746945232897
1288272195886645249
1288272335909388288
1288272979730866176
1288273043765305344
1288273110895136768
1288273553985544196
1288274157512392704
1288274196192165888
1288274283194613762
1288274871806353409
1288275146805919746
1288275673660833792
1288275891571707905
1288276091380150278
1288276173764452353
1288276242186240000
1288276340425273345
1288276568985534465
1288277040773332999
1288277207614402565
1288277445137674242
1288277769068060672
1288277846880923649
1288277977063596032
1288278088753786881
1288278303435034624
1288278546612461568
1288278701201793024
1288278873612980225
1288279459716427776
1288279929369526274
1288279968946896896
1288280477741338625
1288280740560613377
1288281182803824642
1288281503567249409
1288281585565995008
1288281707142090752
1288282130657751040
1288282185426968577
1288282287080120320
1288282441833164802
1288282983468695552
1288283135260663812
1288283143972302851
1288284287314407424
1288284513131470848
1288284744417857536
1288285022869364737
1288285374947700737
1288286236617080832
1288286298650877957
1288286326354141189
1288287085628141569
1288288363083161602
1288288376995667968
1288288673604218880
1288288674568962052
1288289115075743745
1288289294939873285
1288289502507802624
1288289568035409926
1288290727303225345
1288290906731241473
1288291737279115264
1288292407998636032
1288292822416793606
1288293308725248000
1288293442775396356
1288293583607431169
1288294181576859649
1288294428898144256
1288294438456958976
1288294656653041668
1288295564379951104
1288295634370355200
1288295747436380160
1288295751509053440
1288295907340046336
1288296061111607303
1288296193945042944
1288296917416411151
1288296946692689920
1288296955756646402
1288298081742499840
1288298083084693505
1288298747848536066
1288298799216168965
1288298839351255040
1288299000026804226
1288299590358196224
1288299665188884481
1288299965262028800
1288300080483704833
1288300653455069184
1288300740566540289
1288301082595262469
1288301590915547137
1288302122799452160
1288302238285344776
1288303660884201472
1288304400281329665
1288305623881396226
1288306198081687553
1288307049940606979
1288307142240301056
1288308008137691136
1288308068858699782
1288308515216461825
1288308545109229569
1288308655927033856
1288308893270106113
1288309033032507392
1288309140675268608
1288309148514385920
1288310287079153664
1288310849296375808
1288310864697671681
1288311069744812033
1288312042525536257
1288312566238908417
1288312663928258561
1288314566523330561
1288314987958673408
1288315690626187264
1288316239115362304
1288316430455377921
1288316466790637569
1288316533052243968
1288316690544177152
1288317366762442752
1288317431253831680
1288317717523632128
1288317779217711104
1288318032377516034
1288319553957584897
1288320441384402944
1288321423145078785
1288322317769158656
1288323444338315265
1288324004646916096
1288324141741899777
1288324379974070272
1288324383803502592
1288324891230507008
1288324925732925441
1288325647287431168
1288326016826585089
1288326490086678532
1288327473231466496
1288327903323631616
1288327904850399232
1288327905886367744
1288327941210988544
1288328127505149956
1288328614698717197
1288328827991621633
1288329331073331201
1288329538204839937
1288329677178916871
