1283618189042233344
1283619477498859520
1283619763806040064
1283620018341572609
1283620330297335810
1283620645809672197
1283620654726742021
1283621072332640256
1283621339711131648
1283621541729562624
1283621905363279872
1283624213497155585
1283624316152811521
1283624562740142084
1283625253625753600
1283625451836125184
1283625586800418817
1283625658178912256
1283625699111133193
1283626087554125824
1283626176628445184
1283627926769082369
1283628188250394624
1283628681139752961
1283628882776784897
1283629360155693058
1283629567828205569
1283630829281763330
1283630830418456579
1283631335530258433
1283631847063326721
1283632087107395584
1283633016733159424
1283633231380779008
1283633680238276614
1283635262606602240
1283635377253867520
1283635785552424960
1283635838388178945
1283635983020429320
1283637100143955969
1283637490558140417
1283637823350820870
1283638026095276038
1283638585162432513
1283639443451150342
1283639637651619840
1283639735022387200
1283640267527028738
1283640440839790592
1283640476252471298
1283640786215751680
1283640842608168966
1283641022786834433
1283641025529970688
1283641101677735936
1283641144019087362
1283641822628151297
1283641850079911942
1283641986923343872
1283642004212244487
1283642091826970625
1283642277953335296
1283643263321243648
1283643948687396867
1283644105717882880
1283644364531490816
1283644467535392769
1283645911491661825
1283645920010215426
1283646057788792832
1283646533242687488
1283646948432633857
1283647023758012417
1283647885154942977
1283648077996396546
1283648114654695426
1283648691333746688
1283648852348874758
1283649792858521601
1283650056483041280
1283650228307070978
1283650288063143942
1283650422432038912
1283650888117231616
1283652489099837441
1283652522763333632
1283652524449251328
1283652629776732161
1283652755551391744
1283652810911948800
1283653068689735680
1283653305596612609
1283653598484684801
1283653758350766080
1283653935438364672
1283654141617876994
1283654365048340480
1283654498544746496
1283655035780571137
1283655499066548226
1283656124701368320
1283656127318614016
1283656278707855360
1283656516449579011
1283657080466014208
1283657315875459073
1283657329465065472
1283657531060084736
1283657704758706176
1283658564180074496
1283658766211330049
1283659224808071169
1283659302134136833
1283659541037514752
1283659639893049344
1283659692330438656
1283659731027079168
1283659830557904897
1283660154626441216
1283660383639740416
1283660618734669826
1283660652469456897
1283660750175830017
1283661153646686215
1283661157442568192
1283661170822479872
1283661232885469184
1283661698658861056
1283661749846183936
1283661883317379074
1283661883770273795
1283662149848461314
1283663601245593601
1283663659856801793
1283663923388936192
1283664301698412545
1283664316668026880
1283664329766776832
1283664909943877634
1283665052180942849
1283665179054690306
1283665478569861121
1283665585012957184
1283665736716759040
1283666560016617477
1283667326873882625
1283667499905679360
1283668042665340930
1283668135774740481
1283668812466806788
1283668910890524672
1283669125789880327
1283669207083896834
1283669432053768199
1283669434029281282
1283669808672919553
1283669829451419648
1283670689413844998
1283671671954714624
1283671794331914240
1283671932118929408
1283672482927517697
1283672809139396609
1283672829293219840
1283673064513908736
1283673150291693568
1283673357225844736
1283673398120460290
1283673464805773312
1283673625774698498
1283673875440697344
1283673899562041344
1283674018948710402
1283674376945229824
1283674443009622017
1283674586723295237
1283674603244716032
1283674666599624704
1283674785210413056
1283674870878883840
1283675215004917760
1283675796494864389
1283675882830233601
1283675883853606912
1283675885258723328
1283676168558915584
1283676546104950785
1283677028638744581
1283677259862351872
1283677802026369025
1283677928493023233
1283678091961937920
1283679465873309696
1283679848423141376
1283680026576248833
1283680119299743750
1283680516420632577
1283680687787331584
1283680690685358080
1283680695446011904
1283681126192742400
1283681437766623233
1283682040357851136
1283682238102753280
1283682583440547840
1283682894930685954
1283682904841826304
1283683071905026049
1283683078083432450
1283683196794740736
1283683999127425024
1283684149644144643
1283684872909881345
1283685025628774401
1283685134814724098
1283685521970139137
1283685741789278212
1283686591907663872
1283686673868566528
1283687024785072128
1283687231765520385
1283687411986374657
1283687489350234114
1283687672356253696
1283687866082775045
1283687874567823360
1283688676132818945
1283688705501171713
1283688711436173312
1283689481640587265
1283689522576920576
1283689614897819651
1283690723376803840
1283690837428363264
1283690977824141312
1283690979245998080
1283690981481570304
1283690982538481665
1283691012213428224
1283692028405125120
1283692209003474945
1283692629171949568
1283692940393697286
1283693077920710656
1283693317406982150
1283693450156740610
1283694741788426246
1283695236468924416
1283695424247824387
1283695442144960512
1283695576782196736
1283696168225185792
1283696257983291392
1283697051671375872
1283697372854288384
1283698032987512833
1283698285451059200
1283698768735592450
1283698817045585921
1283699436040986624
1283699466319671299
1283699946345168898
1283699965131358209
1283700014469054464
1283700267993661440
1283700286826184704
1283700683955490816
1283700769640706048
1283701133853298692
1283701590629777408
1283701693394362368
1283701698389856256
1283701796884475906
1283702772341366785
1283702910224748550
1283703125271089154
1283703129104621571
1283703391399682048
1283703961535393792
1283704097108045829
1283704546850742272
1283704801348538369
1283705123039059968
1283705307076714496
1283705684794777602
1283705699571249152
1283705699890081792
1283705816109981701
1283705823152140289
1283705824217411591
1283705881155248129
1283706066069606402
1283706456752238595
1283706487861370880
1283706516168560646
1283706561693650945
1283706742795317248
1283707015945007105
1283707129828913152
1283707494171152384
1283707519278424064
1283707726703595521
1283708044837179393
1283708209518256128
1283708467652550656
1283708660430934017
1283708829017022466
1283708875074678785
1283709009099399168
1283709058852233216
1283709732407123968
1283709926859321344
1283710453278023685
1283711159917584384
1283711222374969350
1283711244801904640
1283711790539575296
1283711793249083394
1283711843685588993
1283712366040035334
1283712425968033797
1283712591534198785
1283712598844887042
1283712974172106752
1283713623425048577
1283713669021351938
1283714007954796544
1283714428526120966
1283714571039956992
1283714629735251968
1283714637519822848
1283714641487712256
1283714757632110594
1283715852802678784
1283715997476814848
1283716742192259072
1283717438958444546
1283717899216199682
1283718060042584064
1283718076924452871
1283718165583802370
1283718204347613185
1283718271900975107
1283718658318008320
1283718719110148097
1283718783975034880
1283718899557699584
1283719055485161477
1283719156236525568
1283719596328079361
1283719662656724993
1283720168150106112
1283720217038934016
1283720671634194432
1283720674977038336
1283720779801284609
1283721088359333895
1283721438269235201
1283721505847808000
1283721505847869440
1283721634512330753
1283721722328301568
1283721814020169728
1283722082279469057
1283722182934355968
1283723770696540160
1283724388349685763
1283724705925672962
1283724812150427649
1283725214505811970
1283725448367812608
1283725583558598658
1283725633781145601
1283725757307596802
1283725989319712768
1283726405197496323
1283726564052566020
1283726572848128001
1283726743967334401
1283727095357562881
1283727099660914688
1283727109915992064
1283727125032255489
1283727185979666433
1283727234323316738
1283727450602639360
1283728277002170371
1283728650177662978
1283728840251117568
1283729232947019777
1283729844266770434
1283729847383203846
1283729872041517056
1283730087607771138
1283730230952124417
1283730262925479938
1283730885670559747
1283730927366144000
1283731273694019586
1283731297941299202
1283731362348859393
1283731442522972160
1283731773592133632
1283731960607780866
1283731981839355905
1283732197028040705
1283732236869804032
1283732416004153344
1283732440448524291
1283733424298250240
1283733582696132610
1283733818202087424
1283733861608894465
1283733899974258688
1283733930999451648
1283734028965818368
1283734307492823040
1283734888433070080
1283735067282604037
1283735590287147010
1283735769962541061
1283735771065638912
1283735771829071872
1283735772126867456
1283735846168993794
1283736436525674496
1283736688125247491
1283736694907428869
1283737095677390848
1283737277361844224
1283738035939684353
1283738340903329793
1283738409429680129
1283738798761873409
1283738870186569729
1283738958439100416
1283739645231202306
1283739684456161282
1283739717553410048
1283740177849032710
1283740253010956290
1283740646046527489
1283740673267707907
1283740718339678212
1283740773360574465
1283741358080090112
1283741395140911105
1283741491790090240
1283741734220988418
1283741870305284098
1283741966048665601
1283742647773995010
1283743073558835201
1283743077346287617
1283743223333126144
1283744975801520129
1283745158962515968
1283745186011635713
1283746028643143681
1283746466247446531
1283746611697528832
1283746718224441349
1283746829633335296
1283747089831297032
1283747111780179969
1283747346270973954
1283747372040884226
1283748222540947456
1283748462488702979
1283748981475094528
1283749020347838464
1283749128216944640
1283749833724039170
1283749880377364480
1283750110552301573
1283750396045950979
1283750890290151425
1283750960901361664
1283750999123869699
1283751057777197062
1283751151909965825
1283751774936072192
1283751972122710021
1283752131497988097
1283752459291123714
1283752580854800391
1283753017049677826
1283753068174225408
1283753499000475649
1283753499612852225
1283753902966546432
1283753934872551425
1283754022088978432
1283754313412640768
1283754552089546752
1283754714572652544
1283754775083966464
1283755189145608193
1283755240966299650
1283756126383857667
1283756359150964736
1283756669919428609
1283757718105448451
1283758071123238913
1283758369052987399
1283758641900924929
1283758653242302465
1283758671399456769
1283759871511470081
1283760029535961088
1283760591568609281
1283761186614456322
1283761196697608194
1283762072258584576
1283762323811741699
1283763013628108800
1283763046838603778
1283763150345707520
1283763192393498624
1283763364745949184
1283763516424544256
1283763897309245442
1283763965496000513
1283764110811901954
1283764345957228544
1283764434398257153
1283764836531347457
1283765277247901704
1283765339507965952
1283765376636145668
1283765420617543680
1283765520584638468
1283765682946146304
1283765851141767174
1283765851443863552
1283765999087607810
1283766375572439043
1283766400255954944
1283766722923724802
1283766732159504384
1283766782638071808
1283766853119033345
1283767172754542592
1283767646857633792
1283768635731906560
1283769144500817926
1283769626258583552
1283769639646965760
1283769702796406785
1283771043686031360
1283771242210889731
1283771463988908034
1283771510239330305
1283771836745035776
1283771865769676802
1283771871935299585
1283772050025439239
1283772234352545792
1283772575332605953
1283773049515499520
1283773598419881987
1283773665293864960
1283773945771065344
1283773987835838464
1283774470549889025
1283774819323072514
1283775581985878017
1283777053964341249
1283777218511081472
1283777234197782528
1283777239251931136
1283777433024380929
1283777893827518465
1283777918699737088
1283777940275130370
1283778011842711552
1283778246841114625
1283778769539543040
1283779286340702208
1283779287905193985
1283779320318763008
1283779668005605377
1283780120579379202
1283780451392421888
1283780484997275649
1283780564533653504
1283780570795741185
1283780574327345153
1283780859422703616
1283781291687776256
1283781298432217088
1283781525134344192
1283781777480454152
1283782083878572034
1283782620560732160
1283782687405346816
1283782828837072897
1283783391171796997
1283783437627908097
1283783598332674049
1283783996707659779
1283784000805502981
1283784255194234880
1283784293928624128
1283784336769245185
1283784645608235010
1283784768333717505
1283785056155078658
1283785976796585985
1283786184997646337
1283786201992966145
1283786218694602752
1283786560647966722
1283787400809009155
1283787465535389696
1283788282241921026
1283788417432780800
1283788576514363392
1283790899303120896
1283791029657903105
1283791085769121792
1283791743008288769
1283792367431102464
1283792515158560769
1283793085873500164
1283793290605867008
1283793657062060032
1283793742873407489
1283794243140513792
1283794632665559047
1283795215632011264
1283795493651271685
1283795668138471428
1283795841682210817
1283795987111256068
1283796311817560067
1283796561298894851
1283796801041002496
1283797010324361216
1283797572394639361
1283797706645766144
1283798499201413120
1283798563512877064
1283798801220874240
1283798940320583680
1283800247920136192
1283800900587401217
1283801851767316481
1283802263102918659
1283802454497398785
1283802706897825792
1283802992479735808
1283803219341258753
1283803303143444482
1283803369895796740
1283803801481355267
1283803886386642945
1283804514311639040
1283804515410612224
1283804717076951041
1283804812388245505
1283805324739321862
1283805849278963712
1283806046495154177
1283806116917518336
1283806402255839232
1283806481398165504
1283806977727115265
1283807185483509761
1283807288202059777
1283807873969999873
1283808155722493952
1283808161242255365
1283808222730694656
1283808235888181251
1283808352125026310
1283808460988129282
1283809220241100800
1283809416840609800
1283809725306613761
1283810171970555910
1283810365294485505
1283810633738313728
1283810768698236928
1283810885786533895
1283811850203860999
1283811875705303042
1283811908911538180
1283811918495584257
1283812290387730436
1283812991146680321
1283813008293220353
1283813025145851904
1283813137725239297
1283813330772267012
1283813386187407366
1283813592127680517
1283813905001848832
1283814664082784256
1283815268318425090
1283815495515492354
1283815658929692677
1283816368626962433
1283816559937380353
1283816567864614912
1283816719987945473
1283816871683256322
1283816935461920768
1283817064004759553
1283817169197977602
1283818243627638786
1283818394601619456
1283818422627979266
1283818423466766336
1283818499102642181
1283818778699202562
1283819144748707840
1283819202839797760
1283819277959798784
1283819467374563328
1283819727526047745
1283820051724894210
1283820210303012864
1283820218813382662
1283820317786480641
1283820474032480256
1283820687417901057
1283820699593912326
1283820789607944192
1283821018893746176
1283821636840574976
1283821753211527168
1283822193772687360
1283822222864461826
1283822281869926402
1283823212795531265
1283823405125558272
1283823485492449280
1283823616895975424
1283824226680532992
1283824314609885184
1283824818694103040
1283825314540466177
1283825386447613958
1283825667323248640
1283825805517365248
1283826076851097601
1283826240760066048
1283826241355694080
1283826606054801413
1283826702838308866
1283826845289455623
1283827498531381254
1283827688126414848
1283827776592601088
1283828028569800705
1283828212464852996
1283829278874972160
1283829459167121410
1283830011259166722
1283830393922179072
1283830791873499137
1283830975877779457
1283831315683565568
1283831610526380033
1283831722178748416
1283831869079945216
1283832201461678080
1283832265311649793
1283832549417123840
1283832611731800065
1283833288151441413
1283833350927548417
1283833703999901702
1283833878462042113
1283834081332133889
1283834180724379648
1283834332659027970
1283834605863202817
1283835195154628608
1283835243598938118
1283835985953009664
1283836170082963458
1283836314912092160
1283836626234421249
1283836941239226370
1283837113826508800
1283837696771751941
1283837806343643136
1283837863344447488
1283838018860781568
1283838428941971456
1283838831456911361
1283839473483120640
1283839704052498434
1283839764496515074
1283839981551853572
1283839981820108800
1283840653349224448
1283841088323678208
1283841110599704576
1283841742626848768
1283842417947545601
1283842435508994048
1283842457717952514
1283842460645556230
1283842461652180992
1283842603654492163
1283842800585510913
1283842931837870082
1283842939144347661
1283843005666004992
1283843391495778304
1283843898209599488
1283843957449994242
1283843979600109569
1283844123007553541
1283844419821670402
1283844466013609994
1283844831119314945
1283844873267957763
1283844923771490304
1283845219574673408
1283845639227559936
1283845745624285184
1283846037346693125
1283846096486387715
1283846125905227785
1283846635202772993
1283846676759957505
1283846784490577924
1283847032185257986
1283848130555936769
1283848144170737668
1283848348961832960
1283848895102099465
1283848961099530242
1283848977830608896
1283848990820368384
1283849537023619072
1283849839646834688
1283849894223118341
1283850058044264449
1283850166194311171
1283850361846063105
1283850794882740228
1283851038852866049
1283851512154816512
1283852170778087424
1283852892827508737
1283853264694341632
1283853454348292100
1283853663052726273
1283853780325474306
1283854220970668032
1283854392282828800
1283854888112283648
1283854942361526286
1283855244393357326
1283855342527545347
1283855388413059072
1283855627039768577
1283855743398170624
1283855744459317249
1283856368991174656
1283856372996755463
1283856883703521280
1283856907141353478
1283857106248982528
1283857421882937345
1283857556390248448
1283857710254104578
1283857793225809923
1283857815237464064
1283858000076312576
1283858093122691073
1283858113901330432
1283858117831340033
1283858214954717185
1283858219429855233
1283858263893848064
1283858747836829697
1283859207653953536
1283859778733629440
1283859900745912321
1283860021047107584
1283860215792893952
1283860558442184705
1283861116225851394
1283861782969430016
1283861839827394560
1283862052960899073
1283862408713383944
1283862547796500480
1283862810435489793
1283862894447337478
1283862982884306944
1283863022360858624
1283863034310602754
1283863339656007681
1283863387378720769
1283863880775548929
1283863978452627457
1283864176428023809
1283864380615151616
1283864442904641536
1283865259749629953
1283865587987501059
1283865621881589761
1283865979429310469
1283866636164923392
1283866783779188737
1283867315709390848
1283867928790798336
1283869287489380353
1283869351444193280
1283869376039583756
1283869475306078208
1283869725689286657
1283870297922457605
1283870625564708864
1283870884390932481
1283870910017974277
1283870911091732480
1283871370083012611
1283871770538323969
1283872031126233088
1283872138726912002
1283872181961715712
1283872868988866560
1283872877704552450
1283872921404928000
1283872924022312960
1283873415460528134
1283873465473421318
1283873734378561536
1283873951135879170
1283874161039835137
1283874164940500994
1283874409359519753
1283874706047762432
1283874726251765774
1283875049414565888
1283875263684673540
1283875439472193538
1283875855014469635
1283875911738302464
1283875948530565121
1283876069058256896
1283876253045587968
1283876312583753732
1283876519228694528
1283876817338863621
1283876889644408832
1283877696271986689
1283877785346416640
1283878004079435776
1283878053102391299
1283878208073379840
1283878231049932802
1283878408917852160
1283878486155960322
1283879178245492736
1283879462635925504
1283879644765159424
1283880050178363393
1283880163265183744
1283880277618688010
1283880629612969984
1283880897322917890
1283880984547659783
1283881252194590720
1283881283324649473
1283881430129442816
1283882243333611520
1283882442168754184
1283882499219824648
1283882717952843777
1283883275010945024
1283883367969112065
1283883557602177025
1283883649134399489
1283883707108073473
1283883737709772802
1283883829975908352
1283883915665649664
1283884017247498240
1283884092778586112
1283884106724638721
1283884226492932098
1283884269895667717
1283884467178872832
1283884616810672128
1283884962362601475
1283885008206340101
1283885112531267586
1283885565436452868
1283885566505947137
1283885573065801733
1283885609539579905
1283886014486867969
1283886245006004225
1283886315671482368
1283886663954038784
1283887202288771072
1283887328235225088
1283887437488418816
1283887793358479360
1283887831450914816
1283887881984126977
1283888203909529600
1283888813027229709
1283889081718648832
1283889132364849158
1283889248173723648
1283889961566195712
1283890099902717952
1283890684735488000
1283891392402661377
1283891961250840578
1283892074773803008
1283892157804351494
1283892558825795584
1283892582729363456
1283892592116211712
1283893301242933250
1283893602805063681
1283893659591680008
1283894411349368834
1283894516743888898
1283894595378647040
1283894634117238785
1283894729856475140
1283894766728548352
1283895083029475343
1283895615139852291
1283895647704436738
1283895666977144836
1283895775353810944
1283895876302372865
1283897112875409408
1283897258950434821
1283897284653178885
1283898879306498049
1283898950047748102
1283899064220819456
1283899321948286980
1283900289288986627
1283900372868902912
1283900463138639876
1283900820912652288
1283900823228080128
1283901092074590216
1283901109170343937
1283901110516740096
1283901112647512064
1283901113779937280
1283901428164112384
1283901482790682625
1283902427536687110
1283902443630338048
1283903082225639430
1283903240346710018
1283903452217847811
1283903590566957058
1283903967802593281
1283904760471584768
1283904953422151681
1283905093725835264
1283905138160070658
1283905214723096576
1283905610652803073
1283906576110190593
1283906582242263040
1283906944302936064
1283907570177060864
1283907820048588802
1283907974990192640
1283908722692161536
1283908742246010880
1283909114402349056
1283910071966146562
1283910120683057153
1283910378523590656
1283910805961027586
1283910845924143106
1283910925796376578
1283911055228301312
1283911341338701829
1283911370329788418
1283911437975527425
1283911490764931072
1283911699121295363
1283911755324891137
1283911844525215746
1283912300567638016
1283912628759343106
1283913303996141569
1283913469964759050
1283913491498389504
1283913776685703168
1283913898534612993
1283914043212869634
1283914088049975296
1283914173852733440
1283914559020044289
1283915115180498951
1283915219320934401
1283915341333245953
1283915663245897728
1283915828023267328
1283915833241030656
1283915835363356672
1283915835673702400
1283916108496605184
1283916455709478917
1283916605299228678
1283916868223471618
1283917187795714049
1283917845743775744
1283917920075046919
1283917923535527937
1283918230923341824
1283918337488179201
1283918447118888968
1283918620725256192
1283918856549875713
1283920042548178945
1283920067479113728
1283920213520547845
1283920283498360832
1283920361805844480
1283920584162840577
1283920728467922947
1283920952221265920
1283922154744995840
1283922258352693249
1283922431351103493
1283922502578831360
1283922514087776257
1283922723341770752
1283923149055234050
1283923197805490176
1283923346061692934
1283923520251142151
1283923542430511104
1283923989379846144
1283924136683872256
1283924148423712769
1283924444692480005
1283924567774420993
1283924595318444035
1283925146638651394
1283925408371494913
1283925676681236480
1283925768968364033
1283925983242915840
1283926066210447361
1283926497254936577
1283927062911361025
1283927743822995456
1283928099105599488
1283928495144538112
1283928796006101003
1283929361700331523
1283929527840919552
1283929644710998017
1283929944603660293
1283929972294524928
1283930032872849409
1283930148044107776
1283930288322732033
1283930803739619328
1283930803844464644
1283931112033533952
1283931207697264640
1283931449327005696
1283931551106052096
1283931731758809094
1283932734159753217
1283933901153607690
1283934120012165120
1283934567179718656
1283934729968943104
1283935183708839942
1283935209881247745
1283935786279350272
1283935835914567680
1283935838565314560
1283935974008016896
1283936057478787072
1283936303499939843
1283936406138761219
1283936773824032768
1283937118037905408
1283937208064499718
1283937285474529283
1283937374288871424
1283937864292630529
1283938108954705920
1283938189082689542
1283939328440311808
1283939688173039616
1283939868133842945
1283940254349766657
1283940300759670785
1283941203516567563
1283941215583567873
1283941417795059712
1283941652151840769
1283941932490788864
1283942463380623361
1283942589331374080
1283942942609215488
1283943040172855297
1283943041867317248
1283943109190193155
1283944528454582277
1283945021285314561
1283945272062562306
1283945530461229056
1283945588174839809
1283945777891401734
1283945779170643968
1283945923375058946
1283946365509177345
1283946506723024897
1283946781265530885
1283947605010124800
1283948037413445634
1283948537672237056
1283948971849900033
1283949147331203073
1283950498454941696
1283950775471931393
1283951214699450368
1283951286090493952
1283951362745786368
1283951661329920006
1283951795228860417
1283951848538296320
1283952224276590593
1283952856878456838
1283952996745834496
1283953115558019075
1283953170801201154
1283953199540576259
1283953369556508672
1283953656581296130
1283954106521071616
1283954351384526849
1283954511208382464
1283954822669119489
1283955226152710144
1283955268003536896
1283955618693382144
1283956249269239811
1283956521588723717
1283956681869873157
1283956744381759489
1283957003451273222
1283957049328635904
1283957234674946053
1283957279289729026
1283958035497574400
1283958202934218753
1283959738666016768
1283960127557533698
1283960380960706561
1283960749501497345
1283960751732867072
1283960803734036482
1283961470494146560
1283961482875506689
1283961756008820736
1283962626557595652
1283962945379213313
1283963432895680514
1283963708658446336
1283963865911435265
1283964184959516672
1283964242203258880
1283964796325560320
1283965366297858049
1283965469117030400
1283965734880571394
1283966189979533314
1283966362218573824
1283966458180128774
1283966515981713409
1283966523506405377
1283966565151469568
1283966625801281536
1283966862632640512
1283967485092548610
1283967893437157376
1283967915692158976
1283968561384308736
1283968832252649473
1283969582202523657
1283969620244930561
1283970492223889411
1283970572347674650
1283970735174713345
1283970912824504321
1283970947855388672
1283971025093357568
1283971273765289986
1283971479630209025
1283972433876340736
1283972592186134529
1283972994893840387
1283973084660162560
1283973166835130369
1283973354047897614
1283973457672392710
1283973596977737729
1283973621170544640
1283973650220285952
1283973712916578304
1283973878541357061
1283973964948295680
1283974156640571394
1283974444881514497
1283975731383422977
1283976983169257472
1283977495382024198
1283977780330291201
1283979204569239556
1283979207006134272
1283979653263372290
1283980063378112517
1283980215966990337
1283980290386468864
1283980346359525377
1283980738627420161
1283980876523753473
1283980953581322240
