1282170085692657666
1282170420658151426
1282170798497771521
1282170813320507393
1282171267223818243
1282171323410796544
1282171612490498050
1282172463510515714
1282172685003489280
1282172756126244870
1282172930693242881
1282173760821395459
1282173942514495488
1282173996457512963
1282174451937927169
1282174726652264451
1282174750215884800
1282174917279191040
1282175294531612672
1282175324650954752
1282175699126755328
1282175874645626880
1282176005038321664
1282176088320487425
1282176243912384512
1282176297612050434
1282176362061729795
1282176995934089216
1282177409123581964
1282177540120104962
1282177747205459969
1282177977770549249
1282178226391887876
1282178433578086405
1282178560430465024
1282178790161080322
1282179698525700097
1282179782332108801
1282180525440987136
1282180598585593862
1282181372426227712
1282181862954274816
1282181871779151873
1282181963932196864
1282182010451132416
1282182895784861697
1282182929934880770
1282183048923156481
1282183119710257152
1282183451785990146
1282184445240512513
1282185012499091456
1282185050629345281
1282185417882849282
1282185535038140417
1282185957777825792
1282185988119330816
1282186241602056193
1282187241419407362
1282187773940817921
1282187834217189377
1282187868782428160
1282188025691242498
1282188288372006912
1282188500251615233
1282188738085388288
1282188745354215425
1282188858910793729
1282189527965224961
1282190376443379713
1282191010408337410
1282191056650547200
1282191572621119488
1282191720352854016
1282191724144521217
1282192645926903809
1282192964333297664
1282193534712455168
1282194011009294336
1282194147609387010
1282194278404575233
1282194395484303360
1282195136651436033
1282195495914369024
1282195887624773632
1282196148963495936
1282196304249196544
1282196960410312709
1282197967194206208
1282198135637516288
1282198274397605888
1282198460721176577
1282198770457866242
1282199395983753216
1282199832073924609
1282199898188898304
1282200549341921280
1282201753077911553
1282202694778793984
1282203210443378688
1282203595488636929
1282205353225093121
1282205431582973955
1282205543155802114
1282207069060214785
1282207661530873857
1282207811854901248
1282209150785724416
1282209225884741633
1282210355238907905
1282210466115121152
1282210598500077569
1282210807418368001
1282211286080794625
1282211487348658176
1282211855629459456
1282211912135188481
1282212222974824449
1282212226653392896
1282212355846307840
1282212611010949120
1282214184541999104
1282214608070225920
1282214759710982144
1282214799770652678
1282214956230938624
1282215422834532357
1282215462433062912
1282216753628696576
1282217165752541184
1282217211118190592
1282217562953179136
1282217878557609986
1282218106534809600
1282218209693794304
1282218492280934400
1282218529442365440
1282218839296675840
1282218843784478720
1282218868593885184
1282219000236318720
1282219054481248257
1282219120822562816
1282219572439982080
1282220000351105024
1282220397669363712
1282220842210873344
1282220871390830592
1282220930207342593
1282220936515719168
1282221403459203073
1282221789934837761
1282221791016939520
1282223115985199104
1282223469363486721
1282223520865570816
1282223637785968646
1282223648774881281
1282224059862794240
1282224187394924544
1282224232642928641
1282225002994192384
1282225518666936320
1282225693078806529
1282226307779170306
1282227885411983360
1282228187649515520
1282228238991929344
1282228735471579137
1282228920570351616
1282229480988332032
1282229692725112832
1282230828324585472
1282231697279537152
1282231745442717696
1282232360486998016
1282232436613615616
1282232915892604936
1282232918946058241
1282233183740866560
1282233983904841728
1282234616401797121
1282235206251040768
1282236353225216001
1282236893682233344
1282236895863304193
1282237939163058176
1282237954614792192
1282237964526014464
1282238306416295937
1282238416659394560
1282238433788858371
1282238605935730689
1282238869157695493
1282238874039844864
1282238875029692416
1282238876011114497
1282238951005270016
1282239550815969280
1282239731745476608
1282240778656514050
1282240795777671169
1282240920352509952
1282240922005041152
1282241296527052800
1282241363485036544
1282241454165958656
1282242340216877056
1282242426716016640
1282244102323666945
1282244149169750016
1282244682072940544
1282244792534081537
1282244862885101568
1282245451186466817
1282245584036954117
1282245761829343232
1282245780485689347
1282245983678726144
1282246121604227073
1282246336608448512
1282246713600811009
1282246768571244544
1282247020300906496
1282247298441981952
1282247870192771073
1282248047720828929
1282248384632492037
1282248387400798208
1282248390873681921
1282248394099040256
1282248394992492544
1282248492975620096
1282248533567995904
1282249061706407936
1282249113644306434
1282249658765643776
1282249741980577798
1282250419725635584
1282250479469244421
1282250745883037696
1282250909851029504
1282250985554038784
1282251259534356481
1282251511276408833
1282251545422200833
1282251760384512000
1282251993470267399
1282252080602927105
1282252234462502913
1282253116302393345
1282253585594691585
1282254173606748160
1282254188794327040
1282254259057287168
1282254517346676736
1282255079626682368
1282255942621552640
1282256000100315137
1282256234184310784
1282257076039884806
1282257346727682050
1282257542996004864
1282257660000313346
1282257687141654528
1282258109470093313
1282260003655766016
1282261322063904769
1282261401109557248
1282261535893737472
1282263531040182274
1282263959806996480
1282264045052137479
1282264069425238016
1282264194675605504
1282264263067865088
1282264309545029632
1282264344961732608
1282264391228944386
1282264619336306688
1282264655176634368
1282265098384547841
1282265200435924992
1282265902692671488
1282266240606756864
1282266351369846784
1282266510187167744
1282267092989837313
1282267094453641219
1282267095615500289
1282267280085266434
1282267555714027521
1282267631282724865
1282268233198784513
1282268396726489089
1282268641782882305
1282268992237981696
1282269545739280391
1282270168828260352
1282270403801387012
1282271503678156800
1282271536498475008
1282272245621104643
1282272309437501446
1282272755245879299
1282272858803023872
1282272954634690565
1282273178237243395
1282273223799902208
1282273432537722881
1282273946340143105
1282274120290508802
1282274399802949632
1282274704154402819
1282274736928677889
1282274813130633218
1282275080580603904
1282275371514200064
1282275406071111681
1282275406305988609
1282275700976824326
1282275710061748226
1282276075943284737
1282276208001114113
1282276420153032704
1282276483227095047
1282276785846181889
1282277365863809024
1282277410281607169
1282277464136396800
1282277790402973696
1282277914109636610
1282278004253696000
1282278129009152001
1282278605955858432
1282278648695799809
1282278669050720256
1282278957140803584
1282279896853643264
1282279904080470016
1282279977870741509
1282280169286307841
1282280485792686080
1282280570068832258
1282280663182307328
1282281256999432195
1282281409592176640
1282281817882497024
1282281922962448384
1282282399477506048
1282282532365623301
1282282558923968512
1282282687676522499
1282283002303832066
1282283081270013952
1282283584586317825
1282283617952112641
1282283774626222081
1282284067707392000
1282284189207760897
1282284189442867208
1282284248561528832
1282284417709481986
1282285412938067973
1282285880368074752
1282285975624876037
1282286090259435521
1282287072615829504
1282287234218156032
1282287406322978816
1282287680064110593
1282287711798337536
1282288432945852417
1282288487602020352
1282288896223653888
1282289252622110721
1282289323518435331
1282289395538821120
1282289713236369412
1282289838776098816
1282289909022294016
1282290068263178241
1282290283770777601
1282290471964999680
1282290508472045568
1282290523982540800
1282290842946932737
1282291064330543107
1282291112053530624
1282291113877962757
1282291256983527425
1282291296879640576
1282291415192678400
1282291416727683072
1282291513469423616
1282291755329761280
1282291991712346113
1282292630827696132
1282292689405390848
1282292998886297601
1282293528463384579
1282293889815113731
1282294069360824321
1282294382121672706
1282294412110954496
1282294850751090690
1282295147770728448
1282295276623917056
1282295526243864579
1282295564244312064
1282295782687858688
1282296051878199298
1282296424361795585
1282296614221164545
1282296658462560258
1282296659808931840
1282296802771951617
1282297050839777280
1282297106682740736
1282297168519401473
1282297209673977865
1282297597353496581
1282297767918960641
1282298077114753024
1282298561967861760
1282299280749809666
1282299371502161920
1282299486346379264
1282299611659603968
1282299674464931841
1282299934025424897
1282300172211572736
1282300340663136257
1282300648482996225
1282300699464863747
1282300801260503041
1282301007599489024
1282301080076873728
1282301407014670336
1282302594669584384
1282302714253320195
1282302721211592705
1282303357814800384
1282303626346729479
1282304029138264064
1282304139431686144
1282304476792025094
1282304970939867138
1282305629244334080
1282305826254925824
1282305964872433665
1282306141171650561
1282306198121771010
1282306225229762562
1282306436194869248
1282307087033303042
1282307316117897218
1282307528345485312
1282308039945715714
1282308210221895680
1282308365276741632
1282308373032120320
1282308638149873664
1282308658668490753
1282308973807509504
1282309018845876225
1282309465677717506
1282309526675509250
1282309805202341888
1282310887303516166
1282311087921213442
1282311762562314240
1282312036127518721
1282312149168250882
1282312240104984577
1282312428974481408
1282312478337245190
1282312482955186176
1282313083428446208
1282314018288541696
1282314430152413187
1282314756364345347
1282315168127557632
1282315288994865153
1282315411841781762
1282315663986442240
1282315860263047169
1282315956199534592
1282316113129299968
1282316500867723267
1282316814001864704
1282317276616642560
1282317653642752003
1282317940075794432
1282318142916702209
1282318322479046656
1282318607544774657
1282319001834659843
1282319533668278274
1282319932936593409
1282320005217103873
1282320181751164930
1282320699819003911
1282320707423100929
1282320872573812738
1282320876470448129
1282321246777049091
1282321289462546432
1282321550029406211
1282321904016203776
1282322050141560833
1282322142495989760
1282322466346602497
1282322879846195203
1282322891355422721
1282323455052886018
1282323665892368385
1282323675568582657
1282323935300902912
1282324137294401536
1282324177257668609
1282324291292364801
1282324478408577024
1282324509119348743
1282324566761713676
1282324947071913985
1282325472278454272
1282325606575665152
1282325862315167744
1282325901364076546
1282326735829127168
1282326737058009089
1282326921481785345
1282326965341630466
1282327055699337216
1282327396750962688
1282327399850479625
1282327448009531393
1282327530448576514
1282328328138117120
1282328418516979713
1282328519725514752
1282328683966062592
1282328989755998211
1282329024992346120
1282329351799939075
1282329667685494784
1282329769623851009
1282330674754707456
1282331045220814848
1282331203576770560
1282331271289438208
1282331395378098177
1282331417310101506
1282331685627916288
1282331763969335296
1282331923600347136
1282332334084067329
1282332713282867200
1282332816735444992
1282333481658454016
1282333786852790278
1282334118521434113
1282334151807340544
1282334864801509379
1282335214744866819
1282335246705463296
1282335342520139776
1282335548548378624
1282335622292623360
1282335813531910150
1282335941638709251
1282336162334605312
1282336223919370241
1282336489502920705
1282336501544542209
1282336616577740802
1282336789240266753
1282337250076958723
1282337388237410304
1282337654030438400
1282337661156560897
1282337800642269186
1282338047540027392
1282338182751752194
1282338363354288130
1282338379556847618
1282338772328357890
1282339149832495106
1282339164692738048
1282339406427217923
1282339746899849217
1282339911279017984
1282339919025889280
1282340045832298497
1282340117156433922
1282340144087994368
1282340195686375425
1282340325357506560
1282340439090180096
1282340908713889795
1282341094827622400
1282341150553243648
1282341206383489024
1282341233315151873
1282341478497484805
1282341554322132995
1282341710350053383
1282341714754072581
1282341717568557057
1282342450770698244
1282342540079853569
1282343219733422082
1282343383554560002
1282343572482613248
1282343801940578306
1282343974225707010
1282344078424920066
1282344649726799874
1282344770916855813
1282345073469005824
1282345328981807105
1282345462121537537
1282345487106887680
1282345598344101890
1282345828083027968
1282346319370166272
1282346695641178113
1282346719250915333
1282346797743169536
1282346980451201024
1282346999208083457
1282347694229528576
1282347791923269633
1282348087734829056
1282348307600162816
1282348481852645377
1282348504589963264
1282348505382752257
1282348615286038531
1282348696726908931
1282348861470711813
1282349116144549888
1282349132384960512
1282349178308317184
1282349581922164737
1282349707688316928
1282350065126907908
1282350091555176448
1282350347231559681
1282350530048729088
1282350597212000261
1282350836954398720
1282351311602802688
1282351813925142529
1282352032968572931
1282352315614339073
1282352548960067584
1282352573849251840
1282352782419386369
1282352908458053632
1282353483056701445
1282353533887668226
1282353662346489856
1282353754386440192
1282354119408140288
1282354347653857280
1282354598037139457
1282355006906208256
1282355036065075201
1282355224825536516
1282355270396588034
1282355273550700544
1282355337056542722
1282355350042222598
1282355432007204864
1282355436578959360
1282355809524027393
1282355897881235456
1282356166912172033
1282356569695543297
1282356648426852353
1282356935203778560
1282356951570145282
1282357446946762753
1282357568497647617
1282357602823942144
1282357680213053441
1282357715650727937
1282357934303870977
1282358200252035072
1282358226277797889
1282358365864316930
1282358906061299712
1282359095308300288
1282359284232224769
1282360047633199104
1282360290668150785
1282360331491106816
1282360702783516673
1282360765710835714
1282360905867694080
1282361006799216640
1282361119693209601
1282361313277235200
1282361471737847814
1282361544932593665
1282361569247211521
1282361750122311687
1282362039671894022
1282362153723404288
1282362870790008833
1282363032195067904
1282363131080126466
1282363272088489989
1282363386181943297
1282363466049781760
1282363676503285767
1282363692495978497
1282363699106177024
1282363914366451714
1282363917684158464
1282363935769931777
1282364009748914176
1282364175843561475
1282364305942487040
1282364370002075652
1282364486129725441
1282364739633340417
1282364900988379137
1282365445492834304
1282366144318451713
1282366699967307781
1282366803495268352
1282366908826882052
1282368075497701378
1282368098843209728
1282368307123884032
1282368327558537217
1282368498266779648
1282368578516209665
1282369010722643976
1282369019186745347
1282369162854248449
1282369307717099520
1282369576483913730
1282369774740279299
1282369798547087365
1282370349343047685
1282370751283310594
1282370981642866688
1282371601506476033
1282371637191598080
1282371917136252928
1282371917169561601
1282371918482440192
1282372307940515845
1282372319600615424
1282372562564059137
1282372671733456896
1282372901627404288
1282373398732079107
1282373429761658887
1282373468454092801
1282373900811239424
1282374409291018242
1282374604707823621
1282374615516553216
1282374898132717568
1282374924888420352
1282375243017797632
1282375250160898050
1282375741385187334
1282375978031943683
1282376335541899270
1282376380584345600
1282376565532184576
1282376631663951873
1282376873570373632
1282376954952536065
1282377008983531521
1282377105045585925
1282377503227576320
1282377553035001859
1282377621985267713
1282377960620568576
1282377965435748353
1282378175222358016
1282378179475169280
1282378325411995648
1282378331040735232
1282378464704835585
1282378511118929923
1282378598641545217
1282378607009177604
1282379035893551105
1282379349241532416
1282379889354567681
1282380004597407745
1282380128773910539
1282380243177820160
1282380299884728321
1282380733739200513
1282380737241468929
1282380757617373184
1282380905940647937
1282381123121819649
1282381455151292422
1282381537854414849
1282381824610598912
1282381877689700353
1282382300945293319
1282382693620211713
1282382724439867394
1282382854362746881
1282383111142158336
1282383437978992640
1282383473114832896
1282384513881055232
1282384589692891136
1282384847231766535
1282384852394717184
1282385184227196929
1282385388775014402
1282385575220326411
1282385841814470657
1282385853306855424
1282386168697552896
1282386655647805441
1282386810929283074
1282386881682960386
1282386882735661057
1282386978751864839
1282387116119470083
1282387340296695813
1282388241019105280
1282388315300339714
1282388728476991489
1282388769052561409
1282389215045705728
1282390204419112960
1282390580262252544
1282390602378772480
1282390647845068801
1282390939198267396
1282391041023172608
1282391085067583488
1282391797667442689
1282391804982288386
1282391827488931843
1282391944484786176
1282392087535603713
1282392107722760192
1282392119584280576
1282392784129847297
1282392850513231872
1282392918729392129
1282392966745559040
1282393128545247233
1282393165262196737
1282393191140990976
1282393646969630726
1282394179545399296
1282394430897618944
1282394449537126400
1282394896603783169
1282395142792646657
1282395170353426436
1282395304042487808
1282395340591644672
1282395791454347264
1282396194820501507
1282396261065334790
1282396354443046914
1282396458961043457
1282396994468818944
1282397331934117888
1282397829613445120
1282398281591590912
1282398361371521024
1282398587641528325
1282399197036085248
1282399732199981062
1282399889419390977
1282399941311164416
1282399971291979776
1282400370661236736
1282400539226120193
1282400595194908673
1282400630191951872
1282400668381306883
1282401295127785473
1282401438816182275
1282401550762225664
1282401948810043393
1282402153986953219
1282402266725711873
1282402526663512064
1282402777201868804
1282402781144514566
1282402818595237888
1282402878473281536
1282402903093911554
1282403014880321536
1282403648442638337
1282403774066196480
1282404136881971202
1282404502662811648
1282404753671061506
1282404841558544386
1282405236280303618
1282406355731656705
1282406537680564226
1282406637672624129
1282407312095928320
1282407360678506498
1282408060997242881
1282408690461618177
1282409132688134151
1282409456517525504
1282409516546613248
1282409887394390017
1282410061449646081
1282410140382175233
1282410172095385601
1282410715589083137
1282410806999519232
1282410897185673218
1282410942345523201
1282411239658926082
1282411356763967490
1282411476993445889
1282411515786731520
1282411557499133958
1282411577505910784
1282411692387950597
1282412051302715392
1282412331306225664
1282412543101804550
1282412782579863553
1282413117067218944
1282413340258643968
1282413523558113282
1282413708791218176
1282414637955321856
1282414925030330371
1282415324743311360
1282415336910983169
1282415618466209792
1282415681934327815
1282415687303077889
1282416056452222976
1282416129340633088
1282416220952842243
1282416405728681987
1282416715113140224
1282416829420331008
1282416830494072832
1282417039320256514
1282417149777256449
1282417182283051008
1282417256098598915
1282417285416837121
1282417562752552966
1282417562798653440
1282417664766476289
1282417842441408513
1282417927510269952
1282418415412682753
1282418555351445513
1282418755792846850
1282418885942218752
1282419045460070402
1282419433013559296
1282420605065674753
1282420645834510340
1282420647839305736
1282421028447309833
1282421070616760320
1282421360304599042
1282421423370313731
1282421611136552960
1282421681068310529
1282421726966624256
1282421825478160384
1282421862820003840
1282422008828108806
1282422860942684160
1282423168003710976
1282423304691875844
1282423972613820417
1282423977290407938
1282424204718211077
1282424300109287424
1282424304748068864
1282424368124002306
1282424396292878336
1282424504430592000
1282424718814044166
1282425261946961922
1282425892137062400
1282425914073083904
1282425986840133632
1282426443000090625
1282426529612353536
1282426642929823744
1282426833863139329
1282426858030665728
1282427283882389504
1282427307924295680
1282427603882737664
1282427752751214593
1282427842127704066
1282428314683047952
1282429157746540545
1282429185479368706
1282429569694400512
1282429580620582912
1282429855670427649
1282429931159465988
1282429954827771904
1282430048189001729
1282430564742713344
1282430667176005633
1282431094030245890
1282431569525760000
1282431928193306624
1282431933725777921
1282432205575331840
1282432414585954307
1282432450099109888
1282433011460472834
1282433106293776386
1282433204234919938
1282433623812177923
1282433745337778176
1282434270112473088
1282434584710455299
1282434587675758594
1282435366876741634
1282435529384984576
1282435989391249409
1282436182157201410
1282436347668713479
1282436417713364992
1282436546864353281
1282436852889214977
1282437212282343424
1282437235946582016
1282437528990158848
1282437688633831424
1282438535254028288
1282438581877956610
1282438673091395584
1282439308532764681
1282439705250988034
1282439807160012806
1282440120831008768
1282440309184634884
1282440504064520192
1282440787096207365
1282441064532652033
1282441226470297602
1282441599587241984
1282441794836467712
1282442661039943684
1282442669742931976
1282442688370016264
1282443108022722562
1282443399526780934
1282444425671712768
1282444609986031616
1282444694711148545
1282444980338950147
1282445064480927744
1282445243292495872
1282445507353292800
1282445701998350337
1282445746848116736
1282446432306434048
1282446642285862912
1282446769243095045
1282446772548165633
1282446773605130240
1282446774657933312
1282447415711334400
1282448106718744576
1282448244916846593
1282448488043810817
1282449686582919169
1282449921203933184
1282450278629990400
1282450443747176450
1282450592372154368
1282450652317331458
1282450805191213056
1282451651006271488
1282452073351700480
1282452871150211078
1282453017027960832
1282453232829321225
1282453763844911105
1282453809411895298
1282453837933142017
1282454155156697089
1282454454084804613
1282455438185975809
1282455627155951616
1282455682986455041
1282456495268003840
1282456549382918145
1282456575555379207
1282457231905247236
1282457239408619524
1282457285109977088
1282458252928847872
1282458336210890755
1282458647298220033
1282458705192038400
1282458729477218305
1282458843025477632
1282459171430989836
1282459300603072513
1282459486054019073
1282459879744167937
1282460190193758208
1282460242492755968
1282460567421235200
1282460743057772546
1282461195904208897
1282461680493047808
1282461822994526213
1282461868091600897
1282461869375057920
1282461871639949312
1282462302680293378
1282462655652003841
1282462775147671552
1282462888230346758
1282463037946036224
1282463649165193217
1282464164666105859
1282464196152745991
1282464590434107392
1282464855769985029
1282464947423842305
1282465007205318657
1282465143654416385
1282465315293589505
1282465521213100033
1282465530092425217
1282465659188924416
1282465714478223361
1282466029080317952
1282466098718412806
1282467011310817280
1282468281639567360
1282468550406475784
1282469523979894784
1282469527637417996
1282469605294972928
1282469630095826946
1282469756826722307
1282470446261170177
1282470958167711745
1282471189697441793
1282471738509529091
1282471909456777218
1282472972012396544
1282473143509159942
1282473201466068993
1282473926019485696
1282473982650974208
1282474010538909699
1282474102868107264
1282474320275611651
1282474836103757826
1282475051527413762
1282475775938179073
1282476033095208960
1282476950951526402
1282477479534501889
1282477774293344257
1282477969458462725
1282478700135616513
1282478703470092289
1282478765789118465
1282478901592305664
1282479616934981632
1282480146361069568
1282480334110625795
1282481020231651329
1282481522310819840
1282481781338447879
1282482260961185792
1282482841855463425
1282482939675246593
1282484018714312704
1282484470319214592
1282484987191853056
1282486085214511104
1282486356380397568
1282486840239566848
1282487033710223360
1282487130195992577
1282487159732215808
1282487332084551680
1282487701107871748
1282487998018445318
1282488002661548041
1282488003554942976
1282488208551542787
1282488220316504069
1282488891610664960
1282489051581382657
1282489215494881288
1282489606097731589
1282489769750978561
1282491670672683008
1282492076622376960
1282492078715359232
1282492491867070465
1282492659156713472
1282493523523260417
1282494281056485376
1282494327176994817
1282494387486892033
1282494404608106496
1282494440272039936
1282494504919093248
1282495076535607297
1282495245704474624
1282495678263042053
1282495708663291904
1282496659767930882
1282496808988618753
1282496937401503744
1282497131048312837
1282497569625640960
1282497751536869377
1282497923171975168
1282498018806308864
1282498052528451584
1282498178340855808
1282498290156802048
1282498391809888256
1282498409266585600
1282498835865120773
1282499080699035648
1282499112118751234
1282499127188783106
1282499379379740672
1282499411365498887
1282499502528659456
1282499534015340545
1282499715066732546
1282499923523428352
1282500075294535688
1282500435488759816
1282500653315756038
1282500657539252224
1282501142426071051
1282501328623853568
1282501760830124034
1282501943798239233
1282502087398445056
1282502089013366785
1282502471261270017
1282502893640257536
1282504238900240384
1282504340268371974
1282504676911591424
1282505145473851392
1282506919425515522
1282507410821623810
1282507967242403840
1282508469841657856
1282508610170433537
1282508701019111424
1282508757818380288
1282508823895273472
1282510102705078272
1282510621817352192
1282511827344207878
1282511873582260226
1282511953580232704
1282513774600224774
1282513893105909760
1282513918783561728
1282513996499816454
1282514429595332608
1282514655387295744
1282514885696524289
1282514975362187265
1282514979116052481
1282515153565646860
1282515278547443713
1282515405240774663
1282515643208806402
1282515986990727173
1282516020067000322
1282516326452527108
1282516404722442241
1282516472032628736
1282516631047016448
1282516719995691008
1282516800442425346
1282517679308513280
1282518279920091137
1282518860902604800
1282519073092521984
1282520151435468800
1282520722112483329
1282521512805834754
1282521767563558913
1282521979388657664
1282522091867312129
1282522546454265857
1282522722598293504
1282522926919512064
1282523051888742400
1282523596049571841
1282524175312314369
1282524393986568192
1282524492254842880
1282525176740098050
1282525416553615360
1282525900505001990
1282526145678913537
1282526237957726208
1282526528459296769
1282526959633936389
1282527095151661056
1282527838071959552
1282528071376089088
1282528205455450113
1282528226326253568
1282528574776512513
1282528942138720256
1282529057784160256
1282529628784070659
1282529728692355072
1282530127423787008
1282530454181036033
1282530454155915265
1282530734004154368
