1280719916610605056
1280720212107628544
1280721276873527296
1280721765304541185
1280721955788918784
1280722036172587008
1280722537970728960
1280723924523810816
1280723936981012486
1280724034850820096
1280724130350936066
1280724183631253505
1280724797585047553
1280724935053369344
1280725313157120001
1280725597086453765
1280726039715622914
1280726602507313152
1280726889796120578
1280726915733651457
1280726949334310912
1280727031362322432
1280727044305936385
1280727288057864193
1280727297419591685
1280728327930744832
1280728995718365184
1280729121845399552
1280729334660108288
1280729385478369285
1280729395670536192
1280729579141955584
1280730177149026305
1280731076638408704
1280732159796547584
1280732722357567490
1280733902622150656
1280734010604490759
1280734121589760000
1280734123812769794
1280734124911636480
1280734842867589120
1280735090218283008
1280735101991731200
1280735244556083200
1280735425531990021
1280735718638325766
1280736207018876929
1280736244750782464
1280736486602747905
1280736987490725888
1280737011549130752
1280737178751053824
1280737311794384896
1280737562332725249
1280737926331207680
1280738248755740672
1280738413382164480
1280738970700218369
1280739651196555264
1280739686143660038
1280739939110531072
1280740042193895425
1280740359803482113
1280740536161144832
1280740724963782656
1280740856505516033
1280741048306696192
1280741065134309376
1280741244621258754
1280741359612280833
1280741573676974081
1280741770712711169
1280741858201698305
1280742162049773569
1280742461812375552
1280742874171179008
1280742878319435779
1280743202241347586
1280743727330402304
1280744181212856321
1280744392303796231
1280744646252146695
1280745179536916481
1280746322656706562
1280746635555938304
1280746876300656641
1280747250898141184
1280747258892308480
1280747271517286400
1280747420192833538
1280748269145133062
1280748729062928386
1280749060576731136
1280749574429212679
1280749708537987073
1280749767828606977
1280749913932886019
1280750069583659009
1280750314245754881
1280750936231759872
1280751273722228736
1280751425245642757
1280752125207871490
1280752141108498433
1280752426836992000
1280752774448283648
1280752790642581504
1280753623606063105
1280754442778836992
1280754628108251136
1280754661159469057
1280756293012242434
1280756821175742464
1280756884396478470
1280757341131083777
1280757640113594370
1280757646002319361
1280757779746127873
1280758372002922496
1280758387920289792
1280759116865179648
1280759443756548098
1280759584970473474
1280759608399859713
1280760016526606336
1280760062634418177
1280760666454806528
1280760809254256645
1280761181632946176
1280761484763639811
1280761655886934016
1280762087749365760
1280763502089719813
1280763934190886914
1280764241474183169
1280765111490105344
1280765594082648064
1280766092512768000
1280766183579533312
1280766224083943425
1280766235899301889
1280766877027971074
1280766952915468288
1280767007189860352
1280768035750436864
1280768466866364416
1280768820450398208
1280769350215983105
1280769395904708608
1280769474061312006
1280769895546998784
1280770068729782273
1280770082658975746
1280770305313644544
1280770815957463041
1280771014176264193
1280771354619531264
1280771536643907585
1280771786410463237
1280772434485018624
1280772963030237185
1280773064083550208
1280773284561207296
1280773349510197248
1280773555773272065
1280773630612381696
1280773697549340672
1280773956467929090
1280773967901601793
1280773976206213121
1280774172327763969
1280774697932615681
1280775206902960130
1280775374180417537
1280775783133450240
1280775903904137216
1280776050071474176
1280776263171543040
1280776307471781888
1280776461583089664
1280776703699271681
1280777743920181248
1280777764845600768
1280778132467916800
1280778192765308928
1280778628104675329
1280778941750484992
1280778977431490561
1280780383332810752
1280780681484865536
1280780732907114498
1280780774963384322
1280780935324106752
1280781006644150272
1280781216334123008
1280781327730696192
1280781365697490945
1280781416989634560
1280781520257585154
1280781792467959808
1280781794498031616
1280781810167762945
1280782105597939713
1280782198493323264
1280783127737180160
1280783381077385218
1280783452296667141
1280783526808477697
1280783564938850304
1280784201961230336
1280784296014417920
1280785043884040193
1280785563667349505
1280785686841511937
1280785750884265984
1280786182834548738
1280786463400103936
1280786894708768771
1280787513095991296
1280788008828956672
1280788103633031170
1280789483374497793
1280789622419795968
1280789807904567302
1280790025760845824
1280790716852121600
1280790716852121600
1280790891712720896
1280791010939940866
1280791899599749121
1280792113915912193
1280792133490880512
1280792174448254976
1280792517735301120
1280792796362874880
1280792946904895488
1280792977011552256
1280792992937369607
1280793200295317506
1280793277546070016
1280793489010286594
1280793660737675264
1280794178591604736
1280795036217737216
1280795252429905920
1280795333572931590
1280796405158875136
1280796650265628672
1280796955820675074
1280797529215569922
1280797617857925121
1280797851434586113
1280797854764843011
1280798285834457094
1280798613585739776
1280798738911563776
1280798765276946432
1280799295252205568
1280799296422465538
1280800816421535751
1280801852909662208
1280802058531033088
1280802067007901696
1280802207668060160
1280802361045405696
1280802608102473728
1280802923258101765
1280802932749996032
1280803074248814592
1280803083317116928
1280803446602567680
1280803660730109956
1280804025714253825
1280804261216083971
1280804304673218561
1280804386151837696
1280804574647877633
1280804939565010944
1280804979561857024
1280805475387400194
1280805997163032576
1280806868424638464
1280806889522159623
1280807228862275584
1280807342653800448
1280807531288428545
1280807629820882945
1280807659642458112
1280807727921430528
1280807734972051457
1280807739048865795
1280807753443733507
1280807760238571523
1280808651083702272
1280808809561239552
1280808860153008128
1280808878989590528
1280808917971292165
1280808989186457600
1280809501600419841
1280810246668087296
1280810326036897792
1280810588311076870
1280812445951569920
1280812465421529088
1280812521327394819
1280812780266958854
1280813088917327872
1280813507290845184
1280813599645204480
1280813995025465344
1280814397636534272
1280814461054525440
1280815032964648960
1280815090384736257
1280815206189404162
1280815286116065280
1280815342533648384
1280815654443065344
1280815736936706048
1280815911855767552
1280816068290904066
1280816305554087941
1280816683431546880
1280816738892906497
1280816855037489154
1280816992170229760
1280817070494662656
1280817272345563136
1280817358844710912
1280817439027138560
1280817447357100033
1280817666882584578
1280817780980436992
1280817878128898048
1280818127769608192
1280818550467432448
1280818667819798530
1280818777647529984
1280819034276220928
1280819041175851008
1280819261640830976
1280819267898875904
1280819548938219521
1280819806371852289
1280819858125590533
1280820350041952256
1280820747158663168
1280820917250203648
1280821075878858758
1280821451306737664
1280821606298894341
1280822762794373121
1280822821111947265
1280823029375873024
1280823053967142913
1280823161064501248
1280823253402034179
1280823420566077442
1280823477717565440
1280823633422753792
1280823892307820545
1280824495637508101
1280824809207799809
1280824974060556290
1280825374763409408
1280825474386735104
1280825481533808640
1280825610130997248
1280825796073009154
1280825904281931776
1280826434311905282
1280826866870267904
1280827281955524608
1280828091305127938
1280828111462887425
1280828304241512453
1280828563860619265
1280828650993201156
1280828861911977990
1280829116397219842
1280829147850387461
1280829394274017280
1280829976418320384
1280830771637477376
1280831255810998273
1280831310311948288
1280832115886772224
1280832517575184384
1280832607979212801
1280832776384598017
1280833154295705602
1280833256313806849
1280833458860933123
1280833570945355777
1280834158793818113
1280834175394775040
1280834364197257217
1280834663200837632
1280835362781376514
1280835539957153792
1280835565391360000
1280835610408706048
1280835735705341952
1280835834384531456
1280836266540642304
1280836450250981376
1280836457230479366
1280836637296123904
1280836763175587846
1280836903995092993
1280837069665861632
1280837278357770240
1280837358812790784
1280837661058633728
1280837804101165056
1280837826561609729
1280837927526969350
1280837937022844928
1280838283187179520
1280838312807354369
1280838349973053440
1280839648546369536
1280839972002631681
1280840215909687297
1280840369907916803
1280840385946927104
1280840799844958208
1280841194340102144
1280841418181877760
1280841422896353281
1280841661946494977
1280841700391428096
1280841788081819648
1280841876023672832
1280841974627606531
1280841983817330688
1280842002112942086
1280842476178141189
1280842488815771648
1280842500710830080
1280842643090452480
1280842850842927105
1280842903108096001
1280842904236326913
1280843396370874369
1280843462863130624
1280843764270014464
1280843847568850944
1280843981409189891
1280844000417767424
1280844276205850625
1280844371563249665
1280844381768093700
1280844564710948865
1280844624588935168
1280844630507114497
1280844841648357377
1280844997386960902
1280846107312926720
1280846193459945473
1280846277929054211
1280846707702538240
1280846733526745088
1280846808336433157
1280846985503731712
1280847919776702468
1280848251026096129
1280848677125398529
1280849014703996934
1280849127518208001
1280849399158054912
1280849406649131008
1280849441973559296
1280849460160090115
1280849597099921408
1280849741228761092
1280849812250857472
1280849821553877002
1280850139737985024
1280850353861296128
1280850552075759616
1280850672129368064
1280850707688689664
1280850800969949189
1280850810780430336
1280850893991301127
1280851052946952195
1280851150447742977
1280851522411061249
1280851728498335745
1280852193881489409
1280852267105738752
1280852437692284928
1280852507909132288
1280853658813464577
1280853785552785408
1280853893057073153
1280853896567705600
1280854475620577280
1280854875174297600
1280854903712362496
1280855239827116032
1280855792111902722
1280855817592291330
1280855965299064834
1280856305968861184
1280856758425133057
1280856878864429057
1280857060725456896
1280857566185050114
1280857677556600833
1280857726482931712
1280857795118727168
1280857954418339848
1280858050719514624
1280858286162620416
1280858287898947584
1280858561942179841
1280858808483549187
1280859064935673856
1280859263120834560
1280860020196794368
1280860248228708352
1280860735166447616
1280860771078070273
1280860898362626048
1280861921466626049
1280861929616130049
1280862197028204547
1280862324186918916
1280862633634267136
1280862990053638145
1280863514291142656
1280864482999390208
1280864815729332232
1280864841712963587
1280864915964788736
1280864992007532544
1280865188204425216
1280865281238339585
1280865314926968832
1280865320228524034
1280865334782840832
1280865338914230273
1280865460330921985
1280865779269992448
1280866446269169667
1280867071182635012
1280867967262228480
1280868725227470850
1280868887144173573
1280869333703557120
1280869549823401984
1280869564767703040
1280869706820464640
1280870204503928833
1280870393985658880
1280870650593316866
1280870694537003009
1280870725818163202
1280871038612619271
1280871103502696449
1280871358331858944
1280871408315371520
1280871472593018881
1280871891138469891
1280872049511202824
1280872330563067905
1280872828066304001
1280873058518130690
1280873116676296714
1280873262269042688
1280873267973234695
1280873745763139585
1280873857578962947
1280873976693022725
1280874039741870086
1280874041700528135
1280874173104033792
1280874394223443968
1280874413164859393
1280874927755866114
1280874947582111745
1280875310469337090
1280875424122204161
1280875426231930880
1280875549200535553
1280876021739327488
1280876022150373377
1280877456795279360
1280877515180060672
1280878610266705925
1280879343430926340
1280879393641037825
1280879428814491649
1280879554597457928
1280879646729519104
1280879717453910016
1280879902846324736
1280880200788688898
1280880217595301896
1280880923014291456
1280881041536954369
1280881044368044034
1280881253600854019
1280881601283571712
1280881690039275520
1280881753108946952
1280881973305774083
1280882298058145793
1280882574332747779
1280882620545609728
1280883554843602945
1280883726180773888
1280884050232782848
1280884391661666304
1280884504450695168
1280884695362928641
1280884712706396160
1280885198733881346
1280885226399502337
1280885227800399874
1280885363742040065
1280885405106257921
1280885728826798080
1280885744291074051
1280885920661553152
1280885967595986945
1280886516932382726
1280886562436386817
1280887112670330881
1280887279129636864
1280887572886097920
1280887753547358211
1280888060293656580
1280888706912534528
1280888740970455040
1280888841247830017
1280888941672095744
1280889263622483968
1280889351199744000
1280889852377038855
1280890001518100481
1280890270993743879
1280890467446599684
1280890631867584513
1280890714348552192
1280890966979883009
1280891255736557568
1280892014440177664
1280892287699075078
1280892740297994241
1280893461231742976
1280893504936427522
1280893712747433985
1280893889184960514
1280894292500844545
1280894343885225985
1280894897835446273
1280895170368671744
1280895245358637057
1280895266292465665
1280895325239152641
1280895396508839945
1280895625752649731
1280895794489503746
1280896309239656448
1280896426587770880
1280897748372320257
1280898034566561792
1280898054477025280
1280898168520138752
1280898445696331776
1280898704585764865
1280899267947880453
1280899314563387398
1280899505160888322
1280899787047436295
1280899933680340993
1280899965024374790
1280899976839794689
1280900181987397633
1280900692329316360
1280900803088220162
1280901582234812417
1280901818004967425
1280902211674013696
1280902307119423488
1280902817247617024
1280902887342825472
1280903604883333120
1280903616782643201
1280904122938675201
1280904358117302272
1280904741099311107
1280905209984712707
1280905227009429505
1280905486842368005
1280906028855332864
1280906063043334147
1280906607203926019
1280907076219408384
1280907286249009154
1280907932071342081
1280908079756906496
1280908247403302913
1280908317511032832
1280908562399735809
1280908829350342656
1280908990969454596
1280909194674049024
1280909278866542598
1280909521729261568
1280909543187402753
1280909555212234752
1280909564221800448
1280909568512417792
1280909724850909184
1280909735408078849
1280909877817344005
1280910213047083010
1280910771971596291
1280910830603730944
1280910949717770241
1280910956873297921
1280911061571514371
1280911346926792712
1280911413993750528
1280911551474491394
1280911646186037249
1280911725345341441
1280911832740515841
1280911833856118792
1280911903657799681
1280912093772869632
1280912297741844481
1280912375072374784
1280912609290719232
1280912916108251146
1280912990125142016
1280914177578549248
1280915069015142400
1280915607504818176
1280916145126510593
1280916179280965638
1280916706504794112
1280916791657746434
1280916798985166849
1280916812012503040
1280917282521255938
1280917282504540161
1280917561719369731
1280917595554627584
1280917597253443585
1280917597647540230
1280917751817736198
1280918191540252675
1280918343747166208
1280918769875980292
1280918916311777281
1280919169748402176
1280919227675938822
1280919685576429568
1280919763884089344
1280919778123673601
1280920200519528448
1280920205493809152
1280920373001891848
1280921160809689089
1280921623575617537
1280921728768671750
1280921740344950791
1280921778429313024
1280922101101268993
1280922833892171776
1280923059453603840
1280923116156289026
1280923179125403654
1280923304069660677
1280923396549816321
1280923561520234501
1280924247569948672
1280924480630636555
1280924601355079680
1280924761418334211
1280925046895022081
1280926134830616576
1280926240711426048
1280926287155118080
1280926378045538305
1280926836172693507
1280927707879157760
1280928049207312386
1280928292552523777
1280928383619215361
1280928785999843329
1280928938387296256
1280928991990464518
1280929541674995713
1280929650319990786
1280929897486090242
1280930141250760705
1280931542533980160
1280931748994527232
1280932225240887301
1280932250641747968
1280932298200764416
1280932343109357570
1280932343331598337
1280932478509895681
1280932566749589511
1280933060373069825
1280933174881792004
1280933401273516036
1280933736301936643
1280933796032978945
1280933917093179393
1280934162824933377
1280934221377204224
1280934340642275329
1280934734114074624
1280934907062243329
1280935482122211330
1280935503060140034
1280935694555205634
1280935763014713347
1280936424557215746
1280936441200152576
1280936530324963328
1280937058974957569
1280937271638851591
1280939180428689408
1280939344254001154
1280939618184110081
1280939686702219266
1280939806625878017
1280940032082272261
1280940099807707137
1280940343190605827
1280940527958085634
1280940550800146432
1280940852525793281
1280940967760183299
1280941075675394048
1280941534288982016
1280941622100987914
1280942541035143169
1280942629312585728
1280942637701148673
1280942648988102656
1280942740797181953
1280942757561974784
1280942762226040832
1280942947203235840
1280943223721115649
1280943268755357697
1280943437697757184
1280943479322001408
1280943496652865536
1280944067317284866
1280944224893128704
1280944948431519744
1280944972766883840
1280945240271093761
1280945320134955008
1280945338518511617
1280945550658088961
1280945579472891910
1280946503058690048
1280946550785662990
1280946590803509250
1280946708092981248
1280946769166315522
1280946775482929152
1280946864305647619
1280947501336387584
1280947770057060352
1280947883278204929
1280947884054077440
1280948245376782343
1280948517540737024
1280948622650232835
1280948654321233920
1280948675838124035
1280948722466258945
1280948752337887232
1280949220271427585
1280949313682759685
1280949434419994624
1280949484659208193
1280949774812884994
1280950576021463040
1280950642882818050
1280950693382275073
1280950991794429957
1280951078348095489
1280951125512982528
1280951177245593600
1280951219091955713
1280951373501267970
1280951782957445122
1280952542680268803
1280952584673656839
1280952984965394433
1280953223994658818
1280954095432540160
1280954355462680576
1280954368972541952
1280954421300641797
1280954655053361152
1280954796699246594
1280955092921958412
1280955180989775872
1280955224149168128
1280955298484826115
1280955361982402560
1280955612415827968
1280955668791468033
1280955725737365505
1280956214432747520
1280956348872744963
1280956376198627329
1280956501809672197
1280956535829651456
1280958062644396033
1280958126955597837
1280958154566762496
1280958969440358407
1280959350148825090
1280959798289338368
1280959917571145728
1280960918235406336
1280961066277756928
1280961224893763590
1280961335195389954
1280961590515298304
1280961809529397250
1280962497680412672
1280962585127538688
1280962646603268097
1280962836232048645
1280962881157074944
1280963292165332997
1280963445039366144
1280963452752875520
1280963503910727687
1280963700531355649
1280963789651881985
1280963832995893254
1280964431703273472
1280964723903737857
1280964850953465859
1280965012555739136
1280965332295876608
1280965456745070592
1280965578128330752
1280965822836400130
1280965979321896969
1280966050025213953
1280966699077033984
1280966924671651841
1280967227479658496
1280967245158645767
1280967384061415426
1280967384061415426
1280967398217191426
1280967583412486144
1280968248377462784
1280968686581551105
1280969227248308225
1280969397369266177
1280969538167865355
1280969652416454666
1280969759169720320
1280969991391772675
1280970071649792021
1280970137399631881
1280970483953840128
1280970628221329410
1280971011811430401
1280971110906056714
1280971451294789638
1280972017840394247
1280972849377927175
1280972923227045895
1280972987454287873
1280973049278300160
1280973327646023685
1280974261054824456
1280974450473590784
1280974765113688069
1280975171189305344
1280976371255312395
1280976724004671488
1280977135176474625
1280977231913857032
1280977465884598272
1280977718587293698
1280978790416617476
1280979115043106824
1280979230332006404
1280979781002031105
1280979830499147776
1280980117192228865
1280980154718666752
1280980222746263553
1280980342053142528
1280980367822819329
1280981269652750336
1280981306969448449
1280981472699170832
1280981681600524288
1280982875354075144
1280983237041352704
1280983825804378115
1280983907316400129
1280983909585555456
1280984868118241282
1280984979309281280
1280985215926784005
1280985276811063297
1280986987554635785
1280987459820683267
1280987494096539649
1280987634072985618
1280987760053096449
1280987787152351232
1280987879729225728
1280987962944208897
1280988145350213633
1280989151794511874
1280989175660118016
1280989960129085443
1280989996002967552
1280990146859540480
1280990317609541632
1280990354355953665
1280990572220686337
1280990678542139392
1280991009405534214
1280991034336403456
1280991051147345920
1280991114699440129
1280991338473848841
1280991480090439680
1280991620561645568
1280991717467066374
1280991982198849537
1280992256342863872
1280992360734896128
1280992678524715012
1280992708555833345
1280992860431622154
1280992883106033670
1280992997694484481
1280993032339443719
1280993076614438914
1280993177491685376
1280993355233665030
1280993479829618688
1280993615808847872
1280993626751819776
1280993655910793216
1280993795602071553
1280993835397427201
1280993837041610753
1280994084014997504
1280994204550758400
1280994317872627719
1280994418032545795
1280994491969802240
1280994704125984768
1280995108901588995
1280995312794992642
1280995345657298945
1280995702735331334
1280995703901368320
1280995833534656516
1280996555349164033
1280996673301417985
1280996846836559873
1280996898611113990
1280996965292167173
1280997306121289728
1280997355672743947
1280997368767246336
1280997656542707714
1280997880329842690
1280997909706801155
1280998127546351628
1280998361047285760
1280998363920568321
1280998747045089282
1280998847821443072
1280998928733753344
1280999355256799246
1281000057693769729
1281000464440528901
1281000468097961991
1281001160329969664
1281001309508972548
1281001324331614208
1281001505101950978
1281001506628493312
1281001508180393984
1281001696374784000
1281001768466501638
1281001865845628928
1281002123988262923
1281002272131088386
1281002662587072513
1281003190851420161
1281003721053343748
1281004411385454592
1281004416770990084
1281004654608834568
1281005514760040457
1281005736642871299
1281006082899488768
1281006466804125696
1281006617014816779
1281006658945257473
1281006881113333763
1281006992912506882
1281007809635680256
1281007868444057600
1281007899742031880
1281007924811358210
1281007952221126656
1281008112816750595
1281008191057395713
1281008298582577152
1281008636655996929
1281008651403169792
1281008909902327809
1281008995612921856
1281009418721792000
1281009849749442560
1281010119023656961
1281010913143934983
1281011469132238848
1281011485007699968
1281011640389992448
1281011840936525824
1281012811003502593
1281013028788584453
1281013092512608256
1281013096383950849
1281013213098844164
1281013412302950400
1281013546378072064
1281013680369553408
1281014311716925441
1281014783492468736
1281014938417446912
1281015353989124098
1281015407902629889
1281015416631054337
1281015718050316288
1281015962008014851
1281016139053772800
1281016648728748036
1281017003118145537
1281017343779524614
1281017417028767744
1281017735737155585
1281017861654425602
1281017880239394819
1281017972316868614
1281018474362556417
1281018571536191496
1281019419267944449
1281019530723102720
1281019943236988928
1281020138125438976
1281021036465717254
1281021174764494854
1281021234642386944
1281021757617508356
1281022468962938881
1281022499828961280
1281022893929922561
1281022990759497730
1281023198969106433
1281023540037406720
1281023598086348803
1281023834376695809
1281023982267961347
1281024011103805441
1281024111272243200
1281024137826308097
1281024532141260805
1281024597240897536
1281024687917740033
1281024924765700096
1281024936547618819
1281024988091265025
1281025629606076417
1281025662233575424
1281025773105811456
1281025968996581376
1281026433217900544
1281026455808417793
1281026628714455040
1281027157578448898
1281027274670735360
1281027311974993920
1281027547136917504
1281027629894832128
1281027803820044291
1281027941300748289
1281028260567146501
1281028553631338496
1281029078527574016
1281029352847814656
1281029535488716800
1281029687028772864
1281029744847474690
1281029852230029312
1281029960371712000
1281030162495266817
1281030411376828416
1281030842710515712
1281031803386556417
1281032480724828171
1281032713223278592
1281032802780303370
1281033183354552328
1281033576646139906
1281034182106415104
1281034856844210177
1281034920597557248
1281035025023225856
1281035095797903361
1281035227163492355
1281035275355947026
1281035644718981120
1281035882754183168
1281036228893130753
1281036717991104513
1281036973390561290
1281037163501629440
1281038753193025536
1281038845883092994
1281039102805258243
1281039402144116736
1281039765945663504
1281040046615715840
1281040091171950592
1281040361436016646
1281040776638746631
1281040963134160900
1281040966820999169
1281041011406336000
1281041014732386304
1281041019950202882
1281041159456985091
1281041937978490880
1281042361057972225
1281043163352793094
1281043218088542209
1281043678409052160
1281043980529082368
1281044486349561856
1281044596542320640
1281044647964545025
1281044767028232199
1281045354306297856
1281045925889052672
1281046169251086337
1281047151532019714
1281047301050347520
1281047431757664257
1281047906179399681
1281047981735776262
1281048333671436288
1281049195940585472
1281049341789003776
1281049444314681344
1281049453529612288
1281049678415646720
1281049755049697280
1281050119316443136
1281050564399370241
1281050852699123713
1281051056953229314
1281051067900481539
1281051085226967040
1281051178198085639
1281051579710226433
1281052186554884096
1281052427597295618
1281052804765736961
1281053299828015104
1281053722127163392
1281053723196719104
1281053723234414593
1281053827777679360
1281054052986560513
1281054054051954688
1281054844585947138
1281054951876235266
1281055371432546305
1281055527297040385
1281056128906989568
1281056288412184576
1281056307508768768
1281056359434391552
1281056451688046597
1281056672115556353
1281057213960912898
1281057438544932864
1281057868507222018
1281059467623378946
1281059586087227393
1281059868753842176
1281060233692041222
1281060316273467394
1281061132141236225
1281061349410304000
1281061541698244609
1281061640163733504
1281061734904664065
1281062208601030656
1281062599224954881
1281062931996839937
1281063676720668673
1281063759797239808
1281063765295972357
1281063943088242688
1281064120545140737
1281064287700570113
1281064446312550401
1281064476482166784
1281064548527529985
1281064654278725632
1281064724122263552
1281064742933716992
1281064982906499073
1281065132139798529
1281065524546482179
1281065944220082177
1281066332348432385
1281066518923616256
1281066607087845382
1281067139651325952
1281067242877341696
1281067316474785795
1281067493872873472
1281067582443970560
1281067774199160832
1281068103753969665
1281068164223246336
1281068315692040195
1281069003109216256
1281069364008099840
1281069454387011585
1281069636101050368
1281069816477093894
1281069959901319168
1281069997662625792
1281070178244210693
1281070210984939523
1281070358964187138
1281070449384923136
1281070456829853697
1281070513259872256
1281070583921303552
1281070613046726658
1281070718030094337
1281071072490803200
1281071521281302528
1281071705369214976
1281072230621945856
1281072321235767296
1281072812866879489
1281072863122984960
1281073044249817088
1281073056102875136
1281073224143572997
1281073314572783617
1281073528918495239
1281073794459660288
1281074013427523585
1281074920248627201
1281074984270651393
1281075095524573189
1281075186427723776
1281075367751680002
1281075398328098816
1281075518289281026
1281075548329062406
1281075729027997696
1281075816961585152
1281075910456872965
1281076090723864576
1281076332869439488
1281076714668298240
1281077259672174596
1281077390341312516
1281077961588965376
1281078005113053185
1281078051879686144
1281078214744518657
1281078232629022721
1281078413260980230
1281078594366824448
1281078642194423808
1281078771064414211
1281078775510417408
1281078955492212737
1281078978070097922
1281079045787209728
1281079140326744064
1281080208083374080
1281080827280011265
1281080917616984064
1281081101507837952
1281081223306194944
1281081277794287616
1281081282978615296
1281081464797437952
1281081587417956352
1281081647937486850
1281081665218019330
1281081828938571776
