1279995283825405952
1279995624482648065
1279995935536353282
1279996227682213890
1279996420737597442
1279997382516670464
1279997697416736768
1279997781017591808
1279998045837578243
1279998261613531139
1279998543294394368
1279999007650127873
1279999184322662404
1279999384902606848
1279999399368654849
1279999402615029760
1279999871081156608
1279999996465725440
1280000408069365760
1280000736550584321
1280000909796392961
1280001373816459264
1280001547930341376
1280002380080320513
1280002402352009222
1280003841262485504
1280003922032300033
1280004374580932608
1280004813674045440
1280005030058299393
1280005700333170688
1280006258678996992
1280006507913007104
1280006687395655681
1280006729749729280
1280008959366176769
1280009388821012480
1280009700356968448
1280009727519395845
1280009866791268352
1280010128717119488
1280010451267403777
1280011308251983873
1280011469699067906
1280011841800937472
1280012563112251392
1280012785808740354
1280013384533106689
1280013753564577793
1280014185351561218
1280014304490729472
1280014589393076224
1280014802572718080
1280015675713638400
1280016073438486528
1280016226148913155
1280016229235859456
1280018772779241472
1280019857770196992
1280020418426925056
1280020424642818048
1280020427419467776
1280020516611534850
1280021201155428358
1280021238694412290
1280021677942898689
1280021801926418432
1280022755950428160
1280023204048842752
1280023386102661121
1280023753745936385
1280024138803970049
1280024201898983424
1280024276268171264
1280024445361573889
1280024482342731776
1280024965966938112
1280025192593526787
1280025455853264898
1280025773827555328
1280025806249615361
1280026489950539776
1280027156358275073
1280027605589209088
1280027891028418560
1280028251323334656
1280028303437565953
1280028501471563776
1280028923259043840
1280029146882727937
1280029179216637952
1280029179539587074
1280029243725012994
1280030161589731330
1280030566759292934
1280031355552890880
1280032580075696129
1280032770195161090
1280032827896193026
1280033000986685440
1280033114480422913
1280034036996603904
1280034768541933568
1280035259510214656
1280035259774427136
1280035265331916800
1280035268431540225
1280035491216228352
1280035598540177408
1280036116045787136
1280036218143748096
1280036556561092609
1280036568212877312
1280036927593472001
1280037380431413254
1280037902676832261
1280038537950265345
1280038657852878849
1280039530414956544
1280039654151069696
1280039747751161856
1280040665213173761
1280040691595345920
1280041093078409217
1280041169356029952
1280041516011003904
1280041595321098241
1280042235422220288
1280042665816530946
1280042826466824193
1280043286858620928
1280043439900499971
1280043785603264513
1280044568587767808
1280045492492283904
1280045562469822464
1280045586209701888
1280045591322640384
1280045610008281090
1280045645856997377
1280045714794520576
1280045923922513920
1280046243276664835
1280046332942659584
1280046456636932103
1280046537947709445
1280046666901528578
1280046875173949440
1280047565522849792
1280047714638745611
1280047750541762561
1280048626841124864
1280048717320634370
1280048964402851842
1280048993167384578
1280049205675950081
1280049251796627461
1280049521909739521
1280049606018007040
1280049719734042624
1280050137449009152
1280050222727680000
1280050362498482176
1280050363698081792
1280050365732253696
1280051002046066688
1280051166156591105
1280051261644042241
1280051306732937216
1280051532373819392
1280051630302347264
1280051934511222785
1280052353496948737
1280052630392238080
1280052754522583040
1280053089609945088
1280053300029788161
1280053300369526784
1280054001619386369
1280054036927057922
1280054400048869378
1280054775749529600
1280055072492306432
1280055334158176256
1280055391540281344
1280055596906151937
1280056367076655104
1280056655330201600
1280057079403892736
1280057194084470784
1280057538164162560
1280058413834293248
1280058432226308096
1280058603844575232
1280058686598197254
1280058717816401921
1280058809306791936
1280059086600462336
1280059278422876160
1280059495922700288
1280059669906485249
1280060337954459650
1280061124436733953
1280061379198803968
1280061422777630721
1280061563328622592
1280061822394040322
1280061878241243136
1280061930787520513
1280061913221611521
1280062111859773440
1280062633882894336
1280063341260673026
1280063555597930496
1280063931243999232
1280064295708000257
1280064803067789313
1280064961453019141
1280065205549125633
1280065215619448832
1280066001296674816
1280066186630266880
1280066803604078597
1280066842631929856
1280066843646980096
1280066969258143744
1280067117673377794
1280067572352909312
1280067762925244416
1280067899961507845
1280068021177012229
1280068151754055680
1280068547281125376
1280069001109012480
1280069031626670085
1280069359151411200
1280069388184453126
1280069634549579777
1280069801344487425
1280070516611715072
1280070578100207616
1280071276455956480
1280071434392436738
1280071608900730880
1280071645034512386
1280071704006410241
1280072741060612099
1280073294797066240
1280073576742367234
1280073666995400710
1280074503754846209
1280074525930074114
1280075006844841985
1280075230778658819
1280076002216030209
1280076741000794112
1280077364181991424
1280077423128776704
1280077488425783297
1280078244180561922
1280078444873879554
1280078474133360640
1280079396897017862
1280080319022903304
1280080697311391745
1280081265715273728
1280081571832377346
1280081598440976384
1280081658054672385
1280082079091494913
1280082223455178753
1280082991692369920
1280083192632967168
1280083659555561472
1280083880008179712
1280084004226715648
1280084733800722433
1280084760447062016
1280084977799933952
1280085019931955200
1280085653561237507
1280085845404516353
1280086854784565249
1280087058829258752
1280087096473145345
1280087144053321728
1280087366460411907
1280087706337447936
1280088928817684483
1280089028054913024
1280089143532494848
1280089870375870466
1280089874951888896
1280089879322357763
1280089883709542400
1280089891288698883
1280089895470415872
1280089898649677824
1280089905893236737
1280090814035693569
1280091288000516096
1280092673752391680
1280092845752401921
1280093105849397250
1280093133246623744
1280093193124679681
1280093681371021313
1280094052390539269
1280094523159449600
1280094737668718592
1280094907902783490
1280094912902426624
1280095152699133952
1280095157249912832
1280095683303952386
1280095798978441216
1280096344019877889
1280096691828469760
1280096817401802754
1280096896443392001
1280097291815313408
1280098205770940416
1280098459018833920
1280098776699604993
1280098997999460352
1280099310647074817
1280099507368267776
1280099515933118466
1280099659210514432
1280099692668350465
1280099789955358724
1280099837501988864
1280100230017548293
1280101024460611586
1280101077610688512
1280101134926000129
1280101448697516032
1280101455198851075
1280101595313815552
1280101904438235136
1280101961564643329
1280102120935567360
1280102265538437120
1280102567704477697
1280102907606642692
1280103053157453825
1280103091073961986
1280104234810253313
1280104567854829569
1280104716794564610
1280105915144904704
1280105954219118592
1280106583004000256
1280107015587663874
1280107376192950272
1280107738484232192
1280107795375939585
1280107886677577729
1280107944303083525
1280108023516672002
1280108346947715072
1280108448529682432
1280109156716904448
1280109466734727168
1280109591859257344
1280109652743794689
1280110118919700481
1280110346527805440
1280110819729199105
1280111021475205120
1280111519494217728
1280111687237066753
1280111780950421507
1280111854510055424
1280111944687652865
1280111983082328065
1280113141486096384
1280113540070887425
1280113629703045121
1280113781960355843
1280114048022056962
1280114091487625217
1280114227018072065
1280114520627830786
1280114633060356096
1280114727566204928
1280114928356122630
1280114947050090498
1280115472827105280
1280115548421009408
1280115596248530944
1280116013393207297
1280116592907620357
1280116601774313472
1280117009443885057
1280117969008373763
1280118687228444672
1280118855826763777
1280119116007968773
1280119137151393793
1280119206923599872
1280119354378588160
1280119945544769539
1280120653723680770
1280120875082305536
1280120905432281088
1280121000861057024
1280121430072582147
1280121845052846080
1280122432431538177
1280122855989051393
1280122894937460744
1280122898011783169
1280123213662560258
1280123271124377602
1280123334819282945
1280123368986025985
1280123435390308353
1280123503698681856
1280123678777380866
1280123787028115457
1280124093224882176
1280124369167998978
1280124505122394113
1280124575934791681
1280124587146129408
1280125142715248641
1280125334956969986
1280125906292559873
1280126258018496512
1280126341845848064
1280126614865657858
1280126824505278465
1280126903484067841
1280127080831868929
1280127274063474696
1280127309169688577
1280127490481160199
1280127658160910336
1280127717204254721
1280127810238119936
1280127931109593090
1280128026588647424
1280128336543522819
1280128508056961024
1280128954368774146
1280128967840800770
1280129085939859456
1280129179711922178
1280129868588613637
1280130078865833985
1280130301705011201
1280130409645424640
1280130560380342275
1280130657042251779
1280130762101137409
1280130912399822848
1280131236648845312
1280131421051420673
1280132331999723520
1280132561252028416
1280132652650106882
1280132653589630977
1280132654453665792
1280132863447445504
1280133243547774979
1280133485043343360
1280133538495504386
1280133559911661568
1280133961604386817
1280134712313425920
1280134914671771656
1280134926050918400
1280134939288014848
1280134967712821248
1280135132603703297
1280135294944239616
1280135316603637761
1280135319984189440
1280135320957333506
1280135321880088577
1280135371326660609
1280135384803016704
1280135681675845638
1280136970413506560
1280136970702897152
1280137166287405063
1280137333904412673
1280137369300107265
1280137393052487681
1280137752592384000
1280137827917991937
1280138069065166848
1280138459198500865
1280138811440345094
1280138988175712256
1280139007511408642
1280139218392625152
1280139340740530176
1280139746166145024
1280139896473169920
1280139951049527297
1280140359989895168
1280140995817070592
1280141305956323328
1280141420645548036
1280141548789825538
1280141671561408514
1280141923920068608
1280141930924556289
1280141932073816065
1280141949169795078
1280141972225826817
1280141976566812672
1280141976361467907
1280142133022900224
1280142846260064257
1280143000132292610
1280143572231163904
1280143596201492480
1280143689046568960
1280143881196253185
1280144162717945862
1280144193306923009
1280144351818121216
1280144494646530054
1280144823991836672
1280144859823845377
1280144863523229696
1280144866383728640
1280144867386064902
1280145299562995714
1280145499748593667
1280145883544391680
1280145965828227073
1280145987726688260
1280146070769668096
1280146570634244098
1280146884523372545
1280146955642056704
1280147136550703104
1280147345125015552
1280147551430291458
1280147991148613634
1280148025457999873
1280148263337783296
1280148412252467201
1280149225582583808
1280149254535819264
1280149941256466432
1280149979538087936
1280150084538249216
1280150425325506560
1280150558196842496
1280150672013393927
1280150742934970368
1280151504117288961
1280151508596785152
1280151552678858753
1280151909131747335
1280152004988461058
1280152111829966848
1280152183103721472
1280152295590842370
1280152352956256257
1280152365866209282
1280152395956260865
1280152946882248707
1280153081397870593
1280153544834809856
1280153700825251840
1280153774808535041
1280154133757136897
1280154240363700225
1280155056428519424
1280155219146539008
1280155357256527873
1280155435757195270
1280155704112939008
1280155785205555201
1280155797822070784
1280155900322426881
1280156063581433856
1280156084137857024
1280156190295678976
1280156845160742913
1280156950823665666
1280157323508531203
1280157942067544064
1280158147215310852
1280158427520655361
1280158650372325376
1280159961457192965
1280160520935542784
1280160969524576256
1280161015590801409
1280161527853531136
1280161536426889218
1280161605884375040
1280161711618772992
1280161878585618432
1280161959229435910
1280162492346437644
1280162945440374786
1280163041980616705
1280163179226640385
1280163234365026305
1280163275494359041
1280163431254024194
1280163694408880131
1280164760747683842
1280165533011369991
1280165746002231296
1280165810703601664
1280167247508639744
1280167329595379714
1280167376928018434
1280167523573469185
1280167777215578113
1280168069130858499
1280168074541481984
1280168292087406592
1280168434249187328
1280168516289691651
1280168564230705152
1280168821110824961
1280168925595123712
1280169134245007364
1280169488214827008
1280169641772331009
1280169835322720258
1280170359640264704
1280170400983334912
1280170494382215169
1280170606818988032
1280170969148141571
1280171484028309505
1280171576219090945
1280171613435170816
1280171803923623936
1280171912807755776
1280172612291788800
1280172697352318977
1280172850947727360
1280173170855751680
1280173523034669057
1280173808339607552
1280173937952002048
1280173979521683456
1280174340521242634
1280174436151328769
1280174688992243712
1280175179931369479
1280175447871979520
1280175704110518272
1280175981412716551
1280176577448476672
1280176634637815810
1280176691969691649
1280176772642934785
1280177091456057344
1280177159584137218
1280177493656449024
1280178161326731265
1280178183502008321
1280178434740715520
1280178736336441344
1280179340378947585
1280179357818863616
1280179669036400645
1280179683477409792
1280179797977694208
1280180539887169537
1280180656757227522
1280180866224979968
1280180917114474498
1280181113999298560
1280181206055882753
1280181349576519680
1280181482435129353
1280182078139781123
1280182263544713216
1280182288656064512
1280182440078856200
1280182478054064130
1280182813678096385
1280182899824832513
1280182985690624001
1280183143681658880
1280183257963925506
1280183614316126209
1280183627557593093
1280183760986783749
1280184065866399745
1280184154362126337
1280185053683867650
1280185425110405122
1280185498254938118
1280185955509510145
1280186307860238337
1280186318769750018
1280186588283142150
1280186666519494664
1280186859444985859
1280186906148560897
1280187188102209536
1280187519745884161
1280187610594512897
1280187934029774849
1280188089219141633
1280188268743741440
1280188662999900161
1280188764401344513
1280188949525381120
1280189562552299523
1280189724393521152
1280189893230989312
1280189931508436993
1280190195158126592
1280190380089229321
1280190996173582338
1280191570566959105
1280191942995914752
1280192120540856321
1280192362505961473
1280192455342804993
1280192624830353408
1280192656329576448
1280192795534385155
1280193092625272832
1280193097830477825
1280193600156954624
1280193680951750656
1280193869913690112
1280194197669195776
1280194297074089984
1280194541920956421
1280194627883143169
1280194956540481540
1280195168893906945
1280195172534386688
1280195189718614019
1280195491570089984
1280195512512241664
1280195730645356544
1280195861889286144
1280196549780418563
1280196733813895172
1280196918711324678
1280196959945572352
1280197035124232195
1280197615238381569
1280197783648120833
1280197804586139652
1280197945657159681
1280198096882929668
1280198559602802693
1280199146172014592
1280199154732535811
1280199175582257152
1280199233463869441
1280199380071411712
1280199620010938368
1280199624402309120
1280199779109220352
1280199782443687937
1280202291623100416
1280202732696207366
1280203428061499399
1280203629052518400
1280203717619281920
1280203832153210880
1280203913875066881
1280204095157141506
1280204203345031169
1280204523466829830
1280205063034736641
1280205374121967618
1280205437321658369
1280205457941041153
1280205476265951232
1280205478996463616
1280205512592838656
1280205634189824002
1280205844139909126
1280206301151129600
1280206648489975809
1280206993916133382
1280207264780075009
1280207320232808448
1280207512273330183
1280207756084027400
1280207849767886849
1280208138394898436
1280208238970011648
1280208377654714370
1280209396790935553
1280209433436598272
1280209785779036161
1280209869866483712
1280210584152268800
1280210734669053956
1280210880970600448
1280211094817181696
1280211115440517120
1280211531674857472
1280211720603144195
1280211735920640001
1280211789008027650
1280211853814136837
1280212002007285765
1280212205800226820
1280212324989706242
1280212663608508416
1280212811461939201
1280212940147343366
1280213100214521856
1280213309925572608
1280213728760410113
1280214416739483649
1280215079095603203
1280215230946164738
1280215372696879110
1280215491160805379
1280215746732331013
1280215864478924803
1280216087712456705
1280216127231135744
1280216288648990722
1280216440033865728
1280216920881532933
1280217012959088640
1280217071331217417
1280217083335200768
1280217232782561285
1280217293188788224
1280217521333907456
1280217638774464513
1280217659758587904
1280217819238600704
1280218058171260928
1280218401185705984
1280218481997348864
1280219197654683653
1280219356622798848
1280220258339393537
1280220577391755264
1280220594403975170
1280221727855960070
1280222003832684550
1280222440728203265
1280222512517992448
1280222545388732417
1280222546290520064
1280222550317043712
1280222586627149824
1280222754533507072
1280223019596685314
1280223421520064515
1280223475861540864
1280223551635828736
1280223786592337920
1280223840845496320
1280223912220033025
1280223962681741312
1280224023243141120
1280224400059576320
1280224566196031488
1280225093025701894
1280225234264772608
1280225251071266816
1280225453429702659
1280225510031872008
1280225510929371138
1280225582853369857
1280225745147699200
1280225892195880963
1280225993072865280
1280226656117014529
1280226769992331274
1280227041011326976
1280227352065310720
1280227562858430465
1280227612233736194
1280227641564344320
1280228022931652609
1280228593428135936
1280228853974171650
1280229148108247040
1280229798095314947
1280230737791328258
1280230876287246337
1280230928736849920
1280231983185113088
1280232241688346626
1280232691254923265
1280232954665611264
1280233240452902918
1280233288410546182
1280233708784664576
1280233867253878793
1280233937009344513
1280233983830298628
1280234177317740551
1280234181902176258
1280234651236175874
1280234754999083018
1280235179399958528
1280235218138513410
1280235434644140033
1280235767101562880
1280236476165509122
1280236499406147585
1280236534227230722
1280236709914034177
1280237314770382854
1280237430193389577
1280237611555192840
1280237699862073344
1280238219410452480
1280238378533994504
1280239012977000449
1280239172029231105
1280239345224597504
1280239764155838465
1280239940568301574
1280240011280080899
1280240514105839619
1280240967287783424
1280240992814346240
1280241377855619079
1280241947907698691
1280242125242724352
1280243391553511431
1280243847814172675
1280243991775268865
1280244040869523456
1280244444122488838
1280244579556569088
1280244888982958082
1280245071061884928
1280245140544794625
1280245429276413954
1280245569575956481
1280245672760000514
1280245890117185537
1280246047277830144
1280246209253384194
1280246285958893570
1280246420264693767
1280246611537301504
1280246909450453003
1280247619856498690
1280247762970390530
1280247975239974912
1280248928739434498
1280248957625565186
1280249132435877893
1280250030880731136
1280250168978407424
1280250952621133824
1280251255634395136
1280251259291918338
1280251305580212224
1280251871681273857
1280253277117054978
1280254224299769856
1280255189790928896
1280256636926427136
1280256742211936257
1280256859748864001
1280257196182339590
1280257433403895810
1280257878205566978
1280257881804288000
1280258122796331010
1280258762813640712
1280259945980542976
1280260088566026240
1280260160133517312
1280260167922151424
1280260874255470592
1280261251252314112
1280261703993868294
1280261729251995648
1280262336608120840
1280263239549452288
1280263389227278336
1280263447775715329
1280263453307879424
1280264147716804609
1280264934522314752
1280264955372040192
1280265512321245185
1280265600611299330
1280265989922357249
1280266124211388418
1280266653008367620
1280267807360458753
1280267828176859137
1280268184382291969
1280268723656503296
1280268914199584768
1280268950266208256
1280269102079250435
1280269166700888065
1280269455180824576
1280269554334171141
1280269598353502209
1280270565433958400
1280271047309262848
1280271577372856321
1280271632528035841
1280271775297830914
1280272886213644288
1280272910209482753
1280272949497475072
1280272998155550721
1280273659303780354
1280274136242126850
1280274206802898944
1280274723444850691
1280275281723392006
1280275737983975432
1280276361932873729
1280276939048210437
1280277133525504006
1280277738612383744
1280278125373513729
1280278351920402439
1280278641218392064
1280278649426587648
1280279629924896768
1280279827774418946
1280280146113675265
1280280245896126465
1280280325965348870
1280280740471635969
1280280757890478080
1280281139979190284
1280281212573978628
1280281240420188160
1280281420053786627
1280282999377080323
1280283116561747969
1280283233486241796
1280283447450374146
1280283628929536006
1280283770428538883
1280283854725619712
1280283954784985096
1280285698801745931
1280285782692020229
1280285850744602626
1280286155745837057
1280286279133954049
1280286427977322496
1280286677064396802
1280286849525846024
1280287249079259138
1280287380424065027
1280287424132911105
1280287442931642368
1280287870079700992
1280288165669068800
1280288682117746692
1280289014583623681
1280289205449568257
1280290019803095041
1280290593390972929
1280290648634032130
1280290649858887680
1280290703147499520
1280292275726270464
1280292386774683651
1280292592337457154
1280292940611497987
1280293072283340803
1280293637964865542
1280294226975240192
1280294570207727617
1280294795953549314
1280294854799417344
1280295095527342080
1280295203908313093
1280295737159540739
1280295842444951553
1280295858882383872
1280296139993026564
1280296199904473090
1280296593435099136
1280296861530816516
1280296966384168960
1280297070956621824
1280297178964033536
1280297356286664704
1280297360661323777
1280299138597478401
1280299755260776448
1280300584235606018
1280300934246158339
1280301436686008322
1280301617171042304
1280301801561038849
1280302625297256451
1280302741470969857
1280302982144372738
1280303291247845385
1280303955915026432
1280304867563778051
1280305111823245313
1280305160846221312
1280305241980915714
1280305795431673856
1280306101150453763
1280306381367775237
1280306394030321664
1280306788982755328
1280306978225602565
1280306993903947777
1280307165677453312
1280307308413804544
1280307376025931778
1280307429482381312
1280307804239278080
1280307838183669760
1280307963840905216
1280308129717121028
1280309034789240839
1280309146001293312
1280309381985439744
1280309589511192576
1280310534479454208
1280310858279608320
1280310894552125440
1280311432685531138
1280311696322637825
1280312337799380995
1280312563679539200
1280312927736791042
1280312961714851840
1280313013099286529
1280313215851941889
1280313368272912390
1280313875536248833
1280313977843576832
1280314212401676288
1280314628522815488
1280315108976144384
1280315452074360834
1280315849971167232
1280316335365505024
1280316430446202882
1280316931560468480
1280317464803512322
1280318452478214146
1280318993606336514
1280319386352594944
1280319628338577408
1280320051531448321
1280320131436953600
1280320133802713089
1280320134918352897
1280320433070510080
1280321040753754117
1280321221045911553
1280321438243790848
1280321548738584576
1280321622805753856
1280322165242560518
1280322198721396737
1280322257143967745
1280322717661700096
1280322832283635713
1280323191941083137
1280324245487304704
1280324387934175233
1280324424680472578
1280324606046474241
1280324660358414336
1280325021487988737
1280325593666641922
1280325794666090498
1280325816879124483
1280326205045182470
1280326377443520514
1280327034019995648
1280327857391259648
1280327889305710600
1280328917799354370
1280328963580182529
1280329023990661123
1280329056479838208
1280329245701668869
1280329358037704710
1280330142682939403
1280330527241916416
1280330868985335811
1280331410121908225
1280331841275387905
1280332298127278082
1280332324379467778
1280332633038356480
1280333008206168066
1280333663142469634
1280333823910260736
1280335281103798273
1280335469935570944
1280335489447280640
1280336378702823424
1280336628033167361
1280336782949781504
1280336916332736513
1280337232847687680
1280337994503688199
1280339299372879874
1280339430855725058
1280340094105370624
1280340647287767046
1280341350290989057
1280341665732071424
1280341784225353728
1280341952593039361
1280341968997027840
1280342168729780226
1280342532115894273
1280342755668082694
1280342884986884097
1280343160527486976
1280343585972420611
1280344088751927297
1280344404092489733
1280344783744110593
1280344810046410752
1280346338006380544
1280346633943875585
1280346988882657280
1280347071304871936
1280347262871363589
1280347683572584449
1280348179066753026
1280348327637389312
1280348387234271237
1280350209042776064
1280350419248652288
1280350460382081025
1280350461279629312
1280350461455765506
1280350484830846977
1280350618620747778
1280350961073094664
1280351060440371201
1280351157920116741
1280351640252489729
1280352057690644481
1280352250335039491
1280353112788779009
1280353250651316224
1280353498937413632
1280353780794605569
1280353782271000576
1280353842257956864
1280353872460959744
1280354319829778433
1280354338129543171
1280354611388387328
1280354864795615237
1280355245625876480
1280355317914710016
1280355720978989057
1280356131110600705
1280356734381338624
1280356959955439617
1280357003701993473
1280357056453771264
