1285068684973809666
1285068891211751424
1285069035143671809
1285069060602867714
1285069259337379841
1285069450287501312
1285069559876083718
1285069826331865088
1285070646230351873
1285070947716706306
1285070971175612418
1285071407542611970
1285071717266853888
1285072617758699520
1285073221771984896
1285073794491535360
1285074213783638021
1285075173906042884
1285075451103326209
1285075724509077504
1285077738114691072
1285078314328002560
1285080881787482114
1285081154970890242
1285082160995631105
1285082294089330688
1285084637895757824
1285085177123938304
1285085372784017408
1285085390492315649
1285085405981954048
1285085478195208192
1285085575284916225
1285086058598862848
1285086152798670849
1285086883488378880
1285087189978812416
1285087444719882241
1285087592095068160
1285087671971348481
1285087990583300096
1285088104571904000
1285088973975629824
1285089101100851200
1285090511611506688
1285091316070834176
1285091712151556097
1285091733009829888
1285092355780030464
1285092716225925121
1285093048871985152
1285093426984300544
1285093604130684930
1285094408459878400
1285094433634099202
1285094657488109568
1285094921368559616
1285095275883831296
1285095304111349760
1285095802151608320
1285095908917547008
1285096004337963008
1285096070800785408
1285096143416893441
1285097758341296128
1285098055814074372
1285098361234890753
1285099012157173760
1285099013428203520
1285099714535456770
1285100153393876993
1285100231584026625
1285101100727664640
1285101194709327877
1285101300447879168
1285102413616218113
1285102933747605511
1285104010467381249
1285104334154366977
1285104360129781768
1285104443160027136
1285105480797487105
1285105601475821569
1285105758821122049
1285106700488519680
1285106940096344064
1285106971746734080
1285107147806834688
1285107294360031232
1285107770971295745
1285108367330103298
1285108575816294400
1285108832230871042
1285109263556386816
1285109713496084480
1285110189604114432
1285110371599056896
1285111107590463488
1285112018127728641
1285112462602313728
1285112935266885632
1285113648340492288
1285113963789914112
1285113984761257985
1285114103162261504
1285114106450595841
1285114313133432833
1285114757016629248
1285115532769931264
1285116194337546240
1285116358246772738
1285117252811935744
1285117764433088513
1285117865151127552
1285118580715995137
1285119499121733632
1285120143492702208
1285120359356719105
1285120696654467073
1285120777830797312
1285120929866145793
1285121800012042241
1285122052404342784
1285122282063626245
1285122618887200768
1285122809639964674
1285123189744570368
1285123453717147648
1285123468527202304
1285123731032023040
1285124346537750529
1285124354653720578
1285124635785338880
1285124950832099328
1285124980506636288
1285125081132421120
1285126062146494466
1285126717728870401
1285127403052969985
1285127605952417793
1285128115216281601
1285128325648789504
1285128501276934144
1285128769171271680
1285128955578613760
1285128958107742208
1285129043826937856
1285129223384920065
1285129457901211648
1285130942957461505
1285131079964176384
1285131413734297600
1285131540012335104
1285131697298780161
1285131785031032832
1285131870456254464
1285132417309736961
1285132462763302912
1285132482850050059
1285132981909303297
1285133191280504832
1285134484250083328
1285134509172719617
1285135019145662464
1285135321882075136
1285135387103502337
1285135673293512705
1285135694365696000
1285135821046198272
1285136336375017473
1285136747718864897
1285136947825041408
1285136983656992769
1285137528870309888
1285137661972316162
1285137886275231744
1285137887541919746
1285138056559816705
1285138089598349312
1285138178341470213
1285138706010181632
1285139907657310209
1285140018626011138
1285140260918366210
1285140501071409153
1285140643464073217
1285140916974616577
1285141153642196993
1285141172671918088
1285141476616306688
1285141624000057345
1285142083288936448
1285142888897273856
1285142941011451907
1285143206783520768
1285143443413635072
1285143545527930880
1285143574158487552
1285143840723292163
1285144551301103619
1285144551410135041
1285145531455434754
1285145741879652352
1285145944070057984
1285146030019948544
1285146428805971970
1285146563912892419
1285146658498654209
1285146729751490561
1285146751352135680
1285146822412046342
1285146890397507585
1285146986539352064
1285147123135262720
1285147383639281665
1285147675067912193
1285149688010874882
1285149770122657792
1285150041129263104
1285150304804241413
1285151987277819904
1285152076948025344
1285152191246929922
1285152335879168000
1285152740348506112
1285153174349914112
1285153205480050688
1285153832666910720
1285153866640588802
1285153868049874948
1285154020072599554
1285154074455871489
1285154477276893184
1285154645124485120
1285154722656198656
1285155182205165571
1285155333279748096
1285155506940710912
1285155551526125569
1285155994507632650
1285156565369204737
1285156666816843778
1285157086645682183
1285157797718630406
1285158007521906689
1285158009690296320
1285158547442020354
1285158770620981248
1285159402316521473
1285159402584997888
1285159475389833216
1285159500702457858
1285159553076736001
1285159592763314176
1285159677039452160
1285159873483870208
1285159886440091648
1285159932497723393
1285160426414788608
1285160534430621697
1285160876400676864
1285161115069018112
1285161488764764161
1285162296885383168
1285162334327959552
1285162338086055936
1285162348421029888
1285162473256030208
1285162513273847810
1285162680987389952
1285162889523924992
1285163066229841920
1285163688190595074
1285163873415372800
1285164192358596608
1285164231462182914
1285164611004780544
1285164736510861313
1285164968267186177
1285164978215940096
1285165680283639809
1285165707630727168
1285165978909900800
1285166013479186432
1285166348650373120
1285167136135172098
1285167275511816192
1285167809115365376
1285167900098211840
1285167919027179520
1285168200091611136
1285168211244101632
1285168415536283648
1285168667043540997
1285168999303729152
1285169319375183872
1285169518906671104
1285170051650330629
1285170088715247616
1285171125165621248
1285171130660196352
1285171396772077569
1285172203114430465
1285172915005202432
1285173244719517697
1285173468884013061
1285173646126964739
1285173764469088259
1285173807888523264
1285173901320785921
1285173962218053632
1285174384404004865
1285174402573901824
1285174922453680128
1285175168340496384
1285175271188885506
1285175645903912960
1285175674022633472
1285175677046657025
1285175798232645632
1285175901907488771
1285175929581580289
1285176002512064513
1285176515873968129
1285176522651795461
1285177039247425536
1285177163185041408
1285177271385501699
1285177377769881600
1285178074431135745
1285178280279265280
1285178304044191744
1285179419963715584
1285179502193266689
1285180208316706817
1285180800120520704
1285181490729492481
1285181496094007296
1285181788604768257
1285182582636843009
1285182666896220162
1285182696415793154
1285182903576666113
1285182934605983745
1285183010556583937
1285183111479857153
1285183484332572672
1285183843784445953
1285183880102903809
1285183933680775169
1285184032918007815
1285184494526439425
1285184706485657600
1285184881904017408
1285185204823494657
1285185233885843457
1285185405864771585
1285185443680653313
1285186086344339456
1285186831399768064
1285187083229818880
1285187813609279488
1285187816226529284
1285188186872963072
1285188291986415616
1285188548849807360
1285188947052822529
1285189123574292481
1285189341233459210
1285189469931331585
1285189479741796352
1285189483227254785
1285189501241847811
1285189787717193728
1285189893438808064
1285189898148835329
1285189908328587264
1285190051933159429
1285190086615851008
1285190313238290432
1285190317193474051
1285190805083369472
1285190985840914435
1285191717164064770
1285191979681316866
1285192094185926659
1285192885747552256
1285193065335083009
1285193122352332802
1285193275276767232
1285193426841948160
1285193798017060865
1285193875032702976
1285193885694787586
1285193947673956358
1285194482485518338
1285194701860212739
1285194732776423425
1285195560903991301
1285195594273681410
1285196649879482368
1285196691042435072
1285197290777358336
1285197359698321408
1285197826658578438
1285198165298249730
1285198189986021376
1285198263977562113
1285198486904999937
1285198533449195522
1285198762311376896
1285199343713058817
1285199795552956417
1285200034099863553
1285200495724752898
1285200574376325121
1285200664822296576
1285200790446116864
1285201060060176384
1285201314511761410
1285201776535375873
1285201824148885507
1285202008606150656
1285202409455857664
1285203197402001408
1285203207656857600
1285203567658164224
1285203755181301760
1285204332133130240
1285204350483169281
1285204401423089666
1285204465625309186
1285204498521219072
1285204845675372544
1285204879271768069
1285204989065953282
1285205080673640448
1285205081592197124
1285205174928027649
1285205580488073217
1285205675740663808
1285206398230560771
1285206458024394752
1285206967036702720
1285206994664611840
1285206998288527366
1285207024477761536
1285207298391060481
1285207374299570176
1285207506004979717
1285207715351007233
1285208096164294657
1285208391963607046
1285208415648841728
1285208657697951744
1285209129729105924
1285209887409156097
1285209922985222144
1285210165772509184
1285210369867124737
1285210428675690497
1285210717495472129
1285210964804153344
1285211245797412864
1285211627470622720
1285211778893348865
1285211938432192512
1285212308248174592
1285213201005596673
1285213447580463104
1285213484439961600
1285213640543612928
1285213684306980864
1285213700392210433
1285214136436170755
1285214363553542145
1285214720178499584
1285214898264236032
1285215219791409153
1285215286128410633
1285215332014133251
1285216021385744384
1285216619409608706
1285216779917070337
1285217196034203649
1285217248739840002
1285217470333231105
1285217744623996928
1285217814920364034
1285217902954795009
1285217974320865285
1285218363162206209
1285218414118621184
1285218575100317696
1285218750866657282
1285218959470583813
1285219052076621825
1285219394965184513
1285220000136134656
1285220070701109248
1285220460402286594
1285220881040584704
1285221215737655296
1285221341227094016
1285221810963804160
1285221845613121538
1285222051545055234
1285222193819836416
1285222307401658368
1285222474943279105
1285222822911057928
1285222945749704704
1285223092458008577
1285223129455816707
1285223796635394050
1285224270340059136
1285224734351917068
1285225145439645699
1285225147041972225
1285225183385657353
1285225348242841603
1285225801722531843
1285226026914717697
1285226878786306050
1285227225629945858
1285227338070814720
1285227705735102465
1285228561184456707
1285228690520113157
1285228861983281154
1285229592425443328
1285229832754929669
1285230624748560384
1285230651096985600
1285230715672592387
1285230730130288642
1285231208302104577
1285231329894731776
1285231529019486208
1285231659382525953
1285231820192219142
1285232028724715520
1285232825365667841
1285232939849191426
1285232953711353856
1285232953979817990
1285233171676778497
1285233362643320832
1285233793960476673
1285234281770622976
1285234470463983621
1285234525946236928
1285234998082187264
1285234998388424704
1285235713173123075
1285235854835949569
1285236200366694402
1285236476595273729
1285237276776321031
1285237658499846151
1285237754813485056
1285238349159170055
1285238454171971585
1285238986731134979
1285239140863430656
1285239198463799300
1285239227555491846
1285239378105831425
1285241231757529089
1285241647412899840
1285241720008060928
1285241809816428544
1285241814983872513
1285241886182080513
1285242083712925708
1285242083905855493
1285242363347173377
1285242442875170818
1285242485195735040
1285242526929215488
1285243224718667776
1285243275138351105
1285243303357747201
1285243341530169345
1285243361692127232
1285243869983113216
1285243877499252737
1285244159993896960
1285244176666439680
1285244352269373447
1285244617437446149
1285244808714317825
1285245308318953477
1285245326639669249
1285245528020787200
1285245572363038720
1285245681763000320
1285245912042938368
1285245946629173255
1285246220471013376
1285246467368726535
1285246622277017603
1285246675678789632
1285246949042479104
1285247162952155136
1285247402807488512
1285248017176702979
1285248105508679685
1285248467452022785
1285248815365144577
1285248986086023169
1285249423405125632
1285249495911940098
1285249830940532737
1285249913094275074
1285249963505721353
1285250460765622274
1285250655964270594
1285250753670463489
1285251000853565442
1285251479113261058
1285251886447161351
1285251973604835329
1285252037035257868
1285252204253917185
1285252297627328513
1285252370457399299
1285252776034021377
1285252802944602113
1285252854068817924
1285253432358699010
1285253554526093319
1285253658570108936
1285253935859740672
1285253937348726785
1285255022092091392
1285255143605313536
1285255218603732993
1285255379362906113
1285255503652761601
1285255769433288704
1285255817688682501
1285256077022560263
1285256213622599687
1285256380413247490
1285256661960097793
1285256687264452611
1285256699394363392
1285256875534155779
1285257332847329280
1285257374744354821
1285258281674403840
1285258449283174403
1285258890494476288
1285259060506320896
1285259398089265152
1285259489998974976
1285259721042206720
1285260193509474304
1285260495633682433
1285260526101176321
1285261201614819328
1285261499275993088
1285262017528500224
1285262154921324545
1285262165474254857
1285262479782797318
1285262732065771520
1285262942800236544
1285263117417615362
1285263659086819329
1285263708902625280
1285263869917777921
1285264024414953472
1285264039678021634
1285264190626816005
1285264237825126400
1285264313582784515
1285264844623499264
1285264845676265473
1285264847177781248
1285265033539325953
1285265051922898946
1285265077017477129
1285265413065134080
1285265458870935552
1285265883586330624
1285265961487151106
1285266176474591232
1285266229746446339
1285266380258934787
1285266623620939782
1285267253391503362
1285267279127560193
1285268120349835264
1285268564920999936
1285268598630604800
1285268737562730497
1285268905909526529
1285268923835985920
1285268976918917120
1285269256926457859
1285269479681925125
1285269673119027201
1285269792434253824
1285269813275877379
1285269835782524928
1285270587661791234
1285270639415185408
1285270834828005376
1285271027665317894
1285271276819546113
1285271406536732677
1285271509968265219
1285271812780302342
1285271817524043778
1285271889301123073
1285272061737304065
1285272079881965568
1285272257988898818
1285272424590782467
1285272484800016390
1285272702526402561
1285272738270044160
1285272801503514625
1285272875348496385
1285272876556283904
1285273008043511809
1285273280463736833
1285273679753093126
1285273766889750528
1285273913602314240
1285274037187424258
1285274070003732480
1285274139536887811
1285274240971943937
1285274664588251136
1285274776529965056
1285275355448655872
1285275594473836545
1285276204506001408
1285276419942039552
1285277323407712262
1285277574596136960
1285277848794693634
1285278870493528064
1285278903859200000
1285279365920706561
1285279395335282692
1285279569319096320
1285279731928137729
1285279944633810945
1285280558747193345
1285281061329657857
1285281473113669632
1285281533365039104
1285281883178311681
1285282193233805312
1285282818462015494
1285283318150369280
1285283664939618304
1285283955483258880
1285284513741000704
1285284714803322881
1285284840644980738
1285285585897295872
1285286005017214976
1285286233229402113
1285286237582942208
1285286669437067264
1285286845249658885
1285287012065595392
1285287670323740672
1285287792927539203
1285287849202536450
1285288314405359623
1285288558371246080
1285288779427848192
1285289093665107969
1285289340805906432
1285289448645840898
1285289903484399617
1285289911982198784
1285289939664601094
1285290176286253060
1285290616340062208
1285290695352291329
1285290748703891456
1285290839581888515
1285291197813141504
1285291282529746944
1285292204173516802
1285292506935164929
1285293030744809472
1285293538364796929
1285293701749563393
1285293760293801984
1285293828002525186
1285293849405947906
1285293975503613953
1285294085021077505
1285294687776051200
1285295083445784577
1285295102940852224
1285295271744876545
1285295324718698498
1285295353818804224
1285295549176930304
1285295552427524097
1285296177529978883
1285296478127185922
1285296806746681344
1285296832411602944
1285297479689424899
1285297532889948166
1285297577928294400
1285297666801401858
1285298531578908673
1285298789138477061
1285298802635804672
1285299767942230020
1285301251996090368
1285301253162045440
1285301365447827457
1285301525967966208
1285301814087290880
1285301826003308544
1285302108477165571
1285302847777550336
1285302982087790592
1285303104875921412
1285303192784257025
1285303412410724352
1285303554958385155
1285303570011533312
1285303757249576962
1285304016977694721
1285304675621842949
1285305043458166784
1285305053532782592
1285305278901215239
1285305367644319744
1285305409461518342
1285305682846253059
1285305791700963328
1285305887108870144
1285305890854371329
1285306118097350656
1285306190826819584
1285306747641421833
1285306755677749249
1285306873365909505
1285307225095974915
1285307294532677632
1285307401445441541
1285307577316802561
1285307719377981442
1285307888756457473
1285308054423076865
1285308059242205184
1285308098652131328
1285308260128444417
1285308270752796677
1285308297663246336
1285308606125146119
1285308635606740992
1285309107868782593
1285309315067383809
1285309452095299586
1285309746682134530
1285310068003688448
1285310286136737793
1285310300179378178
1285310650990817280
1285310651997405187
1285310686231515145
1285310866318131202
1285310909376847873
1285310991731961858
1285310994625986560
1285311076645601282
1285311609095753731
1285311681019740162
1285311945760022529
1285311951963213824
1285312045345148929
1285312383448162306
1285312496438370305
1285312597961650176
1285312679134015488
1285313143493857280
1285313221671428096
1285313316768841729
1285313393935683585
1285313534155530241
1285314085920354305
1285314092249554944
1285314192824848391
1285314473994194946
1285314545620119552
1285314552347758594
1285314555615141888
1285314700532580353
1285314730102530048
1285315164070391810
1285315344463278080
1285315395667320833
1285315396099334144
1285315516123537409
1285315822131359745
1285316546911404032
1285316551932104704
1285316602666393601
1285316795218440198
1285316911278862337
1285317045169659911
1285317233363886080
1285317639481565185
1285317839587610629
1285317899066970114
1285318172523073536
1285318511192088578
1285318654868037633
1285318748736335872
1285318959517007885
1285319420836040704
1285320004020449281
1285320106839609344
1285320270895431680
1285320522658656256
1285320721170935808
1285320868860657664
1285321023995416578
1285321191989944321
1285321197169684480
1285321561864626186
1285321640717553669
1285321771424419840
1285322228360523778
1285322444937392128
1285323234443837440
1285323583972048898
1285323947098210304
1285324616102227980
1285324993304440834
1285325123336261633
1285325265971838980
1285325575708725249
1285325841208147968
1285325877585141761
1285325893330784258
1285325941468790785
1285325994765635584
1285326237288681477
1285326607247343616
1285326642013970434
1285327184698265601
1285328126155935752
1285328142819827717
1285328494260453376
1285329193967013888
1285329368039010309
1285329501812129793
1285330092852482056
1285330418712096769
1285330757414780931
1285331002114465792
1285331293820067844
1285331391388033024
1285331414536335362
1285331452515803137
1285331703729238016
1285332211923922949
1285332428731625474
1285332851903406082
1285332938935218176
1285333037992103936
1285333250248933377
1285333506248396801
1285334088426061824
1285334357838893056
1285334447408152577
1285334772127084544
1285334830088101892
1285335367466594304
1285335550828834816
1285336254280859655
1285336613267148801
1285336682057863168
1285336827344424967
1285337298645770242
1285337336507764739
1285337338550394880
1285337491613114373
1285337580846948352
1285337914952478720
1285337926772174848
1285338068116004866
1285338163263799301
1285338323066781698
1285338332143267840
1285338949544812544
1285339722563366912
1285340037668696064
1285340422525640709
1285340592189431808
1285340841565761536
1285340841813274624
1285340843172261889
1285340844300488704
1285341034604630016
1285341081002020864
1285341601380757504
1285341636101169152
1285342213866545152
1285342655753474049
1285342658508943361
1285342750720905216
1285342799823593473
1285343007735152645
1285343631919009793
1285343720565551106
1285344250821935104
1285344411862401026
1285344747691954176
1285344855477096448
1285345854262370304
1285345902715039744
1285346017999650817
1285347067615993857
1285347129037291526
1285347548836790272
1285347681045491718
1285348036265246720
1285348040077979653
1285348407142481920
1285348485370388480
1285349204953640960
1285349290966233094
1285349426912002048
1285349449527635970
1285349761349038082
1285350054161678336
1285350285053845504
1285350315986952194
1285350632237522945
1285350854778695681
1285351039474909184
1285351095112531970
1285351245419433984
1285351322951266306
1285351357315252224
1285351815450681344
1285352189108662273
1285352407929630722
1285352515865845760
1285353207825301505
1285353278641967106
1285353510012424192
1285353685174845447
1285354017904824320
1285354301725057025
1285354474106695682
1285354640641601536
1285354655183249410
1285354705850376192
1285355208390914057
1285355282311380997
1285355946009477120
1285356702133436416
1285356769481498624
1285356972733353984
1285357138664185856
1285357325134397441
1285357465492688898
1285357649207242752
1285357679423234048
1285358115492368385
1285358339153694728
1285358443440689153
1285358476668133377
1285358642678468608
1285358885101076485
1285359100486918144
1285359294209089536
1285359704898666498
1285359717481541632
1285359776721801217
1285360079005417472
1285360305028116481
1285360504253423616
1285360506711076865
1285361106312220673
1285361326777405445
1285361540980498433
1285361830651662336
1285362117424619523
1285362239537582085
1285362543612121088
1285363156462829575
1285363207482290176
1285363245591588864
1285363297005510659
1285363353464913920
1285363496662622208
1285363672060235776
1285363698446499847
1285364042866069507
1285364149552324610
1285364218930376706
1285364348249149440
1285364440431460352
1285364572673761284
1285364756468162560
1285364828861804545
1285365003537666048
1285365119682334721
1285365469172633601
1285365665738551297
1285367573316608008
1285368986884902915
1285369067075973121
1285369249868009473
1285369610477473792
1285370016062373890
1285370339925663744
1285370431118114819
1285370531768721408
1285370800732856320
1285371045575155712
1285371047106056192
1285371049383620608
1285371099933487104
1285371300274491393
1285371323129253889
1285371419933601792
1285371735735365634
1285371972080328704
1285372001566302211
1285372076442955776
1285372316403347457
1285372372271284224
1285373359430213634
1285374091483058176
1285374192246878208
1285374193521979392
1285374469150838785
1285374823191977986
1285375063789834240
1285375327456370688
1285375754767863809
1285375877384200193
1285375931754803201
1285375944119779329
1285375996313600001
1285376062273142784
1285376077439725569
1285376170167422977
1285376319669383169
1285376447004258304
1285376614918914053
1285377477259427854
1285377486818283520
1285377968223801344
1285378072905240576
1285378399326703617
1285378414812246016
1285379017701568512
1285379771430588418
1285379779697483777
1285379824421306368
1285379845837520896
1285380468334944256
1285380582504112128
1285381883937853442
1285382072421539840
1285382424503910401
1285382500358004738
1285382521618825216
1285382535384571904
1285382629739491328
1285383284248260608
1285384225542344704
1285384231481487362
1285385339025141760
1285385384764022784
1285385639794552835
1285385869566906370
1285386016459636742
1285386146025836544
1285386161263792128
1285386165114163201
1285386198790414337
1285386396597813249
1285386484250341376
1285386785279709184
1285386785535807488
1285386926669864960
1285387157679624192
1285387403780337665
1285388009261592577
1285388415614230530
1285388604718669824
1285389049319116800
1285389640543993856
1285389652506140674
1285389692360437766
1285389889836638208
1285390054706339847
1285390565425557504
1285391177961922561
1285391233737687040
1285391249332215809
1285391502949191680
1285391944206749698
1285391994257383424
1285392013605638149
1285392046593847301
1285392140625948673
1285392191595192320
1285392286961094658
1285393878590410752
1285394211647492097
1285394307730550785
1285394953938464769
1285395049816236033
1285395104543453186
1285395388577374208
1285395892682526722
1285396312620400642
1285396350666973184
1285396461836857344
1285396495911591943
1285396996048719872
1285397199644274688
1285397242434719744
1285397260310917121
1285397859681042434
1285398075369021442
1285398254683926528
1285398349336571904
1285398707249328131
1285398718280278016
1285400155903217670
1285400272756527109
1285400321825611776
1285400479044968450
1285400707269525506
1285400989646721024
1285400992079437824
1285401085079937024
1285401170593427456
1285401190466031617
1285402299452588035
1285402432349122561
1285402614482587648
1285402853167833089
1285402902396203008
1285402956775514113
1285403833255043075
1285404171353698304
1285404303629443073
1285405183850291203
1285405578278301696
1285405893383933952
1285406683561447424
1285406854521090048
1285407321540132864
1285407366004068354
1285407812646993920
1285407980696096768
1285408130856296449
1285408653219110912
1285409493401165825
1285409537885900800
1285409647957094402
1285410276045619202
1285410497492324352
1285410545206730753
1285410703017484288
1285410942541369344
1285410965668925440
1285411132015095813
1285411162830458880
1285411211090296832
1285411293474758656
1285411772296392705
1285412198110638085
1285412252988968960
1285412519511818242
1285413199597023232
1285413425351258112
1285413547976134658
1285413638187225090
1285414125833564161
1285414185229221889
1285414634695122944
1285414757302968321
1285415136317059073
1285415310263189505
1285415723616043009
1285416059361800193
1285416219105869825
1285416220720689152
1285416222171869184
1285416218942246912
1285416612871503872
1285416659021438976
1285416736045568002
1285416791200747521
1285416983714988032
1285417304927289344
1285417507822669825
1285417539430948865
1285417902649348096
1285417979396550656
1285418229226233857
1285419300682162178
1285419360111128576
1285419519566057473
1285419572393390080
1285420765093994496
1285421546971029505
1285422509957894145
1285422665096994818
1285422735590596608
1285422764271206402
1285423654688432129
1285424238061649920
1285424303396225024
1285424844809613313
1285425316752572416
1285425753597722625
1285425901514240000
1285425911857324034
1285426084373307394
1285426628202573824
1285427031656796160
1285427041311981568
1285427317813190657
1285428200785485828
1285428962005524485
1285429611032203265
1285429826480898048
