1283981443216089094
1283981473951944704
1283982026497040384
1283982028384415744
1283982029277855744
1283982031194660865
1283982032155168769
1283982033128165376
1283982133233582080
1283982451220643844
1283982458699091969
1283982491708203010
1283982987604791296
1283983272163389440
1283983457325064193
1283983651126956032
1283983688393543680
1283984040543035393
1283984209648984066
1283984384354160640
1283984626223124482
1283985165446860801
1283985376214949890
1283985488764743686
1283985684940890112
1283986176693735426
1283986391899279360
1283986627019313153
1283986837212733440
1283986890782380032
1283987185050562561
1283987226213388289
1283988298827005952
1283988808455925761
1283990043238051841
1283990082299613185
1283990657577648129
1283990750053769216
1283990824095633408
1283991350602498048
1283991389274079233
1283991725976039424
1283992107129147394
1283992315544178688
1283992723280875520
1283992962951720961
1283993022980653056
1283993086629236741
1283993176026619904
1283993257223942144
1283993272650620928
1283993867436666881
1283994001755058181
1283994307779866624
1283994900829093888
1283995124226306055
1283995166601293826
1283995607711924230
1283995608819195906
1283995826747039745
1283995981902540804
1283996212560113665
1283996226975944705
1283996505460936705
1283996999394549761
1283997127513866245
1283997461770645504
1283997638673801216
1283997730927452161
1283998498614939648
1283998630106537984
1283999799356936193
1284000403303075847
1284000653283676160
1284000767284858895
1284001270106210305
1284001271200903168
1284001393699774464
1284001394958065664
1284001396090527750
1284001693424852995
1284001826795253760
1284002064222302209
1284002979108884481
1284003747836944384
1284003834726092800
1284004093141417987
1284004533379702788
1284004582847246336
1284004915669430272
1284005179189112834
1284005672930045954
1284005681582899200
1284005684015583232
1284005685563293696
1284005773568286724
1284006041966071808
1284006122316234753
1284006452210872320
1284006465682976769
1284006515293278208
1284006530594099201
1284006914758635521
1284006937298862081
1284007135379161089
1284007345647955968
1284007387448381440
1284007603970818048
1284007746187091973
1284007789292068865
1284007807348547585
1284008077738381318
1284008233716387840
1284008551787253761
1284009098586009600
1284009162121400323
1284009182417608704
1284009393655361537
1284009679631327232
1284010178434801676
1284010391677423617
1284010497889775616
1284010830753927171
1284011165727756289
1284011287698124807
1284011523673919495
1284011974188306433
1284013076673634318
1284013139261100034
1284013341099393025
1284013472175452160
1284013592845549569
1284013723443580929
1284013734193758209
1284014092114526208
1284014185097998336
1284014312206540800
1284014340904034305
1284014389704695808
1284014535515549696
1284014819822243840
1284015166548582400
1284015200103014400
1284016241938624513
1284016329809432576
1284016514644029443
1284016582554001408
1284016745628356608
1284016746752389122
1284017224429207553
1284018181175205888
1284018561464373248
1284018674932703234
1284019743196880901
1284019768354238464
1284019781037887488
1284019959442661378
1284020023384842240
1284020112320655360
1284020137352364032
1284020352474140677
1284020554232524800
1284020647228833792
1284020648281399296
1284020649686495232
1284020650961547270
1284020670670741504
1284020698655133698
1284021253746028544
1284021312164376576
1284021345584635904
1284021855570059264
1284022068326080514
1284022153403301889
1284022218985402368
1284022621949091840
1284023136904794112
1284023387480895489
1284023479822680064
1284023820727332864
1284024364560797696
1284024960261009409
1284025519697272832
1284025524516384771
1284025828347650048
1284025841719152641
1284026103410184192
1284026276542652417
1284026283635216385
1284026628985716737
1284026866039435265
1284026970578259968
1284027118276485120
1284027713632833538
1284028236662550528
1284028654943641600
1284028818429181953
1284029246160199686
1284029751330574336
1284030712459468800
1284031019260219393
1284031783411970048
1284032061523673089
1284032822177673216
1284035460264800263
1284036002424647680
1284036010305871874
1284036015762677760
1284036860696686593
1284036953097170950
1284037554686304256
1284037657496969217
1284037711582703616
1284038314698444800
1284038357711048705
1284038774574518273
1284039017894481925
1284039067097800706
1284039067613757440
1284039125868384262
1284039177303199744
1284039227953512452
1284039283297456128
1284039313257377792
1284039761158533120
1284040102130270208
1284040509770674177
1284040778113855488
1284040854324350976
1284041033609736197
1284041364347461632
1284041596489498631
1284042000170270722
1284042422817820674
1284043060117221377
1284043213846740997
1284043451470950400
1284043578281517057
1284043777708089344
1284043910659166209
1284044696361345024
1284044710911279105
1284044775730143233
1284044881824845825
1284044884802846723
1284044942642421761
1284045858959495176
1284045917193228288
1284046495784882176
1284046535374901248
1284046627649531904
1284046690065022977
1284047424948965376
1284048076609658880
1284048581352185856
1284049175571767296
1284049937634717699
1284050037123747840
1284050301092339714
1284050343471403010
1284050344926785536
1284050347451809792
1284050349238530048
1284050352480768000
1284050498627293185
1284050751480909824
1284050967571431436
1284050976731627520
1284052150021230593
1284052808950517760
1284053778388353025
1284054026556968960
1284054245646499844
1284054306694389760
1284054361191198730
1284054453218353152
1284054929938710528
1284056094428540928
1284056953300283392
1284057151565115395
1284057187137064960
1284057357782327297
1284058131245522944
1284058390327517184
1284058480165429248
1284058535332995072
1284058545504137216
1284059621129359366
1284059641064849408
1284059676057821189
1284060163754717184
1284060878653083648
1284061373077626880
1284061626325446657
1284061739433238529
1284061903732518912
1284061980119175168
1284062004144201728
1284062972709531648
1284062977432395777
1284063148383907842
1284063182030606336
1284063366621913088
1284063546507239424
1284063795967602689
1284063870215225345
1284064060347166721
1284064838176649221
1284065694145892353
1284065780133486592
1284066161894862848
1284066529332658176
1284066622932754433
1284066663516778498
1284066724661342208
1284067082775093251
1284067100617736198
1284067294390484992
1284067427719012352
1284067671324217349
1284067905550929921
1284068254395269121
1284068407172726785
1284068477364510720
1284068515826335745
1284068777869692928
1284068862418444289
1284069095265062918
1284069616193503232
1284069649731256331
1284069656739840002
1284070118499201025
1284070186371502080
1284070482002743298
1284070507466416128
1284070544732815362
1284070594477096962
1284070662307491842
1284070857594167297
1284072652844535808
1284072877642223617
1284073287497261056
1284073713340518402
1284073744793657344
1284073815186653184
1284074382248292352
1284074490436235265
1284075254479040512
1284075554057211907
1284075620507373569
1284075626153029632
1284076101430439937
1284076218942459904
1284076353764167680
1284076411817529345
1284076518671634432
1284076576884305922
1284077163897950209
1284077466915614720
1284077719471427584
1284077892956192769
1284078362688917506
1284078401834254336
1284078553592664065
1284078630499475458
1284078960364728322
1284079012818690048
1284079426603560960
1284079432383135746
1284079720284528641
1284080036346163201
1284080036912324608
1284080041777717249
1284080560466427905
1284081000583225345
1284081937011937281
1284082126086864897
1284082341900627968
1284082751713562625
1284082775855894533
1284082792456785920
1284082814187692032
1284083319559389185
1284083442444009472
1284083741833531394
1284083884024627200
1284083980531388416
1284084064572583936
1284084216490156034
1284084963860598784
1284084977961889792
1284085203795873792
1284085296338890753
1284085488169738243
1284085757133705216
1284086071312158720
1284086080577232901
1284086102698209281
1284086127884935168
1284086262765441024
1284086396446142465
1284086652248481792
1284087563674845186
1284087827744030721
1284088372961644544
1284088771286360066
1284088975691362305
1284088994687586309
1284089345692008449
1284089476806041600
1284089748076679168
1284090055502565376
1284090145654931457
1284090252081029122
1284090788964634626
1284090857704927232
1284090898284937217
1284090899610439681
1284090913787191297
1284091146797486080
1284091783757148160
1284091803180781568
1284092020550701056
1284092225471774720
1284092357248299008
1284092431143702528
1284092525326860288
1284092937777942528
1284093734502703104
1284094277241335808
1284094381994184705
1284094379750240257
1284094519072428032
1284094646528991234
1284094792016760832
1284094837193662465
1284095151997169665
1284095278643941376
1284095930132832256
1284096030431158273
1284096190079000576
1284096802032103424
1284097060715859970
1284097238977916935
1284097323191226372
1284097420393975809
1284097461955559425
1284097477763833856
1284097517198729217
1284097727446433792
1284098255329153024
1284098409821908995
1284098422904168448
1284098485718061056
1284098541649113088
1284098628097904642
1284098728027185152
1284098883338096640
1284099101517389825
1284099449145511936
1284099468623671297
1284099523988656128
1284100449390321664
1284100599273918465
1284100733751746561
1284101145762230273
1284101287362125824
1284101377057316864
1284101440177344513
1284102029581750272
1284102169042522115
1284102625315696641
1284102689371172869
1284102708086046720
1284103149503033346
1284103205605998592
1284103305321308160
1284103395813580801
1284103526604517378
1284103737678671875
1284104144081616897
1284104332724576257
1284104383547006976
1284104477046460421
1284104679216099328
1284104740746465281
1284104849840377856
1284105401219284999
1284105502515814401
1284106377976217600
1284106579072053248
1284106579072053248
1284106893368217609
1284106894336905218
1284107418549583872
1284107435045576704
1284107643351560193
1284108375383404545
1284108426952486912
1284108454584627201
1284108609572548615
1284108820403441668
1284109306942676993
1284109347870650370
1284109449037328386
1284109989045395457
1284110118028795905
1284110476742479872
1284110506375163907
1284110631050915840
1284110742761996288
1284110769702031366
1284110950782689286
1284111009297436673
1284111071209566208
1284111089903575040
1284111208086413313
1284111346146181125
1284111648270295040
1284111709452423170
1284111861844070401
1284111986859692032
1284112054706679809
1284112084020625409
1284112376569135109
1284112381623390208
1284112917135319047
1284113140440014850
1284113444556419073
1284113458963853312
1284114037073162241
1284114277054504961
1284114364203769858
1284114475365339137
1284115367636467713
1284115397604552704
1284115438457311233
1284115903945244672
1284116126910251008
1284116301972209671
1284116546592309254
1284116658450300929
1284116802704797697
1284116886633041925
1284116948108873736
1284117057412280321
1284118487401717761
1284118525808742400
1284119192573292545
1284119344268673024
1284119392926732299
1284119453702262784
1284119464926158848
1284119760444284929
1284119839569829889
1284120146081198081
1284120149356957699
1284120152955641856
1284120624688963584
1284120959197184006
1284121186239164416
1284121378296418310
1284121387288993797
1284121506977652738
1284121520768524291
1284121755829841926
1284121815368052738
1284121952064610307
1284121972125859850
1284122047778611204
1284122091281760263
1284122207648530432
1284122489875050496
1284123039236530177
1284124402779652096
1284124880380682240
1284125566887657477
1284125772278411264
1284125801923989512
1284125998955429890
1284126109857087491
1284126340250247171
1284126362341711875
1284126397892562944
1284126419031937025
1284126499050868737
1284126557171318786
1284127053055512577
1284127111347941376
1284127240779948038
1284127249860624386
1284127263064240132
1284127300108333063
1284127309713289220
1284127731484184595
1284127882269167617
1284128186096324611
1284128232485388288
1284128295383117825
1284128370175901696
1284128402614767617
1284128668055265280
1284128684794945536
1284129237050503170
1284129304972914689
1284129564705329154
1284129618442612741
1284129622251065350
1284129702098206722
1284129744972328960
1284129959683002372
1284130744357384197
1284130844916015104
1284131199603138566
1284131305999998976
1284131565782437894
1284131758590636033
1284131964031729666
1284132056646275072
1284132148988063744
1284132252725792768
1284132915690037249
1284133263783731200
1284133369358491649
1284133519145525250
1284133829586845696
1284133952337391618
1284134418811162626
1284134451635646464
1284134488419819520
1284134553204985862
1284134645580345345
1284135009889030145
1284135218660741128
1284135748795416576
1284136041293778944
1284136678429347842
1284136888224419840
1284136984160743424
1284137094751952896
1284137170035343361
1284137295721840645
1284137361215905792
1284137611347537921
1284137614711369730
1284137644331589633
1284137646155919363
1284137667832119296
1284138524749385728
1284138532164919298
1284138636183732226
1284138658119860225
1284139187126534145
1284139547534729220
1284139652082008070
1284139879597842435
1284139946564112384
1284139991627706376
1284140043754512384
1284140059155783681
1284140062783860736
1284140436584452096
1284140654499704837
1284140802336153602
1284141129705938944
1284141203068456960
1284141203412455425
1284141241060532224
1284141309528289282
1284141695551123456
1284142090004439040
1284142168009895941
1284142734585061376
1284142751068585993
1284142898011795460
1284143024457441282
1284143082599067655
1284143150945062912
1284143834990084096
1284143954456383489
1284144021900873728
1284144030658560001
1284144173277499392
1284144227614461952
1284144599481679873
1284144651209932800
1284144656322899968
1284144835490971648
1284144920131964933
1284145176601153539
1284145288739872770
1284145470084993025
1284145675169665028
1284145713606164482
1284145858926321664
1284145902823919617
1284146477313523713
1284146790921580547
1284146950623817733
1284148216930467842
1284148694212841475
1284148800848670721
1284149970237452288
1284150111543504898
1284150254779215873
1284150419808301061
1284150528109248513
1284150642332913665
1284151019165843461
1284151639385894913
1284151716397690882
1284152276563537922
1284152332163350531
1284152920099958784
1284153233632624640
1284153514378354701
1284153583181627392
1284153790254350336
1284154278211465216
1284154535087239169
1284154964542132224
1284155159518474240
1284155167038791681
1284155170159378433
1284155409419210752
1284155528424431617
1284155566395469826
1284155609265430528
1284156412441104384
1284156437090852865
1284156640393076741
1284156757833646080
1284157121437859841
1284157343496908801
1284157469502009344
1284158337861525506
1284158481273102336
1284158664547475459
1284158707681521664
1284159244862988292
1284159446470389760
1284160971393716231
1284161018529226753
1284161075907182592
1284161281520545794
1284161417386614786
1284161478896099328
1284161552342450176
1284161581190979585
1284161690372845575
1284161851740368896
1284161966890614784
1284162758100037641
1284162766450958336
1284162767755177984
1284163186166358020
1284163254600769537
1284163332468023297
1284163550504792073
1284163593840328705
1284164096921829376
1284164282561822724
1284165048173309952
1284165092498604033
1284165641319133185
1284165929098784769
1284165964020539393
1284165995729428480
1284166138268614656
1284166744425332738
1284167159376228353
1284167263839555584
1284167297444261888
1284167410120118272
1284167452742606849
1284167624558022663
1284168198938664962
1284168429684035585
1284168500043567105
1284168643526500352
1284168669002633218
1284169008045002752
1284169079016882176
1284169196369260545
1284169448941735936
1284169569670778880
1284169749434376192
1284170141240975360
1284170150233726976
1284170423387783178
1284170571836723210
1284170630385016841
1284170731455156224
1284171297153527808
1284171377415790593
1284171443731914756
1284171591534784514
1284171906627837955
1284172018812936192
1284172020079616000
1284172024936632321
1284172284668735488
1284172880117293056
1284172931468111874
1284173198737711104
1284173370595180544
1284173819305840640
1284174277793767427
1284174422392344579
1284174464960405505
1284174679087943680
1284174734683451394
1284174864065200128
1284175023079653376
1284175042738298884
1284175321156157440
1284175392333496328
1284175405390483458
1284175489213628416
1284175548709851142
1284175625775964161
1284175823147339777
1284176419317145601
1284176879860224000
1284176957677215744
1284177116012130305
1284177212590129152
1284177254571036672
1284177597354696709
1284177648147628036
1284177652782260224
1284177670146650123
1284177790670180352
1284178241654333442
1284178421728378880
1284178487792881667
1284179032389476352
1284179348195627010
1284179448695316488
1284179639963975682
1284179946274000896
1284180003203223555
1284180241544609799
1284180479529357314
1284180500194754560
1284180823403646976
1284180990894759936
1284181419380670464
1284181818581884929
1284181834469793793
1284182087365545984
1284182124216623104
1284182215266578437
1284182391544832001
1284182576689709056
1284182949127233537
1284183169462349830
1284183469887717377
1284183647181037568
1284184272853766146
1284184356177633280
1284184664555630593
1284184721254227973
1284184759103520769
1284184887168102400
1284184980180983808
1284184988565438464
1284185055443771392
1284185224801390592
1284185325875662848
1284185610215985152
1284185729988546561
1284185850000138240
1284185910846816256
1284186912643784706
1284187038615470081
1284187345663586306
1284187407378571264
1284187434591412235
1284187593874313222
1284187596789362688
1284187629492170754
1284187915250044928
1284187958380310531
1284187971017744385
1284188018774102017
1284188152484237314
1284188268381089792
1284188322429120518
1284188412233216000
1284188492734619648
1284188784037330945
1284189564316327936
1284189609652555777
1284189644326727681
1284189718964576263
1284190171571904512
1284190734061453312
1284190752646602754
1284190840810803206
1284190923237269504
1284191549501448194
1284191816955224064
1284191959276564485
1284192187408715776
1284192320053817344
1284192465935839234
1284192560030912512
1284192612866502657
1284193034863689731
1284193230523899904
1284193317379612672
1284193672087703558
1284194732311293958
1284194766263992320
1284195035378937858
1284195061186678785
1284195119009280001
1284195184453079040
1284195432449683458
1284195519787683840
1284195597122260992
1284195653594288129
1284195687232675842
1284196002900180992
1284196430954090496
1284196590798987264
1284196664987856899
1284196705307697152
1284196776011014145
1284196832852271105
1284196860027195395
1284197312194121728
1284197482373750787
1284197642042474496
1284197735860776960
1284197856979623941
1284197932842061826
1284198156314578945
1284198170092883970
1284198418198528002
1284198477682094093
1284198711556485120
1284199200390098946
1284199372029337600
1284199455873478656
1284199585607491584
1284199611670892546
1284199677278269440
1284199703735762945
1284199827950075904
1284199970858504192
1284199994770313222
1284200473860415494
1284200647634513921
1284200906930757632
1284200985506848769
1284201414537945088
1284202318867468288
1284202407187095553
1284202499302449152
1284202503010213889
1284202608995991552
1284202614616276992
1284202626977075202
1284202660480970752
1284202682203492354
1284202758896267267
1284203225525055488
1284203314272505860
1284203389153349633
1284203477707759618
1284203881120043008
1284203972442697729
1284203987949035520
1284204050595172353
1284204193725767691
1284204219805978624
1284204307785699329
1284204559179513858
1284204602456449029
1284204627798327299
1284204814411288576
1284204841552826374
1284205251227254785
1284205640899072001
1284206007288311813
1284206047423541249
1284206140939800576
1284206212238565376
1284206233398980612
1284206597510778880
1284206669896056832
1284206893188231169
1284206988457644033
1284207158813392899
1284207232587124736
1284207788923793408
1284207919689596933
1284208275005808640
1284208442937409537
1284208748484071424
1284209035420590084
1284209068505268226
1284209281257082880
1284209361888452610
1284209529459298310
1284209982431473670
1284210398649028608
1284210522511085568
1284210656619778050
1284211148892434432
1284211161886527489
1284211220166279173
1284211248687611909
1284211291188596742
1284211296192405504
1284211497598623744
1284211517668417536
1284211587813740545
1284211632256831489
1284211653421051904
1284211697276710913
1284211706705530880
1284211711222980612
1284211805129187333
1284212071656235011
1284212226128261124
1284212393451626502
1284212666572124161
1284212826505195526
1284212948722946049
1284213036321050624
1284213212045438976
1284213635640950784
1284213825751973888
1284214023286853637
1284214214953963520
1284214620132179970
1284214824348467200
1284214992276017153
1284215095237599234
1284215184249229315
1284215259742580739
1284215312611545088
1284215673091219456
1284215738111332352
1284215829463273472
1284215898497327104
1284216176034316289
1284216203620294656
1284216474417221632
1284216640457125890
1284216809609220098
1284216975640727552
1284217185733431297
1284217514533232640
1284217626391203845
1284217697396420608
1284217729625526274
1284217929408679936
1284218019321974786
1284218253963931650
1284218362113986563
1284218551960629248
1284218789412954118
1284218898204839938
1284219206293053440
1284219210143428608
1284219403584798722
1284220032394899456
1284220137210392577
1284220795020083211
1284220985596620804
1284221018844868609
1284221156925546496
1284221165263880192
1284221456243621888
1284221609079955459
1284221866282848256
1284221914198802434
1284221974999252992
1284222100602007553
1284222569932103681
1284222671475978240
1284222814061568000
1284222924858294273
1284222933515169792
1284222948103135234
1284222994470957056
1284223028247908352
1284223039903879171
1284223174536814592
1284223439621033985
1284223592385961984
1284223671540776960
1284223802944008192
1284223992228990982
1284224151797071872
1284224252573450240
1284224386107609089
1284224479049195522
1284224752710823941
1284224775024328704
1284224822545805312
1284224853277581312
1284224948727353345
1284224998912057344
1284225475469029378
1284226175917686784
1284226458794090496
1284226462900518912
1284226512649166848
1284226996319457280
1284227146722902016
1284227191975403522
1284227217506148352
1284227674785943552
1284227704674557953
1284227892709339143
1284227929162031105
1284228005720727557
1284228151929974791
1284228517253636096
1284229352268484609
1284229379061542912
1284229663045238784
1284229673728331779
1284229940276195328
1284230026569764865
1284230030353035264
1284230227527335937
1284230284217667584
1284230556776050693
1284230592230330368
1284230799097659392
1284230844786397188
1284230913254207488
1284230965724946433
1284231519226273794
1284231549270056961
1284231550263889920
1284231746192576513
1284232036161515520
1284232169481805829
1284232434549063680
1284232733674307585
1284232963564212224
1284232976713293826
1284233195194511360
1284233772590862341
1284234144596336640
1284234575187771393
1284234792461119490
1284234951609716737
1284236535714312197
1284236607269167104
1284236620544311296
1284237049697099776
1284237707158446080
1284237763156549639
1284238293115207687
1284238362136772608
1284238579250663424
1284238804522381313
1284239036018823170
1284239069313216513
1284239611141787654
1284240235497435141
1284240268980617217
1284241088459313152
1284241271066890240
1284241339450888198
1284241352876716032
1284241402810044417
1284241443616423946
1284241984417226752
1284242316111355905
1284242468150472704
1284242915133358086
1284243280994205697
1284243301760151553
1284243326330445834
1284243621181419520
1284243640915615744
1284243660423532544
1284243773132804096
1284244599406501889
1284245004660113408
1284245008573292544
1284245059332911107
1284245387759333376
1284245617460547585
1284246614685683712
1284246695988137989
1284246867790884864
1284246927203340288
1284246948057358336
1284246971893649408
1284247034053173248
1284247036817268736
1284247417148387333
1284247663609810945
1284247786427473920
1284248050286899203
1284248309641748481
1284248344563458049
1284248406395949062
1284248892419133441
1284248945020084224
1284249160481419270
1284249190311362560
1284249193901625345
1284249212734119936
1284249300151738377
1284249787500498945
1284250084146909186
1284250341865852935
1284250345355440129
1284250434098679810
1284250852421767170
1284250937947758593
1284251726028181504
1284251893674528773
1284252646401024002
1284252724171878402
1284252761559834625
1284253296820203523
1284253322636140546
1284253541004083204
1284253884689465346
1284254199853666305
1284254338131656704
1284254382083710976
1284254828789735424
1284254949556322304
1284255093504843777
1284255162303946757
1284255226149699589
1284256520583159810
1284256591370432513
1284256687122198528
1284257952027877383
1284258158177853443
1284258309910880257
1284258523694665740
1284258624743727106
1284258820693413889
1284258918726803457
1284258939039887360
1284259053720481795
1284259071428907008
1284259351151034368
1284259703531372545
1284259812067414018
1284259930321510401
1284259971480252416
1284260108478951427
1284260631714181121
1284260672033959936
1284260847297138688
1284260852887990272
1284261447913164800
1284261507803549696
1284261571183751179
1284261594336129025
1284261951099547649
1284261995483738113
1284262046222225408
1284262230834450433
1284262243136409600
1284262368864882695
1284262613992398848
1284263261966405632
1284263511871197184
1284263535200133121
1284263893217546247
1284264088231653377
1284264388333957123
1284264420760158209
1284264580332556288
1284264677233487872
1284264726134951937
1284264744816443392
1284265497094172672
1284266208989261824
1284266295958142977
1284266449398366209
1284266864026234887
1284267058151198720
1284267134693117954
1284267196810698754
1284267611673505792
1284267881639874560
1284268142366265355
1284268448428761090
1284268665177804800
1284268717493420034
1284268765157433346
1284268779355074560
1284269728060583936
1284269865021452288
1284270363682263045
1284270575570100224
1284270914180349952
1284271134922493952
1284271245954097153
1284271401529225221
1284271558362636293
1284271565182361601
1284271669733756928
1284271786301915137
1284271802584186880
1284271954942480384
1284272582393581568
1284273129360175104
1284273353260511232
1284273747239862274
1284273925988528129
1284274013586575360
1284274273113133056
1284274748084690951
1284274814962696193
1284274822856323074
1284275346465071106
1284275439561854983
1284275493769011201
1284275495270522887
1284275529944834048
1284275652380684288
1284275728884867072
1284275783687639046
1284275876335693825
1284276000688308225
1284276047307923456
1284276299004096513
1284276673140133894
1284277263505281024
1284277307721621504
1284277588127633409
1284277611993194503
1284277618012033024
1284277769313177602
1284278053410152448
1284278170313617409
1284278186034044929
1284278290291687424
1284278369694212096
1284278704311590912
1284278942619361286
1284279205199519745
1284279261269032968
1284280203439747072
1284280219092701184
1284280357991223296
1284280504016154624
1284280639496364033
1284280802147213313
1284280821185011712
1284280948461309952
1284281109988044800
1284281355363287045
1284281726596837376
1284282368472252416
1284282403150721024
1284282796412997632
1284282872346677248
1284282971839770624
1284283271170400264
1284283298144047106
1284284203031498754
1284284234413166592
1284284392693813249
1284284437686038534
1284284548080164866
1284284678791462912
1284284854289551361
1284284972199813121
1284284980928155649
1284285308574609409
1284285442498523136
1284285648388657152
1284285913959247872
1284285984503476225
1284286030531747840
1284286198241013761
1284286963491758080
1284287159336202240
1284287336042369024
1284287463876431877
1284287635947769856
1284287739815268352
1284287869658394624
1284288090828353537
1284288822688325632
1284288918037430272
1284289112078508032
1284289327225282560
1284289378387472384
1284289670583443456
1284290431027761153
1284290456260620290
1284291139416154118
1284291279401213955
1284292036976402432
1284292097655418880
1284292351788277761
1284292401205583872
1284292585083809797
1284293121245949952
1284293324178743303
1284293586423549952
1284293667050708995
1284293739469574145
1284293787678904323
1284294131683135488
1284294333575901186
1284294334695845892
1284294610387447808
1284294795242942466
1284295180133310465
1284295325386108929
1284295559386296321
1284296015827410944
1284296363073654784
1284296734009634817
1284296770047152129
1284296875479195649
1284297224701321222
1284297424211771392
1284297435905482753
1284298298870947840
1284298769618685952
1284298802791317507
1284298916385771531
1284299380518944771
1284299496529301504
1284299789333671936
1284299988533534720
1284300007068168192
1284300810655092736
1284300883774320640
1284301196799377408
1284301808412897280
1284301868357898243
1284302063644614656
1284302391878258689
1284302722678706176
1284302747765006342
1284303041425018881
1284303088778719233
1284303131397050369
1284304167331299328
1284304410026422274
1284304652008185856
1284305042267406336
1284305700919926787
1284306198980853760
1284306412965896192
1284306703190618113
1284306718852296704
1284306991939117056
1284307110780706817
1284307159455498240
1284307204087123968
1284307443745460227
1284308108471341058
1284308712530890754
1284309701409349635
1284310148287102978
1284310684868710400
1284311090143334408
1284311117649588225
1284311541668618240
1284311712242577408
1284311798460669952
1284312702836514821
1284312825234513920
1284314057177051137
1284314182775701505
1284314257644036101
1284314570786570248
1284314877658574849
1284315341766696961
1284315465754439681
1284315678556794882
1284315855711604736
1284316041590509577
1284316215733899265
1284316516062814213
1284316608920354821
1284317194919333888
1284317538994847745
1284318389171879938
1284319104019488769
1284319239575347200
1284319246504333312
1284319461407887363
1284319741226545153
1284319748365275136
1284319891042914305
1284319959129063424
1284320670550286336
1284320715299225600
1284320876834562050
1284321239809630210
1284321357426315267
1284321674008170496
1284321886965575680
1284322343507030016
1284322588039221254
1284322776313102338
1284322938670456837
1284323078688972800
1284323144614977537
1284323994510987264
1284324086794063873
1284324280344379393
1284324434862538759
1284325002452635648
1284325227032387585
1284325244723957761
1284325253599105024
1284325469568073736
1284325963115958276
1284326273855217665
1284326399877230593
1284326732166828032
1284327040309694465
1284327716116926470
1284327752225570817
1284328671717752832
1284329287307472902
1284329479318405124
1284329522096222209
1284329744994127872
1284329998648659968
1284330133596209155
1284330361447686150
1284330918392541184
1284331121539526656
1284331549652115457
1284332798380314624
1284332888285040640
1284333188433580033
1284333634070163457
1284333685190402051
1284333842950692864
1284333858633265152
1284333887263354881
1284333913721233408
1284334755052425218
1284335186700840960
1284335205373935617
1284335250256965632
1284335856246022145
1284335971954233344
1284336021698678785
1284336091429052416
1284336107476471810
1284336189831548930
1284336519742988288
1284337478195908609
1284337673029799943
1284338218683584512
1284338895166025728
1284339813144027137
1284340028215304192
1284340137007120386
1284341257074958337
1284341359885914112
1284341545232146432
1284341588605493253
1284341901999484928
1284342140320055297
1284342495665704961
1284342731926536194
1284343055756210176
1284343158483165191
1284343897301319680
1284344366937538561
1284344777710940160
1284345206553415681
1284345306633699329
1284345363428782080
1284346081984368643
1284346890725789696
1284346956861579264
