1288693167357857794
1288694215992647686
1288694644809793537
1288695197430419458
1288696801906786307
1288697369241034753
1288697393211465728
1288697713685483520
1288697920959557633
1288698090082299904
1288698920961482754
1288698996299640834
1288699476870234113
1288699801903693824
1288699817481375744
1288699987963060226
1288700464972926976
1288701396062294016
1288701513024581632
1288701635175288832
1288701990806192128
1288702134528225281
1288702364053123072
1288702608442621952
1288702710309695489
1288703058021580802
1288703186577104897
1288703395432456192
1288703747070267392
1288704162205544448
1288704645049847814
1288704988999557120
1288705226204221440
1288706955083685894
1288707047400366080
1288708039298744321
1288708208132063233
1288708524705546240
1288709780731645953
1288710211289710594
1288710727717421056
1288711122493874176
1288712059958390790
1288712061040513025
1288712079671615488
1288712215323987968
1288712418399584257
1288712664475082752
1288713196300247040
1288713201220292609
1288713204319870976
1288713623767060480
1288714249519247361
1288714437243920384
1288714578734379009
1288714581095768064
1288715520276078593
1288716169218752512
1288716470344720386
1288716719972745217
1288717474901319680
1288717644959555585
1288717746193215488
1288717769249153024
1288718107444424704
1288719742275129344
1288719815729917952
1288720108890861568
1288720690682658816
1288720769845927941
1288720909264723968
1288720929376407552
1288721502167281665
1288721745692762112
1288722035259199489
1288722505109307392
1288722857183399936
1288722884102365185
1288722987458400256
1288723142941249537
1288723407895494656
1288723894321532935
1288724570523000834
1288724709748510720
1288724997758910466
1288725298985476098
1288726318377508865
1288726906192322562
1288726909497434112
1288727053748051968
1288727379058159616
1288728666323718145
1288728879775903744
1288729009493245953
1288729548222128128
1288729556275216392
1288729558200401920
1288729559974604801
1288730198855184385
1288730307223523328
1288730512853434370
1288730688506810369
1288730701475581952
1288730779162468353
1288731093282115585
1288732622529736704
1288732730444963840
1288732821570215936
1288733080019021825
1288733414452011008
1288733596140871683
1288733660821110784
1288734338691895297
1288734359390838785
1288734442903699457
1288735143457366016
1288735176034418693
1288735243873030144
1288735327948091392
1288735430037377029
1288735632370606081
1288736183644635137
1288736560897302528
1288736965504806912
1288737352681050112
1288737692478517249
1288737714951446529
1288737752599547904
1288738032921739265
1288738276271169536
1288739188460924929
1288739398541021184
1288739409899261952
1288739721141682179
1288739943938957313
1288740128567914496
1288740322927955969
1288740683189166080
1288740750805671936
1288741131237363712
1288741161109204992
1288741568371920897
1288741710038695936
1288741734252412929
1288741832017551360
1288742003702808576
1288742815527124992
1288742959463243776
1288743332609273858
1288743612369571840
1288743788622487552
1288744088158769152
1288744269683937280
1288744271768510465
1288745779507662848
1288745801133338625
1288745935053320192
1288746187907117056
1288746315564879872
1288746477204967424
1288746861898141696
1288746912951095296
1288747450266791937
1288747744731914241
1288748197599420416
1288748447093469185
1288748675242459136
1288749342803845121
1288749806307823618
1288749959756632065
1288750101213540352
1288750865805987841
1288750936517562368
1288750979794395136
1288751442103132160
1288753343230283778
1288753386427424771
1288753584511696896
1288753689138790400
1288754054139711490
1288754055389609984
1288754252207316994
1288754663379017728
1288754891494744065
1288754900743213056
1288755830213533697
1288755972991782912
1288757360886857728
1288757500314103808
1288758215665242112
1288758783330734082
1288758842189381632
1288758983096844288
1288759030404456449
1288759078236205056
1288759082485190660
1288759324869885952
1288759499482775552
1288759500535545866
1288759773425545216
1288760152284422145
1288760750924734464
1288761070237241344
1288761124029161472
1288761266924916737
1288761760573464576
1288761888449261569
1288761889673973760
1288762224576802816
1288762401400197120
1288763018847891457
1288763706042724355
1288763953166704640
1288764072771694592
1288764524560957440
1288764547436810240
1288764934046785537
1288765059871707136
1288765083460333568
1288765253786963968
1288765360301367297
1288767343242489856
1288767551489470466
1288767859963748354
1288767883217186816
1288768339960049664
1288769109480669185
1288769620694925312
1288769754849841153
1288769950849683456
1288770050594398208
1288770283818688512
1288771573923688448
1288772593030434816
1288773547264024583
1288773863858479110
1288774172387282945
1288774174295523328
1288774470849531906
1288774474091737088
1288774474951610370
1288774475945611264
1288774849633169409
1288774975491465216
1288775592977018880
1288776550360416257
1288776592173469702
1288777130222841856
1288777136199708683
1288777247940382720
1288777606586707968
1288777684995026944
1288778021059661825
1288778339587694592
1288778472031236096
1288779114338381826
1288779316340367360
1288779509987258370
1288779875969650689
1288780415856267264
1288780843369074688
1288780895361499137
1288780989154631681
1288781770700328960
1288782265120706560
1288782711356887040
1288783025631834113
1288783032447467521
1288783557683376128
1288784567332110338
1288785094904352769
1288785403701493760
1288785890559565824
1288786224107474950
1288786754502365184
1288787162444398592
1288787284498591746
1288787481920503809
1288787576334110721
1288787766537605120
1288787770173984769
1288788414125314050
1288788690525806592
1288788841428594695
1288789434314498048
1288789567407943681
1288789761944096768
1288790140001935362
1288790884495040512
1288790890060722176
1288791215052165120
1288791468170194944
1288791689369473026
1288791787910430721
1288792511226486790
1288792527978586113
1288792540662181888
1288792817813409793
1288792975951171584
1288793119555825665
1288793128493867008
1288793248618524674
1288793465036439554
1288793908688953344
1288794167011876864
1288794651114106881
1288795030438674433
1288795043344584705
1288795388342870019
1288795572137336839
1288795942506786817
1288796468753702912
1288796584977850369
1288796615189307393
1288796618997694464
1288796630699843584
1288796644566134784
1288796736748687360
1288797084070576128
1288797168619454465
1288797183664324608
1288797780123824129
1288798079412387842
1288798084156108805
1288798154029244417
1288798419574820864
1288798453854863361
1288799134133161985
1288799185341382662
1288799613814812672
1288799893855838208
1288800177243992065
1288800294915248128
1288800898282475521
1288801034286985217
1288801059343872000
1288801757699530753
1288802429602091009
1288802699203481602
1288803120928174081
1288803575838236672
1288803646113640448
1288804416053641216
1288804834976477189
1288804837094760448
1288805145476829185
1288805150279315457
1288805281544253442
1288805524918730753
1288805597782081536
1288805926066151431
1288806280514228224
1288806485577723904
1288806548454739970
1288806663030542339
1288807104141316098
1288807134025531397
1288808369697030145
1288808461141245953
1288808478602141698
1288808539088199692
1288808545119502336
1288808815643828224
1288809001371807744
1288809236265340931
1288809368213954560
1288809851741773824
1288810063835144192
1288810098752655361
1288810404601311234
1288810656616022018
1288810759447818240
1288810997549920256
1288811030173356032
1288811087756918784
1288811192761409536
1288811284813799425
1288811466385051650
1288811574778634240
1288811666638086144
1288812399655452674
1288813007804530689
1288813170644135936
1288813398948544512
1288813603865481218
1288813764100456449
1288814220776108035
1288814243157102592
1288814446085693440
1288814507255504897
1288814828019167233
1288814901264293888
1288814971690930179
1288815033556914177
1288815472193011712
1288815503830441984
1288815857129459712
1288816341370241032
1288816342129352704
1288816775371673606
1288816799765520384
1288817284539133952
1288817317770649600
1288817428575580161
1288817504991637505
1288817523824107520
1288817603113299969
1288817681446174720
1288817693966184448
1288817937818750982
1288818101983645696
1288818342715781121
1288818487574634496
1288818647163711488
1288818760607031297
1288818952093696005
1288819518207168512
1288819668661219328
1288819669516910592
1288819703536922625
1288819880704258048
1288819976359510023
1288820347765227521
1288820453738414080
1288820671154331650
1288820693468151809
1288821016970526720
1288821431132880896
1288821541573197824
1288821628483203075
1288821674109018112
1288821700281298944
1288821803830456321
1288821895349993476
1288822034718367744
1288822266831097856
1288822371835502593
1288822404483956737
1288822425413591041
1288822519898820608
1288822701633626112
1288822936238006278
1288823117020880898
1288823281865424896
1288823523792674816
1288823532210786305
1288823661714198529
1288823700842844160
1288823703577350144
1288824347042484225
1288824472116563970
1288824799830188033
1288825054508113921
1288825314681016320
1288825544600100866
1288825827929591809
1288826056246534145
1288826168011968512
1288826208621404165
1288826439152926720
1288826465971326978
1288827050879594496
1288827067023233024
1288827213945745408
1288827420762669058
1288827488647417858
1288827882329059331
1288828133030977538
1288828875594584069
1288828955739357190
1288829207049654272
1288829370543480834
1288829479700365312
1288829713482264576
1288830393370718223
1288830590783852544
1288830646245363718
1288830814667468800
1288831048588066816
1288831200992178176
1288831472518930432
1288831611757305856
1288831694624227328
1288832121633636352
1288832858979569664
1288833031327952896
1288833035090231298
1288833154128781315
1288833224546934784
1288833864329289728
1288834064393416706
1288834596025577472
1288834743077761025
1288835201116889089
1288835536656924673
1288835766458736642
1288836206248116224
1288836806344093696
1288836899008905216
1288837109109993472
1288837734552031233
1288837756043636736
1288837796417994752
1288838056359927809
1288838314087182340
1288838511013945345
1288838802493014017
1288838811162681344
1288839259840040961
1288839710664777728
1288839807641296898
1288840207765315584
1288840247392866304
1288840371162750977
1288840482450219013
1288840531674632193
1288840628491747328
1288840954200301568
1288840969224429568
1288841789948850176
1288842259199393794
1288842305001197578
1288842314668883970
1288842523398594561
1288842785815175170
1288842954833100805
1288843048294551552
1288843052279160835
1288843231875276802
1288843630560641024
1288843967107403776
1288845014613790720
1288845111665790981
1288845787133169665
1288845845014745088
1288846193196322817
1288846423757398018
1288846424076095488
1288846591458021377
1288847363549798402
1288847540310413313
1288847753192275968
1288848260568715266
1288848270828085248
1288849062020538372
1288849619892355073
1288849717216964608
1288849721482555392
1288850560821669889
1288850669546463232
1288852081865105410
1288852111514451968
1288852162974552064
1288854364682170368
1288854464040808450
1288854964778020865
1288856511309987841
1288856964915695616
1288857783258030080
1288857844347936768
1288857991626862592
1288859120989134849
1288859283724017664
1288859954863050754
1288859992133521413
1288860013520248832
1288860302998634496
1288860580275609601
1288860697078763520
1288861088617046022
1288861150269124608
1288861213384998912
1288861448483921922
1288861553773731842
1288862022168457219
1288862098030723074
1288862132625448960
1288862656200228864
1288862883414192128
1288862903500595201
1288864220444889090
1288864534598492162
1288865118412050432
1288865777693597703
1288866003124797440
1288866503727644672
1288866649584668673
1288867149734387713
1288867173109313538
1288867216189009921
1288867300288888833
1288867597941739520
1288868149979381762
1288868238290497536
1288868692558848001
1288869027549388800
1288869413781995522
1288869560796536833
1288869603196710913
1288870055409836032
1288870328320446464
1288870507811659777
1288870536588800002
1288870554213027840
1288870603940745216
1288870708651724802
1288870990894649344
1288871124898471936
1288871728781963265
1288873155679920128
1288873418784309248
1288873994440052738
1288874476785065987
1288874619382898691
1288874827537932290
1288875449364279297
1288875624711565313
1288875649470537728
1288875692139196416
1288875750968287232
1288875803871186944
1288876225734291456
1288876233921638402
1288876342453219328
1288876372442505216
1288876408777957376
1288876689666256899
1288876992482476032
1288877419982716928
1288878090681114624
1288878569310035971
1288878843483369474
1288879135138422786
1288879412969013248
1288880138004893701
1288880222935240704
1288880796233871364
1288880931214786560
1288881282676555779
1288881405909401600
1288881799066771456
1288882437683126275
1288882484139057153
1288883381103734784
1288883523177320449
1288883816128372737
1288884277258514437
1288884302911025154
1288884421555355649
1288884948925992961
1288885011974938624
1288885113028317186
1288885603552165888
1288887120657100802
1288887209181863936
1288887378799714309
1288888620301131782
1288888899943542784
1288889448747474944
1288889658668195842
1288889811546365953
1288889911249076225
1288890133412868096
1288890649010372608
1288891114842238976
1288891663549571074
1288892105054728193
1288892137451540482
1288892265201631232
1288892269446266882
1288892705020444673
1288892931420676096
1288893519164248064
1288894038523940869
1288894159567425536
1288894169700761604
1288894386667888640
1288894390090338304
1288894517421187073
1288895157493010432
1288896023570644993
1288896365808906240
1288896689567399936
1288896929158635520
1288897535638147072
1288897582933192705
1288897725065461761
1288898178251665410
1288898375140683782
1288898502156857344
1288899125522702336
1288899172452638720
1288899290744492032
1288899491546898432
1288900930826641415
1288901018164457472
1288901522026385408
1288901542511357952
1288901564330135553
1288901692956835841
1288901993990324224
1288902258948792331
1288902334496595970
1288902441316970496
1288902545788874752
1288903269209841665
1288903995738796033
1288904079020761088
1288905301421363206
1288907259326738435
1288908454648832000
1288908961735901188
1288909478327463940
1288909609357336576
1288909851859382272
1288909926706946050
1288909998295310342
1288910305393860608
1288910899407855616
1288910957687844864
1288911072502718464
1288911600569679874
1288911759869227008
1288911801049120775
1288912011028361216
1288912032130117632
1288912493973327875
1288912870487490561
1288913127619190784
1288914004069343232
1288914014966169600
1288914015289303041
1288914278968434690
1288914296995545088
1288914566169202690
1288914977512992768
1288915172715827200
1288915484126019584
1288915626963197952
1288915747859832832
1288915974490652672
1288915994778443778
1288916029188472837
1288916565698772994
1288916630249115655
1288917246291726338
1288917409726783488
1288917577935224832
1288917675721273346
1288917999571931136
1288918329424568322
1288918765036544010
1288918923149107200
1288918962114199552
1288919007651942400
1288919172341207042
1288919172521447424
1288919342978150406
1288919951798087682
1288920081767043073
1288920159453757440
1288920206790852621
1288920450467127296
1288920635024998400
1288920971039186944
1288921298475708416
1288921335016587265
1288921456118644737
1288921665225850881
1288921678051934210
1288922093631856640
1288922438420529163
1288922544339218432
1288922732063858691
1288922843858829313
1288922970379911171
1288923167193329664
1288923208759091205
1288923618173489155
1288923714482876416
1288924292739203073
1288924363065110530
1288924488571203584
1288924525850173441
1288924587305009153
1288924833468657666
1288924991296331779
1288925448064335874
1288925624757661696
1288925852273537024
1288926189080342528
1288926645395619841
1288926746709045249
1288927136225558528
1288927315351810048
1288927555542822913
1288927629610024964
1288927801706532867
1288928054002294785
1288928109173985280
1288928168871522304
1288928170826256386
1288928363948711937
1288928368600272904
1288928427442163721
1288928651312939008
1288928670292246528
1288928716601655297
1288929037033799680
1288930123085828096
1288930215452987394
1288930300341485574
1288930574065778688
1288930695893651456
1288930968418615296
1288931121816915979
1288931128162885632
1288931312334786564
1288931339308355601
1288931901642887169
1288932033914269696
1288932102226849792
1288932171982331904
1288933008788148233
1288933141579792384
1288933361302622222
1288933518790348800
1288933604509310976
1288933682917646336
1288934195411275783
1288934500035186699
1288934659968192524
1288934816679972872
1288935264073797644
1288935792908423177
1288935959493582849
1288936241317269506
1288936409382846464
1288937172020666370
1288937680236142592
1288938137750822914
1288938533298802693
1288938682209140736
1288938792267718661
1288938968063475713
1288939555639275520
1288939556792709121
1288939684517691392
1288939726456619008
1288939822657282050
1288939827539267584
1288940293748862980
1288940377777549313
1288940604332875777
1288940644958908416
1288940668627320832
1288940741679620096
1288940930473635840
1288941321231589376
1288941597359575044
1288941610097684483
1288941628124794881
1288942491249631232
1288942797358333952
1288943278990254081
1288943358354710528
1288943581273628672
1288943916998447105
1288944469677690881
1288944961136865280
1288945968621195266
1288946006067777536
1288946094341267457
1288946287413473280
1288946463045812227
1288946610257395714
1288946987400941571
1288947913222238215
1288947955131658241
1288947980825956355
1288948451598901250
1288948911541850112
1288949017729290241
1288949517979615232
1288949571662630922
1288950020314734595
1288951211656265728
1288951551541817346
1288952029105106945
1288952308886167552
1288952401806884864
1288953610735362049
1288953799059611654
1288954079209807874
1288954192338587654
1288954222172610567
1288955039256477696
1288955530900275200
1288955984841510914
1288956428334641153
1288956721575190528
1288957104087277569
1288957455653715968
1288957494522519553
1288957582481055744
1288957944713879557
1288957959674855425
1288958885617963014
1288958902621675523
1288959108264198144
1288959256654307328
1288959359918247936
1288959640349409280
1288959834893832193
1288960257860001793
1288960295210278913
1288960676560592897
1288960982920962051
1288961696544051201
1288961961229574144
1288962057279160320
1288962507827077121
1288962790535790592
1288963089950547970
1288963142559715328
1288963268464259072
1288963596475490304
1288964226036273152
1288964820679573504
1288964905027219456
1288964947649667073
1288966091214131201
1288966167072317445
1288966205152387080
1288966294247583745
1288966406885781505
1288966560233787393
1288966805676068865
1288966816967069696
1288966986941308930
1288967137260908544
1288967951559929861
1288968512178999299
1288968877326635009
1288969159209099264
1288969384728367104
1288969506555957248
1288969898023170050
1288970487654219779
1288970497099784193
1288970605094752259
1288970651806515200
1288971636805378049
1288971888824332294
1288972005606215680
1288972480305147906
1288972793690959872
1288972794651267073
1288973133685256192
1288973357380239365
1288973488217260033
1288973932326981633
1288974124753199104
1288974167161753601
1288974291153776641
1288974317708103680
1288974443616837632
1288974473870401538
1288974717509083136
1288974858085265410
1288974889592946689
1288975099031412748
1288975264228290562
1288976808897998848
1288976816842014720
1288977623297806349
1288977758270427136
1288977769003655170
1288977816978169857
1288978058217689089
1288978331489181696
1288978379006521344
1288978798734647297
1288978911544537089
1288979779568447489
1288979849239859201
1288979955989254145
1288980210617135104
1288980473746776064
1288980924932198400
1288981032079962117
1288981157762269186
1288981632947453953
1288982153011830784
1288982493140520962
1288982691673780224
1288983300560756736
1288983696201187333
1288983830922055680
1288984241909374976
1288984359022690304
1288984359211372544
1288984360180301824
1288984442812485632
1288984646093504514
1288984799953276928
1288984858761420800
1288984924519895041
1288985054388064256
1288985231815516161
1288985444777177089
1288985500032724992
1288985760536952833
1288986158601588737
1288987064315322372
1288988255694852100
1288988884546789377
1288988927806910471
1288989256891936770
1288989273845161984
1288989682227912704
1288990196999086088
1288990335524311040
1288990382160777216
1288990523319963649
1288991044999286784
1288991241103966209
1288991878533193728
1288991944044052486
1288992324643684352
1288993734223433730
1288993975089733632
1288994115422752770
1288994643233910786
1288994677580943360
1288995372086501377
1288995635497181189
1288996354291712000
1288996532679663623
1288996683364401152
1288996818752159745
1288996883583643648
1288997146788794368
1288997394353356801
1288997773971353600
1288998453503119360
1288998778721177600
1288998951744675841
1288999143390810113
1288999203390201856
1288999205604745216
1288999332948201472
1288999407296434176
1288999420323799042
1288999547411152897
1288999705133768704
1289000049599565824
1289000527565553664
1289000832697077761
1289001370851450880
1289001723412045826
1289001854760714245
1289002345473306624
1289002646364274688
1289002772919017472
1289003606906028032
1289003995483316232
1289004240099188738
1289004433594937349
1289004864706494465
1289005561271508992
1289005805698785283
1289006216035872770
1289006281718669313
1289006734779076609
1289006789376106497
1289007027797229568
1289007437022986241
1289007813235269633
1289008403281575937
1289008580792930306
1289008581224869888
1289010171075653633
1289010216588238848
1289010543945297920
1289010626006863872
1289011617082949632
1289011805373771777
1289012848845361152
1289013097538166785
1289013156027785218
1289013227423035392
1289013362110672896
1289013487151112192
1289013759583739911
1289014227236249600
1289014948161626112
1289015636379594752
1289015946615484416
1289016729813889024
1289016898634616832
1289017302348947457
1289017477280796673
1289018210264723456
1289018345703059457
1289018399981473792
1289018570668638211
1289018962399772672
1289019400012673025
1289019440374468610
1289019466597175299
1289019708830818310
1289020129200582656
1289020763362607104
1289021218750959616
1289021521441292288
1289021978662318080
1289022099105882115
1289022129162182658
1289022147147563009
1289022280887152640
1289022565483253760
1289022676972052480
1289022746043850752
1289023272885948417
1289023891822845957
1289025304200019970
1289026169220796417
1289026962082729985
1289027064587321344
1289027626129076228
1289027802436640768
1289027882182942720
1289027921894690816
1289028259703934976
1289028335381745670
1289028536163065856
1289029279892865024
1289029536768839680
1289029540560474114
1289029558369284097
1289030373545050113
1289030424962846720
1289030839037296647
1289030938265960448
1289031053210988545
1289031065890361345
1289032151078297600
1289032316686422016
1289032608073101312
1289033317547945984
1289033691100979205
1289034249576865793
1289034468804747264
1289034484759834625
1289034803992506369
1289035399151706112
1289035642505240579
1289036192462155776
1289036265560649728
1289037824709267457
1289038456933380096
1289039324638568450
1289039498978955265
1289040464985849861
1289041009561796608
1289041051249004544
1289042848554328064
1289042884923207680
1289043580355477504
1289044247241359362
1289044247505592320
1289044248247975937
1289044504159322112
1289044703971860482
1289044895340957696
1289045151806103552
1289045511127928832
1289045637514764288
1289045818469756929
1289045878402031617
1289046357077037062
1289046389696077824
1289046450442080256
1289046894665228293
1289048415448510464
1289049663769845760
1289049955630538753
1289050693744103427
1289051248264716288
1289052170667675649
1289052584028889088
1289052911008460800
1289053439620796416
1289053716067188736
1289053736606851072
1289053763316088833
1289054181672853504
