1286518023285813248
1286519775225577472
1286520234120290305
1286520286636990464
1286520621090799617
1286520707921457152
1286521194150322177
1286521268272078848
1286521322210840576
1286521866857979905
1286522867635519488
1286523112230658048
1286523382331301888
1286523653941731329
1286523769469665288
1286524168935100418
1286524203907182593
1286524219715727360
1286524467846549505
1286524672687902720
1286525035281252352
1286525820266217477
1286525823101603841
1286525990748016640
1286526159912673280
1286526853717676032
1286527159910064128
1286527370028081152
1286528404892930048
1286528573348732928
1286528669184294913
1286528787098865664
1286529544703356928
1286529560624988163
1286529752187015169
1286530058945826816
1286530111978733573
1286530644583919617
1286530754772701185
1286530983731372032
1286531055550423041
1286531832402644992
1286532563733905408
1286532573737312256
1286532575230488576
1286532841375961090
1286533605238300672
1286533606530322432
1286534108995358720
1286534214192631808
1286534232869711872
1286534395306876928
1286534413858287616
1286534816159031296
1286535288819462144
1286535385133256706
1286535399947476992
1286535478850867201
1286536070704689153
1286536115327991808
1286536153605210112
1286536255044571136
1286536376553439232
1286536398384832513
1286536446153719813
1286537227632128000
1286537229343420418
1286537248654196737
1286537453814394880
1286537647540842496
1286537871961337856
1286537956187148290
1286538043730649088
1286538210240344065
1286538294080274433
1286538364041101312
1286538742237470721
1286538971103858690
1286540539949654016
1286540642471088128
1286541104352034821
1286541565939326976
1286541656078999552
1286541691009335296
1286542263242301440
1286542412475764738
1286542468603940865
1286542913502171136
1286543225939873793
1286543967711105024
1286544372356583424
1286545076299223041
1286545096108908544
1286545277487284225
1286545298140155904
1286545425760223232
1286545627149750272
1286545852782252032
1286546017094074368
1286546707749240833
1286547975498608640
1286548056142479360
1286548155803156480
1286548478928326656
1286550278464995329
1286550558011199488
1286550655063273472
1286551540979859457
1286552074558124032
1286552075682213888
1286552428238778370
1286552545515778048
1286552675912482816
1286552695885697025
1286552839758786561
1286553025000112128
1286553371076431872
1286553747368402944
1286554038717362179
1286554081520164864
1286554761622323201
1286554795592097792
1286554922670895112
1286555048768679937
1286555121862742016
1286556093519462400
1286556153313452036
1286556867833913345
1286557433712857088
1286557467095203841
1286558580188090371
1286559385066643456
1286559744962883584
1286559883685318662
1286559899321798657
1286559912500310016
1286560024450473984
1286560475640139776
1286560508632395776
1286560525753765890
1286560859133796352
1286561002826477574
1286561311741157377
1286561788083998723
1286561962143305728
1286562181979529217
1286562255392448513
1286562349235810306
1286562412926251008
1286562590269874177
1286563002381148161
1286563859021651968
1286564218200829953
1286564353131642881
1286565638752927745
1286565906148200449
1286566015099375617
1286566885270724608
1286567682612105217
1286567822764773377
1286567966734266368
1286568024271724545
1286568209903243264
1286568352878665729
1286568426434105345
1286568734220484608
1286569302657662976
1286569393988816897
1286569493788069890
1286569497088983040
1286569958479147008
1286570002628390912
1286570007749689346
1286570592599191552
1286570760211959808
1286571956683378689
1286571963717058560
1286571966158127105
1286572202687700992
1286572459496312832
1286572689587613696
1286572814666006528
1286573009369694210
1286573015384424448
1286573579191160832
1286573656718618624
1286573665669255168
1286573676054421505
1286573695897460737
1286574383012560896
1286574431922528257
1286574670809108480
1286575491990917120
1286575508805779456
1286575641358405632
1286575856882597888
1286576245531193344
1286576477362950144
1286576492579708928
1286576494752530432
1286576794641076224
1286576864404951040
1286576949255708674
1286577478186741761
1286577572940218368
1286577628506464257
1286577814427152384
1286578127267749889
1286578129532645377
1286578358390644737
1286578531015831552
1286579537912963073
1286580747113869314
1286582087361978368
1286582448755806209
1286583140031528961
1286583185434959872
1286583275708993536
1286583504558600192
1286583809161531393
1286584362792652800
1286584367310082048
1286584580498227200
1286584699335434241
1286584838246596608
1286584970593669120
1286585137946406912
1286585316271370241
1286585594987057152
1286585827674521600
1286586012131631104
1286586410221412353
1286586671929143296
1286587184565440512
1286587401767399424
1286587504221655040
1286587546772869121
1286587557652754434
1286587581392723968
1286587686317445121
1286587790306816001
1286587902030417920
1286587984133918723
1286588065213902848
1286588812379009024
1286589059922501633
1286589369248358400
1286589381705445376
1286590302548111366
1286590412086444032
1286591170664181760
1286591287660027905
1286591412214038528
1286591914041647104
1286592020157534213
1286592020568580096
1286592288412631045
1286592387255431168
1286592575567060999
1286592963339059200
1286593153672282116
1286593236476272641
1286593868964798467
1286594251745189888
1286594604419121153
1286594913342230528
1286594976026001408
1286594988789309440
1286595111376150528
1286596169649590274
1286596269926944768
1286596467617140737
1286596494448111617
1286596514467332099
1286596526387519489
1286596533870198786
1286596541352783872
1286596693312573442
1286596831212961792
1286597503434055680
1286597512510541824
1286597616214704130
1286598253547487234
1286598266583482369
1286598397235998720
1286598712031150080
1286598873637625856
1286599108342558722
1286599250390941696
1286599255768150016
1286599316254195713
1286599498844733440
1286599673915092992
1286600280323141633
1286600382731476992
1286600389320736769
1286600911972978690
1286601106596990976
1286601484969402368
1286601692570673153
1286602077825892352
1286602465983561729
1286602496320954368
1286602924727193600
1286602992590811137
1286603172518039552
1286603174925570050
1286603216587808768
1286603256341372938
1286603433542328323
1286603794105749505
1286604098410655744
1286604194779205632
1286604236059549698
1286605166402318336
1286605610440589312
1286605841253138432
1286605888254611458
1286606434202001408
1286606802839379969
1286606860926308352
1286607011669585920
1286607015008260103
1286607178002870274
1286607471327420416
1286607505297039362
1286607976200110081
1286607994453549056
1286608245973540864
1286608685154926592
1286608826716823552
1286609111203958787
1286609293584805889
1286609560095076353
1286609609168478214
1286609828341841924
1286609832619827201
1286610775029809152
1286610878167764992
1286611074117242883
1286611490586464256
1286611620609822722
1286611733516374016
1286611775325188104
1286612064924864512
1286612207468412936
1286613109881425921
1286613207331811328
1286614192687124480
1286614661077630976
1286615121628811265
1286615589939752961
1286616225351643136
1286617005458677760
1286617259549417472
1286617259796869126
1286617261092958208
1286617458795782144
1286617514731098112
1286617578580905984
1286617767999950848
1286617895821365248
1286618244288323585
1286618499633295362
1286618642675912705
1286618861756915712
1286619653679308801
1286619714010124288
1286620279289131011
1286620455877713925
1286621035064954881
1286621057881976838
1286621534480527360
1286621581247225857
1286621671374323712
1286621697832112128
1286621729561993218
1286621810079956992
1286621846281113602
1286622107875586052
1286622237504741376
1286622396863184897
1286622435417235461
1286622475481223168
1286622533001732097
1286623367060172804
1286624163201875969
1286625366216511489
1286625493320708096
1286625515932127233
1286625817473290240
1286625944887795714
1286626004103057408
1286626032800468994
1286626034805342209
1286626159602565120
1286626440159649792
1286626468353789953
1286626533365428224
1286626710243418112
1286627032923807745
1286627423895904257
1286627677080891392
1286627700140998656
1286627791216054274
1286628005662662658
1286628010532184065
1286628091893293056
1286628261301280768
1286628345216552961
1286628604978311174
1286628740458455040
1286628892128804867
1286629450398883841
1286629763784876032
1286629799918796802
1286629834035167233
1286630000549154816
1286630193294188545
1286630290736250881
1286630410278051840
1286630534102290432
1286630615660584963
1286630679246241792
1286630904975286272
1286630909165412357
1286631251919507456
1286631369758650370
1286631517230370821
1286631748999225345
1286631788866146306
1286631958932381697
1286631969716084736
1286632365440159744
1286632752331268097
1286632901598216197
1286633194016645120
1286633311721463808
1286633347687612417
1286633393929756677
1286633440453033985
1286633489849151488
1286633761677938696
1286634006113660928
1286634747872055296
1286634750728450051
1286634921046323205
1286634959021789185
1286635728789803008
1286635772557361152
1286635930913320964
1286636085670445057
1286636332119470080
1286636406706712578
1286636653101166594
1286636728175005697
1286637148494602240
1286637439147290624
1286637935803142145
1286638242444521475
1286638532514254848
1286638647643693057
1286638916783599617
1286638963004973056
1286639283869294592
1286639514962800642
1286639708315975681
1286639980878716928
1286640081412001792
1286640623068631040
1286640801083281409
1286641422423207936
1286641437644173312
1286641740733198338
1286641855866732544
1286641899789381632
1286642193030144000
1286642227620519936
1286642246431977472
1286642406817959936
1286642843583471618
1286642905583685632
1286642934553677825
1286642955017740293
1286643082616856580
1286643458258677761
1286643633211559936
1286643794318962688
1286643824882855938
1286643934614163457
1286644080022347778
1286644124775518212
1286644124871950337
1286644184422559745
1286644194933530626
1286644296100306949
1286644800897208320
1286644901611003904
1286645250534998016
1286645413353684994
1286645741209948162
1286645851742511105
1286645940728860673
1286646184254124033
1286646304421142529
1286646751038930946
1286646830235713541
1286646836594278400
1286646837709959169
1286647073576759297
1286647175204622336
1286647202035765250
1286647329135550464
1286647352485347333
1286647581871935488
1286647624662056972
1286647645654720515
1286647720078385157
1286648000916455426
1286648632415068160
1286648843728084993
1286649131683938306
1286649195609415681
1286649557007257600
1286649592403001345
1286649660959084547
1286649688142295041
1286649709801676800
1286649976488112134
1286650035069956097
1286650124656156673
1286650558204518400
1286650996328927232
1286651042155974661
1286651060933844992
1286651324327538690
1286651337875361792
1286651401075073024
1286651501637701632
1286651527155810304
1286651776406630402
1286651836628381697
1286651880068849665
1286651884191784960
1286651891397603328
1286651961476096003
1286652201503465473
1286652523563175936
1286652540914774016
1286652950241325058
1286653030046277633
1286653198128701440
1286653426374307840
1286653601973014531
1286653823465947138
1286654142476419072
1286654324106502144
1286654436971085825
1286654708925337600
1286654897283309571
1286655231472709633
1286655256307224576
1286655517138591744
1286655915559706626
1286656228421242882
1286656541182038020
1286656967948279809
1286657239395295234
1286657271980687362
1286657858516299777
1286657921498128385
1286658013768671232
1286658128059277314
1286658140159836161
1286658182580928512
1286658224587001859
1286658434407051266
1286658482440200193
1286658504812625922
1286658509413609472
1286658708907360256
1286658846686150661
1286659143022063616
1286659674138226688
1286659684116639747
1286659771484049408
1286660151533920256
1286660293951737860
1286660681043935232
1286660719220424704
1286661216673443842
1286661451994759169
1286661484236476418
1286661608715038721
1286661704772968449
1286661796971991040
1286661798137978881
1286661803900932098
1286661805016719366
1286662059694882817
1286662228335300608
1286662257385058305
1286662489837641728
1286662609446543360
1286662811137916929
1286662812324904961
1286663029334171652
1286663165225443331
1286663190877790209
1286663561532579841
1286663995651481602
1286664598788149250
1286664675351040000
1286665073654550529
1286665198544146433
1286665491654860801
1286666114810904576
1286666460098682881
1286666498082312193
1286666611903156225
1286666650859835397
1286666738936020992
1286666851737645057
1286666988891209728
1286667409894539264
1286667576383344640
1286667598181146625
1286668070703030272
1286668422504419337
1286668440116363265
1286668676314275842
1286669018770870282
1286669052279226368
1286669446648672256
1286669454907265026
1286669604174082052
1286670327230205955
1286670960406323200
1286671016966721537
1286671222902644736
1286671398048497666
1286671493636792322
1286671607038193664
1286671837691248642
1286671895287529472
1286672117669527554
1286672233675534338
1286672467432476677
1286673128442257409
1286673613735825408
1286673763409334273
1286673805587488768
1286674372279795712
1286674903165472768
1286675214533898241
1286675355575689216
1286675382410850306
1286675580881182720
1286675664523886592
1286676284022706177
1286676643621167104
1286676644770353152
1286676829777080322
1286676891894767617
1286676964070195200
1286677017128132608
1286677316974911491
1286677752272257025
1286677927371972614
1286678783995584512
1286678811770322946
1286678951155445763
1286679047691370498
1286679303154020352
1286679330794475521
1286679645216219139
1286679970258059264
1286680264031207424
1286680578478219271
1286681103151947778
1286681109535891457
1286681225655201795
1286681321629257729
1286681360493502467
1286681573954400257
1286681687552745474
1286682051622690822
1286682307479232525
1286682480737751042
1286682487679258625
1286682616008265729
1286682789979361280
1286682838872383488
1286683293048434688
1286683400359874562
1286683539946250246
1286683678740025345
1286684010811404291
1286684201278996481
1286684216248414210
1286684677013725193
1286684750950871041
1286684818743459841
1286684921935859713
1286684994736254977
1286685022083260421
1286685090781814785
1286685162093281281
1286685176379080705
1286685673873911808
1286685798197329920
1286685833655914499
1286685973083033600
1286686111255769091
1286686259537154049
1286686875902607360
1286686926490263552
1286687007230570496
1286687028491571201
1286687721923080192
1286687885639458817
1286688191194570752
1286688798743523328
1286688814841434113
1286688834286166017
1286688913382400001
1286689394594852864
1286689413490245636
1286689457496829952
1286689608042872832
1286689638095163395
1286689930681425920
1286689957013323777
1286690762386812928
1286691332346478593
1286691472188858368
1286691748429750277
1286691749490913282
1286691751684579328
1286691752825372672
1286691839035281408
1286692499331981312
1286692577530576897
1286692604432855040
1286692746154184704
1286693009703264256
1286693534322524160
1286693837314961410
1286693867610345478
1286693991359098880
1286694228563697664
1286694511809191936
1286694654260346880
1286694659595567105
1286694695985446912
1286694979293917184
1286695124802637827
1286695157610328064
1286695487974699014
1286695606040375305
1286695720959975424
1286695734205702146
1286695812198813696
1286695913080213505
1286695926514540545
1286695946621943810
1286695962711400449
1286696020848644096
1286696290366169090
1286696788972277762
1286697071274274821
1286697079516073984
1286697195945811969
1286697263314673670
1286697367320899586
1286697389437390848
1286697395082997761
1286697858415067144
1286698267477192709
1286698589050339329
1286698857456218120
1286698921423540225
1286699118388289537
1286699206669930501
1286699445929881600
1286699641074057216
1286699687882481667
1286699800734441477
1286699809378914305
1286699985765990400
1286700048613613569
1286700605965312001
1286700683912269825
1286700769815732226
1286700878599266307
1286701269676154882
1286701446419881984
1286701475847168000
1286701791422406658
1286702223347654663
1286702297800744960
1286702332441440256
1286702368030154753
1286702449160585216
1286702643889479681
1286702779642380288
1286702988371922946
1286702991626702848
1286703244937441280
1286703250461392898
1286703395093581824
1286703428857626624
1286703562718949376
1286703580704059392
1286703593232519171
1286703935558909954
1286703985823567874
1286704002961465345
1286704020816625664
1286704439844311042
1286704540755079171
1286704563123302403
1286704992599052288
1286705065906941955
1286705169774735361
1286705191044120576
1286705393272606720
1286705438742982657
1286705711615860736
1286705947809738753
1286706219697266688
1286706767511138304
1286706810024611840
1286707100903563264
1286707104531636224
1286707240909643777
1286707318701293570
1286707404240035841
1286707590660055040
1286707623178506241
1286707812811276290
1286707935544930305
1286707979509735429
1286708298130096128
1286708345336995840
1286708431970357249
1286708653475627011
1286708736464023554
1286709073476554753
1286709103142764548
1286709225201098752
1286709305392078848
1286709393975910530
1286709480537952257
1286709616735326208
1286709619486793730
1286709672590954496
1286710036413190144
1286710136745099265
1286710291011710978
1286710293914058752
1286710336184373248
1286710471471529989
1286710835503665153
1286710933922942983
1286710957566296065
1286710978751549441
1286711756383899648
1286711819021803520
1286712160241033217
1286712795489275904
1286713009763688456
1286713017640448001
1286713067657555968
1286713079745699841
1286713134577844225
1286713720824041472
1286713822640734210
1286714509793677312
1286714567196893186
1286714572452311044
1286714916653670403
1286714921892360192
1286714949935312896
1286715307747422209
1286715375275651074
1286715415226249216
1286715572558987265
1286715694281719808
1286715745141846017
1286715753635483649
1286715862272024576
1286715942110724096
1286716357371990020
1286716543569506304
1286716600499023873
1286716839662362625
1286717063675797504
1286717292647051264
1286717433814880256
1286717828012417025
1286717945763319808
1286717976574668801
1286717994773536769
1286718078110359552
1286718391114297345
1286718487654797312
1286719271687663619
1286719742343094272
1286719788312657920
1286719908311695367
1286719924799524865
1286719939039178753
1286720064696156160
1286720618335936513
1286720679489032193
1286721074084712448
1286721138329083905
1286721213088313344
1286721296164950017
1286721389118935040
1286721774613417988
1286721830561161217
1286721864342142983
1286721950492971009
1286722139467452419
1286722220182700033
1286722327917535232
1286722539708911621
1286722591651057664
1286722847507804160
1286722860287918082
1286722889371222018
1286723004483895296
1286723007977787392
1286723473746866177
1286723531791831040
1286723551500873728
1286724237676498945
1286724449606283264
1286724459441688576
1286724740502216704
1286724851374460929
1286725010997030912
1286725101900242949
1286725127959453696
1286725419585110018
1286725452132954112
1286725497095950337
1286725647134588930
1286725735118516230
1286725943860645892
1286725983467442178
1286726167953891328
1286726242205499394
1286726252703952906
1286726330948759553
1286726465820725249
1286726507315044352
1286726810382864385
1286727244136828931
1286727712686649345
1286727862356267009
1286727904429318144
1286727977510854664
1286728611311923206
1286728776890687495
1286729094160424960
1286729491243401216
1286730176668278784
1286730613941325835
1286730691192016899
1286730833882165248
1286730974190096384
1286731211465990144
1286731267619184645
1286731279606546432
1286731282982907904
1286731286996910081
1286731416726900741
1286731472364113920
1286731808047075328
1286731817035476992
1286731993665822722
1286732018655678464
1286732369148489733
1286732538329927681
1286732571133595649
1286732836360327169
1286732878613630976
1286733171313147904
1286733214090956801
1286733229282607107
1286733523051839489
1286733579456782338
1286734094307602433
1286734199706329088
1286734312633769984
1286734422264426496
1286734438861344774
1286734722492702721
1286735021185925120
1286735168460349441
1286735181450227712
1286735224974520321
1286735450208706561
1286735607671083008
1286735797996138507
1286736255024279552
1286736479348240385
1286736522184622082
1286737038696488961
1286737043817525248
1286737045667241985
1286737046774493185
1286737265054621696
1286737470676246532
1286737499021352961
1286737553262092292
1286737626373005312
1286737641556279296
1286737667766587392
1286738349332537346
1286738407935410177
1286738630887837698
1286738671094374401
1286739430217338880
1286739573876256768
1286739616222060545
1286740019663626240
1286740435478687745
1286740611383676929
1286740721651703808
1286740744988815360
1286740830649229314
1286740841847980032
1286740910676553730
1286741006969438210
1286741299085836294
1286741321118552067
1286741377934675968
1286741431151988737
1286741995185209344
1286742009361965061
1286742196125749248
1286742240015142912
1286742492487077888
1286742747844685826
1286742750881370113
1286743065135202304
1286744018118836224
1286744030425088000
1286744031771295744
1286744411058118656
1286744592306642944
1286745231866683392
1286745365723648000
1286745557353078789
1286745591511281664
1286746018587934722
1286746138318639104
1286746231444770817
1286746406867415042
1286746598781984768
1286746605710913538
1286746639504478209
1286746652984909828
1286746667748691968
1286747009999929345
1286747138492370945
1286747258655059969
1286747427798749184
1286747767038148608
1286748200792141831
1286748258585518081
1286748263345827840
1286748661557362693
1286748872547631105
1286748944547160070
1286748996384493568
1286749081910509574
1286749180711469056
1286749205172633600
1286749306079326208
1286749691485532163
1286749772091662336
1286749824218550272
1286749863707803651
1286749864215416837
1286750187189305345
1286750344265920512
1286750471600975873
1286750645148504064
1286750942818267136
1286751020127748098
1286751809521045504
1286752008184176643
1286752040803278848
1286752146667368448
1286752147686608896
1286752151193006080
1286752152283525120
1286752535798112256
1286752650021801984
1286752784398745606
1286753190726316033
1286753213782335491
1286753387413999616
1286753589566767104
1286753673205305344
1286753704515903489
1286754109937287168
1286754254225473536
1286754709483577344
1286754716806832128
1286754868779200512
1286754919559520256
1286754951725821952
1286755015894409216
1286755107502280704
1286755327355035649
1286755401749454849
1286755986439471106
1286756111463460877
1286756375935188992
1286756679032463360
1286756976907522048
1286756981475282946
1286757210845073408
1286757561816035330
1286757680862789635
1286757876246228992
1286757902968029185
1286758075311980547
1286758232107757568
1286758232850075648
1286758425553022976
1286758824079167488
1286759347356422146
1286759413290807297
1286759537337339904
1286759714030845954
1286759766841204736
1286759825993588736
1286759999407099913
1286760294396510208
1286760518418599943
1286760673465139200
1286760874191937536
1286760974276612096
1286761041594953729
1286761358973964289
1286761465324515328
1286761556135407616
1286761750671568897
1286762018159185921
1286762574458040320
1286763243713646592
1286763461234614272
1286763480993931267
1286763515525632000
1286763960142835712
1286764306097295360
1286764358417162240
1286765008043618304
1286765126184574978
1286765159600590848
1286765183487156224
1286765208120242176
1286765417055137792
1286766051187994629
1286766387936088064
1286766478117789699
1286766600771772417
1286766773057052672
1286766780728389632
1286766998370709504
1286767023234613249
1286767274200686592
1286767771888607235
1286768056304377856
1286768059726868483
1286768125778604032
1286768420403503104
1286768522807320576
1286769617348829187
1286769975466885123
1286769985243607040
1286770099819384832
1286770184271912961
1286770257991012352
1286770881558122497
1286771245879631872
1286771407674802176
1286771584431251463
1286771910228037642
1286772142814748675
1286772388655497217
1286772847386546176
1286772936435798016
1286773104556019713
1286773193760477184
1286773231240785923
1286773270050680832
1286773489429557249
1286773599035064320
1286773744564752384
1286773963419525129
1286774297403375618
1286774397529993216
1286774447018516486
1286774455084228613
1286774825516699648
1286774951932911616
1286774976159285248
1286774995335643136
1286775185308291074
1286775784741449730
1286775948122165250
1286775997321404416
1286776452449554432
1286776452046708738
1286776473127227393
1286776573316800512
1286776687758397441
1286776968210415617
1286777086133391360
1286777304316813317
1286777558034452483
1286778719646998529
1286779055770083334
1286779234892029954
1286779608608714756
1286779791379763200
1286779978680500230
1286780059982819328
1286780300522070016
1286780571075715072
1286780700880969729
1286781170466926592
1286781423496630276
1286781612701691904
1286781715340394501
1286781718024687616
1286782088398753792
1286782393236492289
1286782448584536066
1286782525591912448
1286782617745068033
1286782969491779585
1286783225457774599
1286783608246722560
1286783724797825024
1286783729713782790
1286783935695986688
1286784270468632582
1286784687571177482
1286784860267438080
1286784950365282306
1286785722389803009
1286786252772171776
1286786263966797824
1286786335064326146
1286786655677014021
1286786736715169792
1286787002919051264
1286787039237738499
1286787503526035457
1286787553883029505
1286787700746575872
1286787791343570947
1286787870724886529
1286788087465598977
1286788388041916417
1286788653960835072
1286789224453287937
1286789279478427653
1286789677677187072
1286789686917238785
1286790050714390528
1286790283825471488
1286790369795956737
1286790434921091073
1286790453367537664
1286791401624272901
1286791431504498689
1286791511456337920
1286791545262407680
1286791878130769921
1286792037497360384
1286792129214394368
1286792291600855040
1286792480583712772
1286792645818363906
1286792657910390784
1286792669306421254
1286792712302333952
1286792855164317698
1286792897694662660
1286792979936616449
1286792993928818694
1286793012102803467
1286793209142816768
1286793296367570947
1286793540228583424
1286793602987970560
1286794258880569345
1286794281827606533
1286794296537100292
1286794373150019584
1286794470156111875
1286794491274428417
1286794653577220097
1286795309985734657
1286795491238465536
1286795659908087814
1286795676953620480
1286795688593035266
1286795887851773954
1286796061772742656
1286796198389657601
1286796340102668289
1286796556881059842
1286796611767742464
1286796620798066690
1286796775039303687
1286796816411815936
1286796817544355843
1286796818638966785
1286796821776408577
1286796822481174528
1286797329303994370
1286797336199430144
1286797684276203521
1286797774168756233
1286797833891467265
1286797960995647495
1286798001890000898
1286798916055371789
1286798967708278787
1286799482009550853
1286799489504874497
1286799492805562368
1286799552444608514
1286800239601516544
1286800445948735493
1286800483127001089
1286800912309264386
1286800929413640195
1286801100612546560
1286801280388628480
1286801494940037121
1286801559880376321
1286802100517650433
1286802506035625985
1286802756871884800
1286803129653231616
1286803488845058048
1286803682542182405
1286803783083855873
1286803800704114691
1286804223934464002
1286804500569886720
1286804744183386112
1286804950522245120
1286805002011512833
1286805238041714689
1286805330979151873
1286805367792349184
1286805591244132354
1286805781606785024
1286805783238397953
1286805861957079040
1286805874976206850
1286806179272962049
1286806197312659456
1286806474417745923
1286806482516836352
1286806502959910912
1286806631070801920
1286806755482021888
1286806869340827648
1286807028346826753
1286807149675307008
1286807296560058368
1286807516031127552
1286807676412809216
1286807913391165440
1286807981896740864
1286808088847122433
1286808099475644420
1286808126641995777
1286808294787620865
1286808634035404801
1286809034088165376
1286809067885703168
1286809253928488960
1286809323008602112
1286809434610470912
1286809494853476354
1286810149273755648
1286810231595339776
1286810485027942401
1286810716637409281
1286811663916601351
1286811715896668161
1286812011494625282
1286812132336517120
1286812235365412864
1286813095306973184
1286813331622432774
1286813573725982722
1286813886629457922
1286814183292510208
1286814309784391680
1286814547664404480
1286815060015407108
1286815077694345218
1286815124045680640
1286815593476141059
1286816075167014914
1286816215609090049
1286816218561814531
1286816273284956162
1286816733479788544
1286816922126950401
1286817012275130368
1286817065802838020
1286817192646975489
1286817342283034630
1286817552899940354
1286818102777384961
1286819043907862530
1286819077617573890
1286819554128166914
1286819792385708033
1286819971721551873
1286820197823807490
1286820538170540037
1286820613257072640
1286820906300395520
1286820912214487045
1286820973824663558
1286821195787186178
1286821244231462912
1286821332454387712
1286821404797800450
1286821748491550728
1286821854460559361
1286821861582503939
1286821865407672322
1286821879513137152
1286822383677059074
1286822424764469248
1286822757913604097
1286822864193089536
1286822950465933317
1286823056154005506
1286823139352207362
1286823474770542592
1286823636146544642
1286823796578693121
1286823937813422083
1286824146203271175
1286824180642652161
1286825300412764160
1286825468964900864
1286825904136691712
1286826046487224321
1286826181204086788
1286826762601603073
1286827137916235776
1286827406951460864
1286827565559115776
1286827584471343104
1286828256017240064
1286828552592207872
1286828675787362305
1286828707546640385
1286829230953824257
1286829250314633217
1286829274096271361
1286830027909353480
1286830616936415233
1286830850429063168
1286831703529590784
1286831815882407936
1286831855455670273
1286831987508908032
1286832125858254848
1286832702902145024
1286832736028758022
1286832926534107136
1286833082213920768
1286833203471421440
1286833277672792064
1286833426381774849
1286833526697058305
1286833731777564673
1286834390073520129
1286835033697705985
1286835035807592452
1286835315257167873
1286835321330638848
1286835359096152064
1286835371368685569
1286835441015099397
1286836021255114752
1286836144152305664
1286836151291121664
1286836440371023878
1286836481202499584
1286836638388310016
1286836643098497024
1286836822870568968
1286837037929308167
1286837178841128966
1286837661651603456
1286838340432433154
1286838541167853570
1286838948350824453
1286839173102460928
1286839227876085760
1286839425662623749
1286839448915849218
1286840323260506113
1286840340641546241
1286840359583010816
1286840766766231553
1286840854796173312
1286841853418057730
1286842772503302144
1286842888337358848
1286842935254773760
1286843042901774338
1286843368136376327
1286843730981355521
1286843986422923264
1286844175288274945
1286845101935939585
1286845303602073600
1286845490928132096
1286845762945650689
1286845977958191104
1286846141800370176
1286846628503195648
1286846658345676802
1286846901325721600
1286847024583847938
1286847747371536395
1286847938908631041
1286848006181081088
1286848209948749824
1286848382560952325
1286848733813051393
1286848916235878400
1286849005356552192
1286849241533550592
1286849605834084352
1286850235269091328
1286850522486579200
1286850654242308102
1286851785035055105
1286852310128365573
1286852452109746176
1286852767395520514
1286852790749364232
1286852806234824704
1286853106551193602
1286853276084793346
1286853719498334208
1286854510766301185
1286854945057247232
1286855096320524288
1286855183276765186
1286855224754180096
1286855365452234752
1286856328854478849
1286856329957580800
1286856365160497152
1286856445154283521
1286856777166979073
1286857264436056066
1286857534876397568
1286857803362074626
1286858564246609925
1286858737089683459
1286858744370888704
1286858769398476801
1286858895546343425
1286858952248946688
1286859577644986368
1286860047025397766
1286860195944112128
1286860196510404609
1286860319625826304
1286860390132060161
1286860434407149568
1286860508117848064
1286860968929230850
1286861031944228864
1286861103075663872
1286861335763058689
1286861426871730177
1286861625295802371
1286861760146923525
1286861929957531654
1286862119250595841
1286862150296903685
1286862409714606080
1286862955095760896
1286863067058507776
1286863155319255044
1286863306385391617
1286863661500375041
1286863677572997127
1286863737341784064
1286863948126605314
1286864369029185536
1286864739960647680
1286864859087417344
1286865509670178816
1286865614829694976
1286865706500395008
1286866449806405633
1286866491850338304
1286866508065525766
1286866922458447872
1286867037701074945
1286867042579046401
1286867342446796800
1286868462653112320
1286869216054972417
1286869519839813634
1286869585833140228
1286869614065000449
1286870140676722688
1286870303612841984
1286870554859929603
1286870648153870338
1286870755838431232
1286871131652345857
1286871230222446593
1286871353023496194
1286871491217244160
1286872101337444355
1286872498542383104
1286873047333470209
1286873506899202052
1286873523659714566
1286874006495297541
1286874235240173568
1286874549066162177
1286875284264845313
1286875303160229888
1286877322952482816
1286877418527965184
1286877468100419586
1286877503462801410
1286878095081902080
1286878781706137600
1286879012900311041
1286880018665283584
1286880813854924801
1286881725809741825
1286881760387768320
1286881784999940097
1286882134427406341
1286882203218173955
1286882332163682305
