1283261211417677824
1283261333123690497
1283261516335190016
1283262469763469312
1283262955073789952
1283263324445007872
1283263505710419969
1283263529232015363
1283264453530746880
1283265187663892481
1283265291229765632
1283266009785344000
1283266174164369410
1283266706450849793
1283267210492993537
1283267677327327232
1283268673302601728
1283268899149164547
1283269038999732224
1283269614638686208
1283269736348790784
1283270146853949440
1283270271798050817
1283270663629942784
1283270727915974656
1283271212487991296
1283271593876168704
1283271594966757376
1283272214503030784
1283273193428402176
1283273585008631808
1283274196387233792
1283274365786820609
1283274907401453574
1283276380705349632
1283276635601547265
1283276670166872064
1283276904276135937
1283276998442455041
1283277158983630849
1283277623464845312
1283277812858789888
1283278020946599936
1283278133571883008
1283278508790124544
1283278810046238721
1283278815599325184
1283279014677721093
1283279022097485831
1283279116666417153
1283279179811893248
1283279189798539264
1283279667181559808
1283279689583333379
1283280049525993472
1283280244049207299
1283280519686270976
1283281161121234944
1283281642610724864
1283281934299406338
1283282060682170368
1283283019386609664
1283283031709581313
1283283663963160576
1283283779252084736
1283284136489291777
1283285445942693888
1283285476284207104
1283285901859270658
1283286189835837440
1283286191064801280
1283286953358696448
1283287133499736064
1283287416653205506
1283287623243571202
1283287629598007296
1283287751337664512
1283288344722649090
1283288408899547137
1283288662290178049
1283289255477944320
1283289379830718464
1283289732622036993
1283290126206922757
1283290311050002433
1283290545050140677
1283290887691403264
1283291052154249217
1283291801206521857
1283292018106675200
1283292395015221248
1283292478913703936
1283292617455931393
1283292857940533248
1283293314192637955
1283293417242456064
1283293427547996161
1283293545688961028
1283293789818322944
1283293967371710464
1283294405147930624
1283294719506878464
1283295200891330560
1283295491724242944
1283295494379155461
1283295656879304704
1283295769181601792
1283296066654347264
1283296140595798017
1283296147352825856
1283296360360562693
1283296370942607366
1283297200018272256
1283297273422774273
1283297551630962688
1283298266210336768
1283298488395149312
1283298674920095746
1283298715000766470
1283299533355614210
1283299534899159041
1283299668626153473
1283299721935761408
1283300002002087936
1283300218700611584
1283301030122274816
1283302227034152961
1283302320198094849
1283303344694595585
1283303543957524480
1283303584713576456
1283303614803374080
1283303718524538885
1283303761776119808
1283303843284111361
1283304139485859845
1283304530180886531
1283305605294370816
1283306221089566720
1283306409627721728
1283306578737864704
1283306700301373443
1283306816760418306
1283307032414769152
1283307056766820366
1283307671123304449
1283307699908669440
1283307822004924416
1283307980851683328
1283308101290999808
1283309136520843265
1283309430956851200
1283309625752924160
1283310234052722688
1283310411878739968
1283310594192367617
1283310702434947072
1283310848417595395
1283310907305660422
1283311350047891456
1283311459913601026
1283311583675011075
1283312071732535297
1283312273147285504
1283312680351289344
1283312699141754882
1283312746558377986
1283313252869513219
1283313372969066497
1283313563986092033
1283313667593744384
1283313786078867456
1283314119114981384
1283314179592663040
1283314259833827328
1283315285139886080
1283315441570582529
1283315682998800384
1283315751156240386
1283315752322207744
1283316854736351232
1283318004982456320
1283318368347578368
1283319275328069632
1283319587115798529
1283319907518566402
1283320755988557825
1283321153696813056
1283321355505668096
1283321441707008001
1283321711669260288
1283321811124596737
1283321890719838208
1283321914371579904
1283322665713807361
1283323179017142272
1283323184620744705
1283323562762342400
1283323841163517953
1283324359839539201
1283324782407290881
1283325188013264897
1283325423103938560
1283325783273099265
1283325797500104704
1283326170981859329
1283326316046176256
1283326916859006976
1283327496612708353
1283327561515372546
1283327598664220672
1283328059731582976
1283328077855166465
1283328476330762240
1283329243821289474
1283329332455321600
1283329336062468097
1283329742515601408
1283330032996192257
1283330036792164357
1283330166996049921
1283330819277422592
1283330842123698176
1283330930770276353
1283330993030434816
1283331094100742145
1283332087492366336
1283332149370925056
1283332736166645760
1283333390410715136
1283333547298709504
1283333914422124550
1283334007443390464
1283334025197879296
1283334393050943488
1283334603437113344
1283334648731521024
1283335507183726594
1283336378751897601
1283336508305358850
1283336697749676033
1283336964373196800
1283337074171576320
1283337569263124480
1283337670786199553
1283337815024193544
1283338053633925121
1283338107568353281
1283338209603334145
1283338438004154368
1283338853819002880
1283338871216852995
1283338983838187520
1283339454246260739
1283339505290944514
1283340079759597569
1283340618253516802
1283340747824128001
1283340775359733762
1283341121863716869
1283341405138620416
1283342130551955458
1283342490720862208
1283342589949861888
1283342762956513280
1283343027302543360
1283343489195900939
1283343571018375168
1283343601821507586
1283343785313865730
1283343995179954182
1283345146520756224
1283345326057951234
1283345471306637313
1283345526914723840
1283345580253540352
1283345580505198592
1283346667702452224
1283346713802166279
1283347235175108610
1283347547336122368
1283347657369571332
1283347702940684288
1283347716064632832
1283347952652754944
1283348173637984256
1283348688916615168
1283348724408713217
1283349058963333121
1283349832132960257
1283350556774367232
1283350645035208710
1283350745077575680
1283350817387552771
1283350855194992648
1283351032001683457
1283351112293244928
1283351205310345217
1283351303494742017
1283351363787935749
1283351366979772416
1283351367956996096
1283351455198580738
1283351463931117568
1283351589328166918
1283352142376566786
1283352233510342656
1283352708137787392
1283352789431787520
1283353028213514241
1283353677999345665
1283354340510629888
1283354373553364996
1283354472866078720
1283354550016016389
1283354958398730240
1283355110538649600
1283355118713409537
1283355169074315269
1283355625494216704
1283355664765648897
1283355750228807680
1283355794789015554
1283355847431774208
1283356051132354560
1283356260889513985
1283356397355204609
1283356398462488576
1283356615945736200
1283357115374014465
1283357536108851200
1283357574247542784
1283357575988359168
1283357942406766592
1283358346381230082
1283358417504083969
1283358591064461314
1283358609011888129
1283358885068312582
1283359127247499270
1283359469058117632
1283359660196724742
1283359709936750592
1283359742027587585
1283359974438121472
1283360031023550465
1283360115865931777
1283360405377736706
1283360594402275328
1283360729643601920
1283360804868362242
1283361482911158272
1283361679758237701
1283361688796962816
1283361840333021186
1283362013201281024
1283362201982697473
1283362314130018305
1283362336158494721
1283362703923453953
1283362942755405831
1283363193646186498
1283363485204844544
1283363538824830977
1283363726402433024
1283363764579041280
1283364015780048896
1283364301651288064
1283364459419926531
1283364823544115200
1283364872495878144
1283364920457932800
1283365419177447424
1283365488182140929
1283366224336957443
1283366515950211073
1283366737329651714
1283367341527457792
1283367593349349377
1283368444633677832
1283368747344883715
1283368759843946496
1283368769973190657
1283369037850980352
1283369613800148992
1283369749448142849
1283370152612880384
1283370387963699200
1283370426295615488
1283371136168988672
1283371315106390016
1283371448980176898
1283371875855458305
1283372135872954369
1283372611234336770
1283373073274744835
1283373113380450304
1283374136211812354
1283374528597557249
1283374548876816386
1283374570188177410
1283374749872087040
1283374766079057920
1283374789047062528
1283374881414041602
1283374996597792769
1283375002583269377
1283375667623743488
1283375780404199430
1283376948388012032
1283377059683803137
1283377260309905408
1283377260309905408
1283377584068329476
1283377711524777984
1283378127629160448
1283378274543050752
1283378352896856064
1283378525513428992
1283378570656575489
1283378622271807491
1283378634577907717
1283378721618104328
1283378832494362627
1283378976917008384
1283379099684220928
1283379501498540032
1283380714118012931
1283381267480940546
1283381300070670338
1283381347575312387
1283381707673145350
1283381812631306242
1283382086083194880
1283382229264068609
1283382252810858504
1283382291750776833
1283382760027992064
1283382949723897856
1283383360891559938
1283384454875164675
1283384845717188608
1283384867439476738
1283385000109506560
1283385037652742147
1283385316133310470
1283385957211762689
1283386067056566272
1283386078683189250
1283386279044972544
1283386594259427328
1283387198264549377
1283387627467689985
1283387715325702146
1283387816093847557
1283388210119311361
1283388607600844802
1283388663473283073
1283388698768240645
1283388921901051905
1283389144744566787
1283389329562361859
1283389514795319296
1283389647645822977
1283389745700184064
1283390678576197632
1283390755730382849
1283390864543436800
1283390876635377664
1283391350109609984
1283391401074593800
1283391472100941824
1283391886498181121
1283392035534393344
1283392230758260739
1283392320184909824
1283392738046738435
1283393234014699525
1283393825361321986
1283394030957522944
1283394665044152320
1283395023648649223
1283395154590732288
1283395453623709698
1283395470509965314
1283395574763528195
1283396702121209857
1283396720156717056
1283397360312352768
1283398064666009601
1283398380161347585
1283398485115641863
1283398579374231552
1283398631446413313
1283399676612542465
1283399805985681408
1283400087381708800
1283400288959893507
1283400660956979202
1283400842448535552
1283402000567283718
1283402057551052800
1283402112521691136
1283402264527470594
1283402431607578627
1283402826505269251
1283402842083139584
1283403026682785793
1283403040423211011
1283403123541901312
1283403162099974145
1283403588669235200
1283405094508269568
1283405543961497602
1283405804754702338
1283405854780256256
1283405861843419136
1283406034896408579
1283406088738680835
1283406852957429761
1283407032050225153
1283407175763845125
1283407177051525120
1283407275814719488
1283407356030791680
1283407801293963266
1283407908680671233
1283407917635403776
1283408408213893123
1283408551210344450
1283408795482423296
1283409548796100611
1283409856435650565
1283410203145383942
1283411101837938689
1283411553866350592
1283412109095833601
1283413500686032897
1283414095534985217
1283414130356031495
1283414452965011458
1283415634634698753
1283415647716732928
1283415672727502849
1283416083450474496
1283416289885790209
1283416472627355650
1283416847988273153
1283416894230470659
1283416914627362816
1283417549494001664
1283417783330471937
1283417922204045313
1283417929455792129
1283417954256855043
1283417967791878145
1283418145563176960
1283418187061698562
1283418797404123137
1283418912223375360
1283419058193330176
1283419413815926784
1283419549380091905
1283419931124600832
1283420349506424834
1283420363246809089
1283420407807332352
1283420693711872000
1283421353299685376
1283421423357263872
1283422357948964864
1283422694046867457
1283424334233718785
1283424468434513921
1283424543693037568
1283424652858097664
1283424862682394624
1283425023575961603
1283425178492559360
1283425348806418433
1283425577043660802
1283425757310717952
1283425785160794117
1283425797483749377
1283426058474315776
1283426121783087110
1283426737519390720
1283426898387886080
1283427156736061441
1283427795511775233
1283427915661668352
1283428244490944513
1283428545621102593
1283428604446031873
1283428717461569537
1283428880838254594
1283428924152786944
1283429228286038016
1283429418766077952
1283429677277872128
1283429758374748162
1283430773580800000
1283430899225329666
1283431456744890368
1283431846416658433
1283432348709785600
1283432500229005312
1283432638682988546
1283432739920912386
1283433117487968256
1283434215690981376
1283434266693644288
1283434506159108097
1283434795599626240
1283435105458040838
1283435675400810502
1283435676545896449
1283435684884185090
1283436044315242496
1283436082084720640
1283436435610071045
1283436452072890368
1283436636697698304
1283436825223344130
1283436866918739971
1283437689304502272
1283437831482900480
1283437897937453056
1283438167106953216
1283438292667703297
1283439047340425217
1283439698375999488
1283439794031415296
1283440390574452736
1283440583713923078
1283441266282369025
1283441505965879299
1283441836913127424
1283442194460880896
1283442239591657472
1283442531364110336
1283443200842174464
1283443360691257344
1283443988519739392
1283444470755852289
1283444476778885121
1283444484139671554
1283444497066668032
1283444847903477760
1283445151768010752
1283445445231075330
1283445603847020544
1283446183445372929
1283446262956785665
1283447344227184640
1283447407980797960
1283447449680519168
1283447853399105536
1283448284334391297
1283448649649983496
1283448695497859072
1283448892147851268
1283449022938849282
1283449030199013377
1283449802211184642
1283450084437504001
1283450170710142978
1283450293364101121
1283450516299628545
1283450519550230530
1283450933985370116
1283451072699346946
1283451095189262345
1283451165364170752
1283451756165378048
1283452453678022657
1283452638453837825
1283452761024143360
1283453162591064068
1283453233457967104
1283453309806948355
1283453479869177856
1283453645166714880
1283454315865296897
1283454373885087745
1283454386610548739
1283454915201904640
1283455069577510913
1283455351841525760
1283455686928560130
1283455914037608452
1283455967154311168
1283456195529859073
1283456324190314502
1283456512807952396
1283456705993506817
1283456978866536448
1283457020339904512
1283457063297966083
1283457616597979151
1283457880189022208
1283458240848822273
1283458304275087360
1283458363033092097
1283458506650259456
1283458602490122241
1283458703765766144
1283458920506433541
1283459286367186945
1283459394395611136
1283460083230400515
1283460714313797633
1283461597088948224
1283461677082644487
1283462314570784779
1283462922073788418
1283463132212494342
1283463333128085505
1283463396214661125
1283463530872791042
1283463533989105664
1283463646912352256
1283464181044387841
1283464789038182402
1283465213128454146
1283465581723897858
1283465740436164609
1283465748518588417
1283465749630119937
1283465842173317127
1283466189151375361
1283467175366406144
1283467636081401860
1283468021944778753
1283468064726581248
1283468597306765317
1283469129819860992
1283469683086315521
1283469767991410690
1283470439239614464
1283470500438605824
1283470656454221824
1283470844866568193
1283470862700761090
1283470991272955906
1283471437517520904
1283471785418207233
1283473172105326593
1283473525974548480
1283473609432928263
1283473654358183936
1283473730258309121
1283474614887362562
1283474682868637697
1283475009546137600
1283475169806352385
1283475584954200064
1283475957785870338
1283476314918252544
1283476330470834176
1283476482015272960
1283476641361125382
1283476821497921536
1283476990759231491
1283477094719160321
1283477475771678720
1283477597981216768
1283477703803338752
1283477832371335168
1283477878982807553
1283478193194901504
1283478616223907843
1283478821895839750
1283478943513710592
1283479301254307840
1283479368870879234
1283479425691025408
1283479955091992577
1283480013736685568
1283480155651035141
1283480438489702401
1283480484597702656
1283480547227054080
1283480576415195137
1283480840010256384
1283480841276977152
1283481536545751041
1283481625226084355
1283482542189039617
1283482988047740929
1283483641952141312
1283483868855775232
1283485013472882693
1283485244809601024
1283485532941627392
1283485843882078208
1283485906385674240
1283486179900436480
1283486199508762624
1283486381671616523
1283486635909435399
1283486885147488256
1283486951161712643
1283486955712503810
1283488218718113792
1283488267309142021
1283488292718116864
1283488611262844928
1283489182350864384
1283489551609147392
1283489665518051328
1283489676725288960
1283490017990586371
1283490029797613568
1283490323281244161
1283491539172364288
1283491757213155331
1283491816495611905
1283491862314196995
1283492252988379139
1283492487043207169
1283492689904840704
1283492864903847943
1283493655546863624
1283493772085657601
1283494416804532226
1283494688046018560
1283494702457774082
1283494766311768064
1283494788067659778
1283495150321143809
1283495315333619713
1283495477569302530
1283495525795409922
1283495578765230084
1283495725486215175
1283495819077808128
1283495851294367745
1283496250105528321
1283496653090103296
1283497293614850056
1283497680409374720
1283498154592276486
1283498200486350852
1283498271957233666
1283498284183703552
1283498489893265421
1283498539188981761
1283499082351181824
1283499534774079488
1283499642529996801
1283500131514490880
1283500217459859456
1283500301711015936
1283500314671407105
1283501031515656197
1283501694832250883
1283502097942618114
1283502160320376832
1283502223922798596
1283502327043952641
1283502571039096833
1283502626991202307
1283503337653047297
1283503339460792325
1283503514996674560
1283503538774122498
1283504101435768832
1283504504285958145
1283504617163292674
1283504958353137667
1283504981648146433
1283505021871628289
1283506052391043072
1283506115968413699
1283506598837616642
1283506823539167234
1283506849363316737
1283506866023280640
1283506942690971649
1283506961565339648
1283507885608239106
1283508153984966662
1283508180459425809
1283508714901733379
1283508962135089154
1283509265957781505
1283509734482554888
1283510539461640192
1283510667065032705
1283510834443026432
1283511189436276738
1283511270692532230
1283512213081399301
1283513715564789760
1283514481893683202
1283514537187188736
1283514742330593280
1283515195298463744
1283515348084555784
1283515510085292032
1283515573435920384
1283515700099907585
1283515703514009600
1283516830884274176
1283517146191073280
1283517189568380929
1283517323291373569
1283517839136055296
1283518273582239745
1283518644161400832
1283518736360775680
1283518874051387405
1283518991793782785
1283519009074413575
1283519616506044418
1283519753940860929
1283520475780599809
1283520544130957314
1283520600032645121
1283520627106881537
1283520652427890688
1283522121856057347
1283522149840560129
1283522406607355904
1283523244918747138
1283523803780456448
1283523836604973057
1283524179082584066
1283525384126951424
1283525384575696896
1283525388707041280
1283525552545177602
1283525795672215555
1283527065430622209
1283527343420604416
1283527589907267586
1283527645976616961
1283528358031011840
1283528514302431232
1283528613589999616
1283529427457015810
1283530118976151553
1283530212005879813
1283530299612303361
1283530403505209346
1283530450242285569
1283530597902647297
1283530625883021316
1283531436016889856
1283531500294676485
1283531964289441793
1283532737983524864
1283532756736245761
1283533149990006784
1283533268613308416
1283533406538616832
1283533446435004417
1283533487362969600
1283533836274601984
1283534347115560970
1283535328251449350
1283535332928098306
1283535420450635776
1283535422438748161
1283535600646316036
1283535669898489865
1283536290915459073
1283536401242427392
1283536490585296900
1283536586949324800
1283536784949903360
1283537710708338689
1283537719759691776
1283538293544701952
1283539019293483014
1283539511893528580
1283539726968983552
1283540245800202245
1283540394341523459
1283540857304612865
1283541005581651978
1283541628741914625
1283542011405053958
1283542214577201153
1283542239914807296
1283542723073646593
1283542987394494466
1283543270228930562
1283543557572145152
1283543608168255488
1283543956148690944
1283544232645537794
1283544589161443331
1283545263014137857
1283545767903236096
1283545914607644674
1283546042521325568
1283546242556067840
1283546259836542977
1283546372399149058
1283546652167602176
1283546680068120578
1283546691279306755
1283546749433511937
1283547810801967105
1283548168001470464
1283548278043185152
1283548556394192902
1283548827715338241
1283548952734859267
1283549047253540864
1283550243070631937
1283550738275344384
1283551456079917056
1283551528524173314
1283551532902944770
1283551659554004992
1283551882644865024
1283552567125921792
1283552817026863111
1283553318728544258
1283553418334867456
1283554023644241921
1283554033089691648
1283554252669906945
1283554450129518600
1283554459524587520
1283555112770625536
1283555131292884994
1283555184975720451
1283555708219224064
1283555709397819392
1283555710530281472
1283556190836981763
1283557436230709248
1283557884446625792
1283558260143009794
1283558312508903425
1283559216284868614
1283560152457777152
1283560316731887617
1283560507702743043
1283561414356074499
1283561749375905793
1283561750529359875
1283561751661797380
1283561875448442881
1283562460667150336
1283562719438921730
1283563347154096128
1283563364195729409
1283563699689619458
1283563729293058048
1283564771837652994
1283565275548471300
1283565435972132867
1283566309423415296
1283566525912211459
1283566589846183937
1283566673228967936
1283566745748410368
1283566871103639552
1283567541885919232
1283568158062911490
1283568158868201480
1283568187909562369
1283568387743010817
1283568657524817921
1283569079891132420
1283569248229404672
1283569779488497669
1283569902775873536
1283570056971026432
1283570519145668609
1283570716806275073
1283570935371464705
1283570937443446787
1283570942464200707
1283571017017942016
1283571062995849217
1283571112371277824
1283571432694390786
1283571579901874176
1283571601678770176
1283572097172877312
1283572466221289474
1283572498450264069
1283572520705286144
1283573547735154690
1283573712462032896
1283573899679211523
1283574212855304195
1283574743124242434
1283574818655424512
1283575095538180098
1283575167072043009
1283575274446045184
1283575584338010112
1283575875179630592
1283575933190975494
1283576730226028544
1283577266341986304
1283577737635082240
1283577737974816768
1283577746162102272
1283578357813313543
1283578412918099968
1283578738614181889
1283578921280245761
1283579805934522368
1283579854865272832
1283580030833000453
1283580286463348737
1283580615816773632
1283580857681432577
1283581143984594952
1283581427855110145
1283581793782894592
1283581935097221120
1283582232687337473
1283582242359521280
1283582245048143874
1283582556403900423
1283582602079764480
1283583320446717952
1283583920089505793
1283584670714732545
1283584717791666176
1283584915292987392
1283585343682486273
1283585375416602625
1283585660603863040
1283585663309238273
1283586074439299076
1283586776582545414
1283586810501902337
1283586865875083265
1283586865900269575
1283587581863759878
1283587806577729536
1283588132462616576
1283589203389972481
1283589221014544391
1283589686095577095
1283592611463225344
1283593355969138696
1283594155306790913
1283594522803478530
1283594593934757888
1283594745256738816
1283594961162625025
1283595146647547905
1283595202528256001
1283596710019768321
1283596862793146369
1283597132352479232
1283597392634351616
1283597718384934912
1283598322876534786
1283598531429900289
1283599404457394178
1283599852983717890
1283599884847915010
1283599930733416448
1283600752384937984
1283600757166465024
1283600759611813889
1283601230137364480
1283601350597783552
1283601469288124416
1283601893118353409
1283602869908905984
1283603247652110336
1283603587231363072
1283603804332662784
1283604519688044544
1283604930641592320
1283606425487409152
1283606851624501249
1283607012421431296
1283607416920313856
1283607904608595970
1283608191176249346
1283608793016946690
1283608831348678662
1283609160886542338
1283609222324932608
1283611078291677184
1283611412485427203
1283611523244371969
1283611659592966145
1283612278244483073
1283612345747550208
1283612630570033153
1283613102970474501
1283613168191905792
1283613209484828672
1283614071896576001
1283614076954869765
1283614207288717329
1283614606838108160
1283614695325405185
1283615149354561536
1283615383312830464
1283615683729698817
1283615855721410561
1283615856061104128
1283616018129129473
1283617256182894592
1283617526396661768
1283618102098395137
1283618189042233344
