1278907842590904322
1278907926942531585
1278908351431180289
1278908369970122755
1278908771423653888
1278909129931624450
1278909586892718081
1278909682011254785
1278910124627759105
1278910309944774659
1278910344149295104
1278910699255848961
1278910953992663041
1278910997063970817
1278911183286939653
1278911547574816770
1278911904736370689
1278912080582717440
1278912391951114240
1278912679692943360
1278912742842220544
1278912743932715008
1278912744956162050
1278913051371229184
1278913620282421249
1278914189965299713
1278914483755286528
1278914704153305088
1278915046324809729
1278915126293229573
1278915423019438080
1278915829854343168
1278915850473480192
1278915945700954112
1278915997425119232
1278916185535516672
1278916516436721664
1278917397450285056
1278917973990924288
1278918080157155328
1278918403172921350
1278918685474914306
1278919079475150849
1278919567834853378
1278920076100620288
1278920170665320448
1278921238430093312
1278921275965091840
1278921416822403072
1278921802530672640
1278921849448083458
1278921947426897920
1278922421815382016
1278923057596268545
1278923222587670530
1278923294998253568
1278924054372679680
1278924087130066944
1278924237022126086
1278924542640033793
1278924567222743040
1278924638031134721
1278924737272598535
1278924947893739520
1278925190873972736
1278925239930327040
1278925508596707328
1278925616600014848
1278925906589990913
1278926409168228353
1278926591846907904
1278926860903043072
1278927218962464768
1278927224138334210
1278927824154431490
1278927843750080513
1278928429744713728
1278928651778695168
1278928823770284037
1278929470850772992
1278929701453660162
1278930154258038784
1278931509286756352
1278931655928041473
1278931712580423680
1278932600871178243
1278932635105005569
1278933366864261126
1278933776249360384
1278933840141172736
1278933894193205250
1278933974417412096
1278934086128721921
1278934428627218432
1278934897508397056
1278935200412708864
1278935419728650242
1278936141698404352
1278936465704022016
1278937130090270721
1278938021111496705
1278938029919399936
1278938694150307846
1278939412865449984
1278939562438537216
1278939643992571909
1278939916412481538
1278940023010856960
1278940575039991808
1278940871975714816
1278940904355700736
1278941054402654209
1278941056633982977
1278941803954176000
1278942703401742336
1278942812684210176
1278942943550767104
1278943089810382848
1278943454626799616
1278943465452306434
1278943712811376641
1278943896194744320
1278944457463906306
1278944533552734208
1278944539324092416
1278944580281524230
1278944672753364996
1278945110177263621
1278945251890266112
1278945707534299136
1278946034773831681
1278946080370106368
1278946119431720960
1278946313250443264
1278947029566308354
1278947241923801089
1278947549110468608
1278947632820498435
1278948076187721728
1278948843485159424
1278948977048784896
1278949234243522561
1278949350408892416
1278949417312231424
1278950059539935232
1278950464848003072
1278950760710094849
1278951215339048962
1278952106599251968
1278952193840857088
1278952755923759104
1278953024434647040
1278953391184662528
1278954146998235136
1278954219224137728
1278954727368273925
1278954944800923648
1278955107023978502
1278955212036849664
1278955294782042113
1278955546889068544
1278955586478989313
1278955656297492480
1278955748316327938
1278955816645689344
1278956473578655744
1278956512480763904
1278956535138353152
1278956556827217920
1278956598275211264
1278956761349795840
1278956863946665984
1278957447642779648
1278957659601858562
1278957660734287872
1278957705332490240
1278957808717791232
1278957928662347776
1278958155934904326
1278958325451952128
1278958886242967552
1278959734729695232
1278959929978576897
1278960358141689856
1278960431432970241
1278960836816646146
1278961635844112384
1278961871400382470
1278961927725690882
1278962044830654464
1278962061414817792
1278962123532570624
1278962315476361219
1278962440064004097
1278962441783631879
1278962734898581504
1278962950674329606
1278963011080925185
1278963657066627073
1278963943839498240
1278964156729786371
1278964165173018627
1278964713544654849
1278965041925062661
1278965220640124931
1278966390645329920
1278966433469403138
1278966475902992384
1278966628168933376
1278966632912687104
1278966802123382784
1278966840832806912
1278966882863919104
1278966888064835591
1278966979286708224
1278967056935895045
1278967315174957057
1278967509522223104
1278967715512885248
1278967847709036544
1278968449126084609
1278968655196426241
1278969284446892032
1278969542472073216
1278970131377524736
1278970201086865408
1278970493886967808
1278970596890640384
1278970685352796161
1278970921177567233
1278970962034200579
1278971153776771078
1278971817009582080
1278972091811991557
1278972192781410304
1278972624387923969
1278972888855400448
1278972925685706752
1278973247451623424
1278973554432892929
1278974357650337792
1278974395042553857
1278974693366738944
1278974836593831938
1278975918602629121
1278975984407101441
1278976111838482434
1278976249365442562
1278976255799496704
1278976971272314880
1278977148578140160
1278977283777343489
1278977360100880385
1278977375816970240
1278977437276266496
1278977805666013185
1278977856069152769
1278978140526673921
1278978169245241344
1278978330184867840
1278978456852840448
1278978500167372807
1278978669982203904
1278979280156925954
1278979502153052162
1278979695275458562
1278979875928526848
1278979938205433857
1278979995587788805
1278980337935233024
1278980533406449664
1278980720657121280
1278980744329621506
1278980873195532294
1278980927121756162
1278981695241433088
1278981712802992129
1278981829345906688
1278981886522601472
1278982296771723264
1278982407656558592
1278982434361499648
1278982449742184450
1278982484466692096
1278982534731358213
1278982903888830464
1278983030011580420
1278983765713248260
1278983805055963138
1278984009972961280
1278984053136465920
1278984470218104833
1278984552539729921
1278984749088980992
1278984867938734081
1278985323083694081
1278985541107757056
1278986146471727105
1278986247990579201
1278986859633356800
1278986956311937024
1278987184834580480
1278987459351793665
1278987617304969216
1278987860197076992
1278987860280963078
1278987861258203137
1278987861396615169
1278988850942087170
1278988984438439936
1278989056857309187
1278989117158719488
1278989186020683776
1278989360382312449
1278989433828712448
1278989569942306816
1278989702566215681
1278989774188089354
1278990016597942273
1278990212073492482
1278990234148048897
1278990432152752129
1278991396075159552
1278991516321660929
1278993061033492483
1278993245498781697
1278993367045677057
1278993740611321856
1278993881233862656
1278994840487956480
1278994848100450304
1278995404705669121
1278995625711894528
1278995657559289857
1278995698768384006
1278996174528221184
1278996365067116545
1278996780902998016
1278997177684111360
1278997183900024832
1278997339106086913
1278997354008453120
1278997366381654018
1278997430843977729
1278997706082586624
1278997911922229248
1278998301149364225
1278998711272603656
1278998728393842690
1278998771003777024
1278998785860022272
1278999004819456006
1278999030132092928
1278999282473992192
1278999503203381252
1278999598741274624
1279000008625283078
1279000496460750856
1279001652180275200
1279001708853710848
1279002048311197697
1279002372812005377
1279002716702781441
1279002831639511040
1279002902183305217
1279002969522999297
1279003216894713859
1279003479537745920
1279004239130505219
1279004305736024065
1279004454025605122
1279004645961187328
1279005155959230464
1279005546696380416
1279005645132500993
1279005774598021124
1279005788153970689
1279005963354345472
1279006165997891585
1279006319668854784
1279006534761091072
1279006749513658368
1279006910432280576
1279007037104455682
1279007374297182208
1279007637145899014
1279007855497093120
1279008073588396032
1279008169499516930
1279008323388334080
1279008537599934464
1279008688515284993
1279008829133463553
1279008876843565056
1279008998700843011
1279009161444024322
1279009344198246403
1279009389098254336
1279009516907102209
1279009761229508610
1279009927743356928
1279010016381599744
1279010439398141952
1279010500697894915
1279010628695441408
1279010807393779712
1279011110587445254
1279011153365123074
1279011537676533760
1279011818250403841
1279012148916523010
1279012555072176128
1279012796739522560
1279012922111508480
1279012962984960001
1279013100822433792
1279013406939377665
1279013436710694913
1279013660585844738
1279013859941142528
1279014301282557952
1279014327161196544
1279014330768351232
1279014508414066692
1279014541993619457
1279014736567377920
1279014768007876610
1279015152000655360
1279015265209114626
1279015996997558273
1279016092577476609
1279016204347355136
1279016332885757952
1279016457511329794
1279016458291425281
1279016666219843585
1279016971535880192
1279017024077824000
1279017095834013697
1279017229691035650
1279017354953965568
1279017509497253888
1279017564316864513
1279017682591875073
1279017714867191808
1279017921793138694
1279018123144945665
1279018338207838209
1279018530688643072
1279018776646823939
1279019129522003968
1279019214024704000
1279019310774657024
1279019346065588226
1279019796751888392
1279019901424893953
1279020613852692481
1279020989339312129
1279021054799671296
1279021248421527555
1279021263705513989
1279021506178084864
1279021657403928576
1279021817596981248
1279021894994362369
1279022753111330817
1279022800150450176
1279022804298588162
1279022937308348424
1279023011958587392
1279023101699854336
1279023200211517443
1279023628168945664
1279023787141464065
1279023812475052032
1279024002246287363
1279024176116842496
1279024343104675840
1279024598160375809
1279024706482515968
1279025175250468865
1279025685282070528
1279025767163322370
1279026027361193985
1279026030079074304
1279026118524362752
1279026334820372481
1279026373445771265
1279026809699352576
1279027184863186949
1279027323531137025
1279027466829430784
1279027489180995584
1279028565158187008
1279028615137464320
1279028667390312448
1279028683383148544
1279029372175998978
1279029480170938374
1279029559351009282
1279029626321371136
1279029754281287683
1279029874750115846
1279029915640365057
1279030455044575237
1279030720934088706
1279031337270366209
1279031439087013888
1279032118073384962
1279032138575249411
1279032222587195392
1279032394985734147
1279032417295237121
1279032664184328193
1279032792635133952
1279033418056114181
1279033637015638016
1279034164080230400
1279034303725305856
1279034367789215744
1279034927732981760
1279034949455265793
1279035157295628289
1279035171145158656
1279035473885880323
1279035729943891969
1279036043128422400
1279036133645615104
1279036169615900673
1279036261961998337
1279036711020957696
1279038279933976576
1279038922669142022
1279038936959123456
1279038963265810432
1279039088633339907
1279039474715037697
1279040083115589632
1279040449223802882
1279041102465597441
1279041119670673409
1279041731523117056
1279041827312553985
1279041929234337793
1279041951560462336
1279042160529149956
1279042269136519168
1279042324580962304
1279043448075583494
1279043452106420230
1279043506149998593
1279043853916360704
1279044060523749378
1279044291734765575
1279044304250515457
1279044780018851840
1279044840584630272
1279045045899816963
1279045539842138112
1279045587430715393
1279045621073285122
1279045789038317570
1279045966897831936
1279045997751123969
1279046073009438725
1279046303620763648
1279046320645459969
1279046357744070657
1279046773483462662
1279046775085707265
1279047248119083011
1279047365228400640
1279047374409658370
1279047620120494083
1279047646271987712
1279048232002256900
1279048676988477440
1279048749776601088
1279048779388289025
1279048955037392896
1279049106351165440
1279049311540654080
1279049324777943041
1279049519741595649
1279049681486700547
1279049814760583168
1279049906343329793
1279049985150136320
1279050274997444608
1279050381188890630
1279050674857226241
1279050836719665154
1279050956315992065
1279051003996880898
1279051421812490241
1279051434001158144
1279052453284020224
1279052453275729920
1279052631533654019
1279053030680416262
1279053330623401985
1279053595787382787
1279053802868523009
1279054491111882752
1279054820402515970
1279055472377630723
1279055560898314242
1279055581475680256
1279055716280565760
1279055995944292358
1279056110473883649
1279056353135398919
1279056578755387394
1279056995350446080
1279057414550142981
1279057537053196289
1279057690153672705
1279057922543308801
1279058015002427392
1279058061160845314
1279058159987032064
1279058554973048834
1279058727308533767
1279058848087597056
1279058900675899393
1279059288271532034
1279059544799412231
1279059893773877249
1279059960127582208
1279060338919354369
1279060584567377920
1279060978898890752
1279061057869352960
1279061297800400898
1279062045015580672
1279062475837591555
1279062478102528001
1279062560730427393
1279062887278002183
1279062929141387265
1279063026017210369
1279063249074425860
1279063529660784642
1279063541883047947
1279063715799851008
1279063773861556226
1279064025469521920
1279064557634359297
1279064636432801794
1279064745702641665
1279065117695475716
1279065190659764225
1279065935899439104
1279066222399815682
1279066298086014978
1279066665964040193
1279066813280722944
1279066972718870531
1279067044735070211
1279068217806381058
1279068235510484994
1279068290959228931
1279068382680059904
1279068933325234176
1279069180126547969
1279069410641281031
1279069710890536965
1279069732021420033
1279069887629897728
1279070070501715968
1279070911417716736
1279071044809220102
1279071424347435008
1279071791219007489
1279071830830178306
1279072052973113349
1279072253813153793
1279072443311800322
1279072526702972929
1279072660148936704
1279072698489081856
1279072912704667648
1279072933038735360
1279073314066096129
1279073351340883970
1279073516458041349
1279073926035865601
1279074270837178368
1279074605873926144
1279074682415677443
1279074897453559808
1279075165209591809
1279075748507246594
1279076455750778884
1279077179725434881
1279077324877524992
1279077606202265600
1279077806979321859
1279077861878640642
1279077917960671232
1279078022323351552
1279078045530423296
1279078112706416640
1279078424636796929
1279078430764654592
1279078772738793472
1279079458977263619
1279079480754081795
1279079883277287424
1279079884162244609
1279079942303690752
1279080108804972545
1279080293417332737
1279080381896175623
1279080428217958401
1279080515715379201
1279080747727544320
1279080926908239872
1279080968926748674
1279081044533301249
1279081393386029057
1279081464538292230
1279081945461383168
1279081979741442049
1279082013237149697
1279082014109564928
1279082017733435392
1279082056585224193
1279082094082301952
1279082874457686017
1279083474301923331
1279083715734503425
1279084122531561474
1279084206635642882
1279084254807326721
1279084271169179648
1279084312462331909
1279084317101232130
1279084345031036933
1279084358482214916
1279084422298402816
1279084702247329793
1279084873752260608
1279085009329164288
1279085125498699777
1279085192020361216
1279085416147300354
1279085772214280192
1279085960303607808
1279085961264148482
1279086196988293123
1279086468175192065
1279086942706155520
1279087277717798913
1279087562490097665
1279087658409627650
1279087877062897669
1279087914585067520
1279087965784981506
1279088137470455815
1279088139596959745
1279088241719853059
1279088560377925632
1279088606347493378
1279088607945535489
1279088753701793792
1279088757229195266
1279088759028494337
1279088761842872323
1279088807514722304
1279089022107824132
1279089153414582272
1279089294481731592
1279089508672307201
1279089718500548610
1279090159187722240
1279090309734043648
1279090340457259008
1279090347021340676
1279090348900454401
1279091144320847873
1279091147953049600
1279091149794349060
1279091328803123200
1279091429676068867
1279091526954627072
1279091668378148864
1279091710044372993
1279091745108738049
1279091776951853058
1279092117105569792
1279092119664300037
1279092310572036096
1279092311813545984
1279092509352824838
1279092643264331777
1279092668333731840
1279093040360161281
1279093061482680332
1279093581744091136
1279093704276484097
1279093996942495744
1279094278908715008
1279094293739831298
1279094311821299713
1279094407829032960
1279094440360099844
1279094541837090816
1279094655968215041
1279094707482529792
1279095104775557121
1279095405934981121
1279095514345148416
1279095657773629441
1279096023651168256
1279096224629633024
1279096534856921088
1279096785684713472
1279096857424265217
1279097185125228544
1279097311432372225
1279097638294618124
1279098227745263616
1279098421920632838
1279098468510732288
1279098704599879682
1279099889893421058
1279099953307168770
1279100346682478592
1279100362885156865
1279100444321763329
1279100728603217921
1279101265805443074
1279101273955074053
1279101485092143104
1279101509570043904
1279101531363647490
1279101539525758978
1279101686234132480
1279102007702405121
1279102116288532481
1279102296505360385
1279102331792101376
1279102577381179392
1279102578199089155
1279102678019301377
1279102695052398595
1279103534537957377
1279103550371450881
1279103777342095362
1279103861354086403
1279103997576728577
1279104193643655168
1279104318407311360
1279104664408121346
1279104885108215808
1279105073541513223
1279105133218054144
1279105217552945152
1279105220933541890
1279105619623018496
1279105728247201792
1279105845587054592
1279105910271627264
1279105995759923201
1279106013149294592
1279106079113261056
1279106224307478529
1279106244582785025
1279106248340840448
1279106757273493504
1279106815238778881
1279107424117456896
1279107598210469890
1279107879769948162
1279108417064493057
1279108585277001728
1279108593204301827
1279108600653328386
1279108686301052929
1279109149821984773
1279109234463031298
1279109419406516224
1279109449081372679
1279109454508756993
1279109627783905280
1279109668028256256
1279109851898150912
1279109948081942531
1279110313489698816
1279110442397437952
1279110452421615616
1279110585146376192
1279110769515180034
1279110911630946304
1279110964483362816
1279111139046154246
1279111181626736641
1279111902426267649
1279111914174377985
1279112384611844096
1279112933205856258
1279113022129213441
1279113420638322689
1279113610413907968
1279113751338385408
1279114054032928768
1279114210102960128
1279114332647948289
1279114569022144513
1279114927265980416
1279115132547858433
1279115324726575104
1279115374701809665
1279115647402770433
1279116134789394441
1279116176359149574
1279116390524477440
1279116815164203009
1279117136225382401
1279117736346599425
1279117993679749121
1279118249184112643
1279118259988684801
1279118583868596226
1279118662490865664
1279118874437353482
1279118916703453185
1279119049276960768
1279119350759403520
1279119708088868865
1279119745124630531
1279119895943356416
1279120534878461954
1279120574904582144
1279120589437964288
1279121144369623040
1279121155778129920
1279121275764592643
1279121486993854466
1279121679684440064
1279121868310474752
1279122195516665857
1279122501822377984
1279122844241268738
1279123244608618496
1279123390339612672
1279123432240799744
1279123488020840449
1279123533759688714
1279123755256741889
1279123780648996869
1279124055279513603
1279124112485597185
1279124234334322689
1279124275769880577
1279124389070585857
1279124396591009795
1279124491071864839
1279124535812468739
1279124871042068480
1279125428414877696
1279125480067805186
1279125588935086082
1279125898915086337
1279126068654374919
1279126117748740098
1279126204017147905
1279126490718838785
1279126763046604803
1279126955992862720
1279127026264391680
1279127286009094144
1279127328766001158
1279127505732059138
1279127518398873600
1279127681976676352
1279127957873795078
1279128028677918722
1279128041789313024
1279128122248527876
1279128264678813696
1279128364436070402
1279128464575037440
1279128471424446465
1279128523991638017
1279128651318153216
1279128658221957120
1279128674927812610
1279128767273807873
1279128831253712896
1279128905618731013
1279129553458229248
1279129980899864582
1279130004207648772
1279130306352607232
1279130717948006400
1279130762076397568
1279130946210422785
1279130949268144130
1279131094873333760
1279131111206109184
1279131455738839040
1279131640632094732
1279132291252404226
1279132319807344643
1279132375780335617
1279132408411942912
1279132796175265792
1279132836897980418
1279132861484990464
1279132944062275584
1279133038308405248
1279133238867513346
1279133321709182982
1279133591109156864
1279133602949799938
1279133615272660995
1279134097449811968
1279134124654112776
1279134343873671169
1279134355512836097
1279134497678733314
1279134729271271424
1279134992329826305
1279135088144519168
1279135112936992773
1279135571164770305
1279135712345051136
1279135848966078465
1279135992394461186
1279136091656814594
1279136667677462529
1279136817996984321
1279136826440155138
1279136991758729219
1279137181945270272
1279137469225525250
1279137469850464256
1279137470689370113
1279137532811321350
1279137616546365441
1279137722356154368
1279137877641719808
1279138006457364480
1279138104620843010
1279138282409000961
1279138877022838785
1279139221350109184
1279139764885741571
1279139987565543430
1279140059002920961
1279140147771170816
1279140220819079172
1279140394471755776
1279140626395623424
1279140708134334475
1279140860932902914
1279141026452520961
1279141292551929858
1279141460701478912
1279141827820638208
1279142772793061376
1279143128268705793
1279143228659376131
1279143498881654787
1279143514669006848
1279143554112258048
1279143850498547714
1279144057059639296
1279144518453915650
1279144754769526791
1279144779289247744
1279144863011876866
1279145175844032512
1279145238997741573
1279145435668627458
1279145743182430208
1279146057444790276
1279146439952732160
1279146571490365440
1279146716726538242
1279146761177587714
1279146849056800769
1279147047023710210
1279147106410942472
1279147293187416071
1279147421130465280
1279147507025616899
1279147941224165376
1279148064851267585
1279148674749063169
1279148679010504705
1279148849760808960
1279148967411015680
1279149108968685568
1279149514427940865
1279149592685219841
1279149852237103104
1279149869580640256
1279149924832079872
1279150577621045251
1279150842176843782
1279151033533546497
1279151584543477765
1279152041303121920
1279152112031666176
1279152281481510913
1279152324800319488
1279152339438501891
1279152356488331264
1279152374582439936
1279152427225186307
1279152453552754688
1279152643538116608
1279152803131412480
1279152951290925059
1279153028071919618
1279153838935719938
1279154155815424005
1279154207019458566
1279154263864815619
1279154570103590912
1279154631642361862
1279154633257242624
1279154793475379201
1279154986484670466
1279155087827337216
1279155442892058626
1279155610160955393
1279155671460646920
1279155816625508354
1279155896959016961
1279156182024937472
1279156296290308096
1279156397893193733
1279156695021821956
1279156747551354880
1279156786612723713
1279156789444063232
1279156927545643013
1279157003730989061
1279157003831648262
1279157084353945600
1279157687792611328
1279157847033511937
1279158136151126016
1279158434382913538
1279158450824544256
1279158459204874240
1279158609042169856
1279158645499080705
1279158652977532933
1279158739778461696
1279158764768198657
1279158768190672897
1279158838051115008
1279158858632491008
1279158871936778240
1279159032020971522
1279159037431554048
1279159148190601217
1279159238359683073
1279159465728770051
1279159564378742787
1279160085139402757
1279160091283947520
1279160170644492290
1279160376911974403
1279160509795905538
1279160754982326274
1279160846715949057
1279161016622989312
1279161059945914368
1279161651137179648
1279161700231589889
1279161758884728838
1279161830582206465
1279162036467843072
1279162396167163904
1279162564652535810
1279162625771913217
1279162636890894336
1279162979926376449
1279163219282669570
1279163306268413958
1279163371649208325
1279163376653000704
1279163468512444417
1279163469321965570
1279163501609725952
1279163588385681412
1279163869013913600
1279164216121925633
1279164520464887808
1279164538525569024
1279164714111688706
1279165060670160896
1279165301033185282
1279165791930331138
1279165945144016898
1279166352813686784
1279166443100295170
1279166660872675328
1279167279016611840
1279167373765992448
1279167376211218435
1279167417269153792
1279167419018211328
1279167479051362304
1279167647955906560
1279167864503767057
1279168006413787136
1279168370399678467
1279168426888626183
1279168523739312128
1279168760004427777
1279168768502042625
1279168775489818632
1279169347710267399
1279169498382241794
1279170222960840705
1279170563273973763
1279170619335225344
1279170932502867970
1279171075591614464
1279171274976215040
1279171401493118976
1279171475707236352
1279171701440421890
1279171973709430786
1279172116240314371
1279172117385433091
1279172175539449856
1279172535616233472
1279172544336138240
1279172625319804929
1279172971999961089
1279173425186168832
1279173815386492933
1279173834818666500
1279174239715803136
1279174532369170432
1279174809944023053
1279175172835213312
1279175447037779969
1279175575320453120
1279175699522297857
1279175783496499204
1279175832062185472
1279176263752613890
1279176331348062215
1279176456598421505
1279176564400422914
1279176964419596288
1279176988817752066
1279177829540868098
1279178015960961025
1279178258324619264
1279178270995558400
1279178583429255169
1279178859682959363
1279178909167337474
1279178965211545602
1279179119998140423
1279179289511018502
1279179875606163456
1279180201864433668
1279180224224264193
1279180378276757505
1279180394596896769
1279180534619557890
1279181012778528769
1279181027907383297
1279181087076425728
1279181161252761600
1279181212364537858
1279181504023756800
1279181587121405952
1279181975979470848
1279182023991742469
1279182518910988288
1279182600406544391
1279182991386906624
1279183103739801601
1279183147930996736
1279183278625492998
1279183326587256832
1279183399878447104
1279183402797678592
1279183431696412672
1279183951874134028
1279183975387467776
1279184113870741504
1279184118824218625
1279184280225079296
1279184732388044803
1279185442580111360
1279185472607027200
1279185662957228033
1279185944931901440
1279185998119911424
1279186145105055744
1279186168030957569
1279186335287390210
1279186346406445057
1279186641840562176
1279186900578942977
1279186972213460993
1279187529024057344
1279188323748261897
1279188739093389312
1279189139762618368
1279189215356608512
1279189469862789125
1279189505031970823
1279189598841769989
1279189856585945088
1279189970557841412
1279189980934475776
1279190023154384898
1279190058990481414
1279190384699232258
1279190830004105216
1279190881669693441
1279190956605128707
1279191244195815424
1279191275967832064
1279191680747536384
1279191891821703169
1279192104141455361
1279192287596154880
1279192384308469760
1279193001026338816
1279193123139305474
1279193216122683392
1279193222128873472
1279193322461020161
1279193340597035009
1279193449527496704
1279193477650231296
1279193805166653440
1279193823982190592
1279194047198961667
1279194167269359626
1279194815872110592
1279195162426531840
1279195181842141187
1279195481206382595
1279195602212003844
1279195707484880903
1279195759016108038
1279195964381835265
1279196498773913601
1279196575861035009
1279197016661336066
1279197287743459330
1279197388725538821
1279197588709879808
1279197802904633346
1279197981124616193
1279197988552880129
1279198147458281472
1279198180090011649
1279199381594365953
1279199688084905984
1279199783568183296
1279200062095138816
1279200414479630340
1279200455076327424
1279200686715162627
1279201010989162496
1279201801804419073
1279202495387090944
1279203009684275201
1279203359489249282
1279203363771604992
1279203492683378688
1279203540901203968
1279203620563701766
1279203678751264770
1279204001519677441
1279204161498816517
1279204413563908098
1279204535651762178
1279204551904636928
1279204761057873923
1279205267549442049
1279205981545775105
1279206031629922304
1279206052140142599
1279206172457791489
1279206173346914304
1279206306616881152
1279206368449306625
1279206404906258438
1279206469045551106
1279206627619397632
1279206639963377664
1279206653997445120
1279206740161114112
1279206744829411328
1279207073469923329
1279207122950148097
1279207366311976965
1279207668301922309
1279207888595156992
1279207977212395521
1279208400967151616
1279208427693187072
1279209359340449792
1279209670171865122
1279209682016645120
1279209968886038529
1279210076230742017
1279210077875044352
1279210105549082624
1279210330850308109
1279210829125046272
1279211224849362951
1279211463530381314
1279211516277989378
1279211856993955845
1279211986631315456
1279212087579795456
1279212088636829698
1279212121637613569
1279212436181200897
1279212586270167047
1279212717258059776
1279212753991974912
1279213049707204614
1279213118028165121
1279213432957554688
1279213801888534528
1279213810675593216
1279213941151981569
1279214001088585729
1279214236686745602
1279214343176011776
1279214675251605507
1279215400174182400
1279215466590986241
1279215576834027526
1279215752688611329
1279215990711164928
1279216094327246848
1279216281984606208
1279216349160579073
1279216870546161666
1279217079263145984
1279217122602741760
1279217291461361667
1279217499398078464
1279217553160560640
1279217670626426880
1279217849194688513
1279217867590897664
1279217909349462017
1279218161947152384
1279218785115873281
1279218842397483008
1279218991119192067
1279219457324433408
1279219464094040065
1279219478170042370
1279219601784610818
1279220014382379008
1279220149200044034
1279220453354041346
1279220543892291585
1279221424289460224
1279221570695843841
1279221888741527553
1279221998997123072
