1282532353735307264
1282532455820361728
1282532732380291073
1282534059072249856
1282534182506450944
1282534370474102784
1282535917778067456
1282536645472944128
1282536943608356865
1282536991062515713
1282536991754555393
1282536992195014657
1282537537311997954
1282537600675221511
1282537704350261248
1282538153660710912
1282538244337553408
1282538421982916609
1282538666552725504
1282538723758964736
1282539886445289473
1282540496389378049
1282540593118359554
1282540754129293314
1282540834232037377
1282541196808802304
1282541445363257344
1282541504800722944
1282541596223905792
1282542374875430918
1282542536469417984
1282542786097618944
1282543069896663040
1282543265250791428
1282543887601598464
1282544480537780225
1282544654685294592
1282544845228314624
1282545822803132416
1282545974062321664
1282546192598130690
1282546284595945473
1282546419413524480
1282546529732100098
1282546823320621056
1282548163396751361
1282548181851680768
1282548564477059073
1282548688385183746
1282549494794649600
1282549862148579329
1282550093779009536
1282550525628747778
1282550547841785857
1282550720336662528
1282550790385786880
1282550889765572608
1282551271573118977
1282551417157246976
1282551720506044416
1282551876198838274
1282552016712208384
1282552226737782786
1282552291573280769
1282552349962014721
1282552489427042304
1282552966529069056
1282552998644846593
1282553025366765571
1282553258477867008
1282553617740963840
1282553915842723841
1282554185116868608
1282554425815584770
1282555346410778625
1282556813523771400
1282556970910851072
1282557311559573505
1282557312301887488
1282557589310640129
1282558185707102208
1282558186680131591
1282558546979192832
1282558552545132545
1282558942590177286
1282559635224813569
1282559844130717697
1282559888858775552
1282560268879486977
1282560389763534848
1282561000655355904
1282561211314380800
1282561259775426560
1282561437983006720
1282561587597971456
1282562060895879169
1282562296464715777
1282562830462590976
1282563171325288449
1282563312992083969
1282564709044981773
1282565164764557312
1282565470244286466
1282565742328713217
1282565788600274949
1282565908846829568
1282565918342750208
1282566370987839488
1282566562923216896
1282566568015048706
1282566570087026689
1282566714178379777
1282567557384372225
1282567664976756738
1282567771142926336
1282568203277750274
1282568854934298624
1282568958214909953
1282569478795145217
1282569747721314304
1282569846690058240
1282570345392685056
1282570571709063168
1282570833924427776
1282571138141491202
1282571328822710274
1282571525439143936
1282571672671969282
1282571720667193345
1282571738157649921
1282572142396112896
1282573246056009728
1282573246840410112
1282573509483528195
1282573659169861637
1282573939684675584
1282573946282405889
1282574182623129600
1282574241498411010
1282574283898839043
1282574498026463232
1282575023635660801
1282575071471702016
1282575209674027014
1282576000555999234
1282576014019907587
1282576491788873728
1282576771506933760
1282577363029700609
1282578010076590080
1282578122798280704
1282578125180809221
1282578498230661123
1282578959767666688
1282579324714004480
1282579451163836418
1282579502472855553
1282580352062623747
1282580831308075008
1282581395395809282
1282581412021846017
1282581413749911552
1282581538408812544
1282581587947905024
1282581646634479619
1282581725571211264
1282581738552807424
1282581817900621824
1282582375856320522
1282582732263034882
1282583428085366785
1282583614966947840
1282584166433988609
1282584622451306497
1282584678856380416
1282585011494047744
1282585053709496321
1282585134928211968
1282585325404069888
1282585625837948928
1282585666174562305
1282585904079486976
1282585919506145283
1282586015602008065
1282586247886589954
1282586320594800642
1282586445174071299
1282586833269002240
1282587086021750784
1282587165025763328
1282587176107225088
1282587333586493440
1282587467594510337
1282587706892189696
1282588091665055744
1282588283436969984
1282588790624677889
1282589061186818049
1282589095445901313
1282589170381271041
1282589667058233349
1282590172425551872
1282590625116966918
1282590722479161344
1282590735980728320
1282591661516886016
1282592498964144133
1282592796415791105
1282593101736030208
1282593327905415169
1282593335639711745
1282593350785404931
1282593595611127808
1282593900176318464
1282593944874950656
1282594051552718854
1282594796771536897
1282595125059883008
1282595445311602689
1282595753941176320
1282596512195702789
1282597087293648896
1282597091819347968
1282597242201833472
1282597511320961029
1282598358494978051
1282598517643649025
1282598812696154112
1282598864843952128
1282599101331320835
1282599221841899522
1282599443825647617
1282599549203349504
1282599583227535366
1282599916406267904
1282600164730036224
1282600322331025408
1282600645560803328
1282600878818693120
1282600932929187841
1282601292553048064
1282601293698052096
1282601295891722240
1282601562460823552
1282601672490057729
1282601675908235264
1282601796616118280
1282601859648229376
1282601951021035520
1282602027990822912
1282602056197509120
1282602145041149953
1282602184194965506
1282602244605718528
1282602670092673024
1282602910443069441
1282602912728965120
1282603140005732353
1282603500971556864
1282603680223473666
1282603721080414208
1282604567360794625
1282604802623582208
1282605171827187712
1282605281780932611
1282605288319746048
1282605417953144837
1282605724145725440
1282605913296207873
1282606273238904834
1282606359259865093
1282606633881931776
1282606719324098563
1282607090125746178
1282607233398906880
1282607237224169472
1282607425707810816
1282607633698967552
1282607701676240898
1282608595251662848
1282609229266739201
1282609645333422080
1282609765013770242
1282610489130876934
1282610759223173120
1282610866106576896
1282610900172759040
1282611139596222464
1282611738890756097
1282611739956137984
1282612270787211270
1282612435489370113
1282612461313626112
1282612577877610497
1282612899664596997
1282613137875886080
1282613161472950282
1282613194759065602
1282613429677830147
1282613459201515528
1282613722591174658
1282613906142384134
1282613912920158209
1282615709357481984
1282615788780822528
1282615973061828608
1282616245712498688
1282616257523732481
1282616718293192705
1282616944345190403
1282617192899653632
1282617301301256192
1282617353457426432
1282617436412379136
1282617644475191297
1282617688154660864
1282617828684623872
1282617862801240065
1282617866274078720
1282619305075658753
1282619440803315712
1282619667346055168
1282619692918743040
1282620203394899968
1282620429870477312
1282620764106248193
1282620932486344705
1282621113001009152
1282621256005804034
1282621633929371648
1282621707552018432
1282621911328067586
1282622684011036672
1282622937946828800
1282623411890593793
1282623517138333696
1282623556195581952
1282624112393777152
1282624133101051906
1282624437188268034
1282624543593508864
1282624582319407104
1282624818844774400
1282624863711133699
1282624887899795456
1282624889308905472
1282625123351244801
1282625373839163397
1282625439878410242
1282625449605160970
1282625569885048832
1282625591817179136
1282625712751628289
1282625925960667136
1282626085688156160
1282626126305619970
1282626460713283586
1282626466765668358
1282626471832371200
1282626619828396032
1282626967209078785
1282627697852715012
1282627738562682880
1282628071653351429
1282628190582652930
1282628564144332801
1282628581315600384
1282628670201495552
1282628723016175616
1282628727281770496
1282628746047098881
1282629535259938816
1282630504450330625
1282630563749404674
1282630771157630977
1282631189900271618
1282631282841792512
1282631351879991296
1282631513939435522
1282631627131109378
1282631926264631297
1282632185359618048
1282632192326328320
1282633094047072259
1282633443814211586
1282633481739276296
1282633618624397312
1282633625209577472
1282633679735586819
1282633872967118848
1282634144984510464
1282634281202917377
1282634401541586946
1282634528247488512
1282634666160332800
1282634688239149061
1282635217946238976
1282635576735399936
1282635872807071744
1282637206071332865
1282637370920177665
1282637665033166849
1282637833702985728
1282637848265609216
1282638754306498561
1282638863135944704
1282638907654279168
1282638967322664962
1282639342910021634
1282639902757335040
1282640338990047232
1282641039464030208
1282641319907786752
1282641324295032832
1282641380096061441
1282641438681870337
1282641494579580928
1282641674326478849
1282641685608976384
1282641694702178304
1282642478189948928
1282643165992955904
1282643259177803783
1282643532910600196
1282643798066159616
1282643926080462848
1282644029948264450
1282644571500027904
1282644779348774912
1282644945757769732
1282645062350966797
1282645917489860610
1282645918400094209
1282646056061284353
1282646136235401216
1282646321111785472
1282647331020537859
1282647474683797504
1282647538953269248
1282647731698372609
1282647897318752258
1282647922098573312
1282647944907427843
1282648028273430529
1282648198776066051
1282648412916252672
1282648861589352449
1282648884179800064
1282648960361017344
1282649169002467334
1282649255534977024
1282649270051500032
1282649546347237376
1282649819459342341
1282650158686179329
1282650590040842242
1282650761814573057
1282650887161286656
1282651118103822337
1282651267760889859
1282651664130990083
1282652007191531526
1282652124485054464
1282652522319163393
1282652559979798529
1282652670264659969
1282652759792267266
1282653653938012165
1282653777288286208
1282654404177534976
1282654436872073217
1282655152982372355
1282655226152058881
1282655477583806467
1282655759214489600
1282655786888507392
1282655854030798849
1282656039171579905
1282656327886675968
1282656536834109441
1282656542345457665
1282656544006365185
1282656891404005376
1282657008206913536
1282657569014779904
1282657698761396228
1282658182045642752
1282658342838706178
1282658606677217281
1282658678638809089
1282658690290647040
1282659058122727429
1282659277849661443
1282660186860249088
1282660379550552066
1282660597281296384
1282660703745314831
1282660790017961987
1282661034856198148
1282661277559484416
1282661290322939906
1282661625682681856
1282661852808437765
1282661864950902785
1282662597934952449
1282663077117218816
1282663308072570884
1282663308680736768
1282664015597051907
1282665047098118144
1282665150236053506
1282665300035600385
1282665329848545280
1282665599026573312
1282665976497147904
1282666738392469504
1282666919158521857
1282667249107599363
1282667514447761409
1282667589962014722
1282667960398516226
1282668186085871616
1282668370085785601
1282668451564269569
1282668554517708800
1282668629742493697
1282668730602926085
1282668920521011202
1282669016423825410
1282669409392369664
1282669976894296064
1282670588889370627
1282670642580652033
1282670689661657089
1282670824856723460
1282671636630712320
1282671758575718401
1282671763608879104
1282672165498818560
1282672397330427904
1282672926488014848
1282673089881485312
1282673239676903426
1282673273872891905
1282673300183883781
1282673629092880384
1282673935109292034
1282673962254610433
1282674041136939010
1282674446755663879
1282674658110853120
1282674914114379777
1282674973308522498
1282675365903773696
1282675940791812099
1282676417847873536
1282676636194762752
1282676885202382851
1282677093847961600
1282677667909664768
1282678396208713729
1282678430622904325
1282679221974904833
1282679385661886471
1282679500585799683
1282679731570106368
1282680973587386368
1282681321383329794
1282681984461012993
1282683011453128708
1282683347060371456
1282683566363738112
1282684032581619712
1282684845811019782
1282684988488593414
1282685139978383362
1282685381176184832
1282685743450722305
1282685977618780160
1282685982312103936
1282686179897483264
1282686540905316354
1282686556977979392
1282686895227416579
1282687148110618630
1282687219141169152
1282687244294164480
1282687438062837760
1282687874278871043
1282688095213826049
1282688732303417350
1282688880219570177
1282689227461988353
1282689290879635459
1282689386488922112
1282689539610423297
1282689613476147200
1282690012077793280
1282690293201076224
1282690822224437248
1282690830067793926
1282690931334971397
1282691774851485697
1282691890622545920
1282692357494845440
1282692385907126274
1282692399559409665
1282692659954487297
1282692682247217152
1282693109059657729
1282693455391723520
1282694092602978304
1282694281208098816
1282694542798577664
1282694612885270528
1282695082844528643
1282695089228328961
1282695289514586112
1282695470805069825
1282696018639728640
1282696051443425286
1282696375747186689
1282696832674598912
1282697656112906240
1282697796395708416
1282697952545447943
1282698048561393664
1282698324710002689
1282698331282522115
1282698560958541825
1282699521601003521
1282699764086251520
1282699956881707009
1282700162603929600
1282700272515588096
1282700641283047426
1282700934343282688
1282701023820185600
1282701044573777920
1282701080674152451
1282701718522912768
1282701840040132610
1282702096987455491
1282702226406944771
1282702374138793987
1282702595589574662
1282703082061733888
1282703114710155266
1282703279504396288
1282703557242892289
1282703601685733378
1282703632165724166
1282703894959796224
1282704541964795905
1282704692812959744
1282704898027589636
1282706128342851596
1282706564026073088
1282707112813043713
1282707291742056448
1282708131857010690
1282708308772691969
1282708537907523584
1282709146408759298
1282709249139720200
1282709456539783168
1282709833989455873
1282709876951539713
1282710226144198658
1282710737895530497
1282710812214415361
1282711050681495554
1282712729531318285
1282712766315401217
1282712951397519364
1282713001586561026
1282713207778484228
1282713454235856896
1282713907329671169
1282713999562338304
1282714264491491328
1282714428958478338
1282714473036423174
1282714481261510657
1282714511485566976
1282715112378335232
1282715208247640069
1282715778949816320
1282715792069537792
1282716147809484802
1282716197256077314
1282716201194487814
1282716429402271745
1282717070656970753
1282718152518971392
1282718323675930626
1282718522334904320
1282718570925838336
1282718705911308291
1282718878573920256
1282718941014446080
1282718969133244418
1282719171713929216
1282719284641378308
1282719317428142081
1282719822111887360
1282719872430911489
1282720031198126082
1282720249578577920
1282720786399342595
1282721256094273537
1282721268668731392
1282721307164061697
1282721351753662465
1282721544494632965
1282721612052275201
1282721892865114125
1282722110654144512
1282722318247251968
1282722426116280321
1282722899980365824
1282723545257320453
1282723647300542471
1282723671593951232
1282723893283676160
1282724183726796801
1282724363171770370
1282724418465275905
1282724478649274368
1282724603006263296
1282724711873552388
1282724959576629250
1282724964488159234
1282725331867140096
1282725462762905600
1282725509370175491
1282725986576920576
1282727010230587392
1282727011035811840
1282727187267944449
1282727312224649218
1282727790492540928
1282728151475527680
1282728255393431553
1282728538060345345
1282728818889891843
1282728882521726977
1282728930567315456
1282728982736252928
1282729182959554561
1282729690436792327
1282729787509870597
1282729817054609408
1282729828509196289
1282729837401120769
1282730433382240256
1282730501606977538
1282730543075987456
1282730652153131011
1282730675305508864
1282730810865528834
1282730849688006658
1282731510538424320
1282731598136238081
1282731828990881792
1282731909433438209
1282732094280675329
1282732199461163011
1282732286807547904
1282732308278190083
1282732597261541376
1282733260393648128
1282733381135085568
1282733558495232000
1282734757743341573
1282734983833104384
1282735369197203456
1282735596687876097
1282735685229846528
1282735944165023744
1282735994240999427
1282736083847929857
1282736398630518790
1282736520084897792
1282737031588741120
1282737127034363904
1282737338196594689
1282737357217832960
1282737387408371713
1282737449341349889
1282737518170058752
1282737566857302016
1282738524454891526
1282738540078682112
1282738956979716096
1282738960788099072
1282738964617519104
1282739749833322497
1282739924463054849
1282740210321838081
1282740362348498944
1282741007445045252
1282741262387478538
1282741708510437377
1282741744392720385
1282741925259489280
1282741938270007297
1282742450407247872
1282742491658190852
1282742893757771776
1282742912921600000
1282742936136974338
1282743084732887041
1282743112474013696
1282743296155058176
1282744323939983361
1282744374523305985
1282744425370640384
1282744468127481858
1282744728577085440
1282745097982025735
1282746026810585088
1282746146373410818
1282746555796094976
1282746631801184257
1282746638914801665
1282746798776258560
1282746961989435393
1282746972378669058
1282747003961659394
1282747381516087296
1282747403099992064
1282747706193129474
1282747767576764416
1282747859885010944
1282747964189036545
1282748115439816704
1282748289650065408
1282748619553046528
1282748871890939905
1282748900047085568
1282749270135730176
1282749478739550208
1282749672243761154
1282749715071807488
1282749908060123139
1282749977593360384
1282750118064803841
1282750159059931137
1282750453458108416
1282750589961736192
1282750766122520581
1282750842672541697
1282751542601416709
1282751731521159169
1282752444171157504
1282752516996857861
1282753165058875393
1282753339575480321
1282753443703197696
1282753464477646851
1282753658732662784
1282753758745767937
1282753812806205442
1282754203853762560
1282754349643583488
1282754356618702849
1282754567034286080
1282754680829939714
1282755690847784963
1282755766882127876
1282756022638084101
1282756036475211777
1282756304524779524
1282756672847589377
1282756739205668865
1282757028100878338
1282757067934248960
1282757499561672706
1282757981004640256
1282758375135227905
1282758379283390467
1282759503226773505
1282760540385955841
1282760563999649792
1282760771714396161
1282761184714690560
1282761270832312321
1282762141355802624
1282762319215329282
1282762352283140096
1282762581531394048
1282763220533547008
1282763866053763072
1282764591748001792
1282764893301755905
1282764893775699971
1282764937136427011
1282765111715930112
1282765204619747329
1282765216229597185
1282765221011034113
1282765259128868864
1282765372266106880
1282765857102471168
1282765955689525248
1282766234681929728
1282766684831522821
1282766706235113477
1282767201448030208
1282767482219106310
1282767589614198784
1282767662691553281
1282767733357256704
1282768538256707590
1282768843706961927
1282769143507283968
1282769200386387968
1282769214193926148
1282769596085305345
1282769692524863488
1282770303081345024
1282770413668364288
1282770819756838917
1282771752267976713
1282772788038770690
1282772967194157056
1282774162080235521
1282774707243290624
1282774959337742339
1282775128267460609
1282775677188669441
1282776051299622914
1282776374231674880
1282776932480880640
1282777282919059456
1282777589606526976
1282777924295434240
1282778022052061184
1282778214243459072
1282778417381990400
1282778596667387904
1282778712769826817
1282779050533167110
1282779217357230080
1282779502423269376
1282779551781855235
1282779926765211650
1282780074773811201
1282780248996814851
1282780387769569283
1282780681203056646
1282780874858270720
1282780924392943616
1282781259912089601
1282781440082468864
1282781917503459334
1282781989666529285
1282782182487068673
1282782911926882305
1282783176562286593
1282783290672513029
1282783549154897920
1282783616691343361
1282783637520318464
1282783768021995521
1282784661333213184
1282784749870866432
1282785345818501120
1282785491432230915
1282785679517376512
1282785811134582791
1282786088113897472
1282786146775433216
1282786481426374656
1282786663379251200
1282786870724681728
1282787089562710016
1282787588953251841
1282788028923117570
1282788923522060293
1282789149892841474
1282789429573230592
1282789870373679105
1282790029090332674
1282790146975375360
1282790181989314560
1282790206345580544
1282790365007761408
1282790580398039045
1282791133752504320
1282791171786444800
1282791377353314304
1282791627954823168
1282791821689737218
1282792300356096000
1282792579550117888
1282792681396027392
1282792688622792704
1282792865467256832
1282792873671286784
1282794055596998656
1282794073682657280
1282794493901778944
1282796304142413826
1282796565590138881
1282797479134625795
1282797793694949377
1282798431560437760
1282798900282302472
1282800078428745729
1282800745704681472
1282801337449754627
1282801627028770817
1282802386797383680
1282803077519749120
1282803140237156353
1282803216883777539
1282803541053190151
1282804621023600648
1282805040290430978
1282805188026408961
1282805347325886465
1282805644001570816
1282805687190528002
1282806019765219330
1282806526613368832
1282807536391839744
1282807541982834688
1282807940488073218
1282808308152315909
1282808538625126401
1282808694279999492
1282808813037457408
1282808963306840065
1282808979425382400
1282809014041088002
1282809170136387584
1282809638602321920
1282809740469374976
1282809877262241793
1282809883046432768
1282809928076398592
1282810318717095938
1282811474885451778
1282811554845663237
1282811929090760706
1282812453643059200
1282812499109109761
1282812637265395713
1282812752210296832
1282812852387164161
1282813032113086465
1282814034853732354
1282814235928453120
1282814311161901060
1282816042130182145
1282816608449241089
1282816953694945280
1282817038772318210
1282817141469851649
1282817418520416256
1282817527815516162
1282817699815600129
1282818325047840769
1282818479868071942
1282818785959960577
1282819096170639360
1282819256384536577
1282819633641410560
1282820078204059656
1282820845476417536
1282820901139091456
1282821050909196289
1282821580230406144
1282822998198755328
1282823101185773569
1282823357659045888
1282823505051111426
1282823746965905415
1282824105188876298
1282824793029586944
1282825236942118912
1282825263362060291
1282825267761885184
1282825555709169667
1282826072455892993
1282827518060507142
1282827636369129474
1282827654371004416
1282827742271201280
1282828064523784192
1282828136502169601
1282828313640095744
1282828392233132033
1282828542502477825
1282828570709184514
1282828648790269955
1282828738745556992
1282828797847367681
1282828826267938816
1282829049090498562
1282829131076567041
1282829311083524098
1282829511609004035
1282829740898873345
1282830162296360960
1282830207037116421
1282830533693788162
1282830988293230594
1282831063379738625
1282831227737735170
1282831453051658244
1282831477131153409
1282832246114746373
1282832720591310848
1282832804548620290
1282832866540507137
1282833502061371398
1282833718156111873
1282834506500788227
1282834691104681986
1282834850286837761
1282835053437874176
1282835572608897027
1282835739051360256
1282836214266175488
1282836219328487424
1282836238072819712
1282836294817787906
1282836527500976128
1282836877394038784
1282837016179335170
1282837131094876160
1282837211390652417
1282837845988630528
1282838390937751552
1282838548757045249
1282838613005422592
1282838829859299329
1282839025330589697
1282839765839159296
1282839767537745921
1282839799859208192
1282840801974919169
1282841211590586368
1282841666202861568
1282841734809038849
1282841948391342083
1282842009074651136
1282842685498417155
1282842781505867777
1282842988151025665
1282843058292301824
1282843184142389251
1282843331098103808
1282843512560484352
1282844283792482304
1282844346316881922
1282844405100158987
1282844526650880000
1282844544892055552
1282844561182797829
1282844888871116800
1282844891526107138
1282845210536546305
1282845496021786634
1282845709344137216
1282845911379521536
1282846009039548417
1282846475890786304
1282846612709138432
1282846958152036358
1282847051387146242
1282848020048965632
1282848034242494464
1282848395103739905
1282848599093719040
1282848754824085505
1282848961221533696
1282849441251233792
1282849597191143424
1282849733292302337
1282849808420667392
1282849932320206848
1282850209807171585
1282850214710214656
1282850235295895554
1282850939469086720
1282851043995529219
1282851821208338432
1282852610605809664
1282852927841984515
1282853201386057728
1282853714475339783
1282853768040775686
1282853876891353089
1282854021733199874
1282854095372484608
1282855189863514112
1282855202224173058
1282855781260353536
1282856276536496130
1282856283897573376
1282856568581758976
1282857991268478976
1282859271714148353
1282859373996445696
1282859488895217665
1282859894912233474
1282860092992352256
1282860544530079744
1282860607469957120
1282861730620637185
1282861761645797376
1282862194087137281
1282862366431096835
1282862516742152192
1282863195892248576
1282863438004396032
1282864725601275904
1282865648125661184
1282866042818068480
1282866673834434566
1282867019713478656
1282867171224412161
1282867550750035968
1282867552889081856
1282867771538374656
1282868007736401921
1282868095221141505
1282868459123113985
1282868905120161793
1282868916801462274
1282870057928884225
1282870147334766592
1282870648008847360
1282872497751429121
1282872668111482882
1282873975291273223
1282873990172696576
1282874083709837313
1282874301771853824
1282874763564597248
1282875165798531072
1282875298665631746
1282875714866417666
1282875832613076993
1282876662619807744
1282876731741749248
1282876751367077893
1282877344332554241
1282878321701912576
1282879055973548033
1282879172159971328
1282879759349739521
1282879841172205570
1282879968482152450
1282880094072078336
1282880246535028737
1282881311909253123
1282882214804455424
1282882359755517960
1282882410926034949
1282882514860769280
1282882734684278784
1282882815449800704
1282883358956163072
1282885786673659904
1282885799873179648
1282885932429893633
1282885955112833026
1282886448773951494
1282886569880428544
1282886903734382592
1282887178079502338
1282887564165214209
1282888040898269184
1282888713748520962
1282888802684592130
1282888849459478528
1282889180071317504
1282889290121383937
1282890023168290816
1282890344158330880
1282890354073784324
1282890951615111169
1282891014659768320
1282891255035420674
1282891306566479872
1282892049184956416
1282892784664481792
1282893390577893379
1282893417643757568
1282893709424627715
