1281082110048997378
1281082610245087234
1281082651483537410
1281082890630168582
1281083049598431233
1281083451064664064
1281083465274810368
1281083531876274176
1281083674922872832
1281083675069693952
1281083678408323073
1281083695848398853
1281083784482488321
1281083914963030021
1281083961326870529
1281084137764540418
1281084272045105154
1281084314973802497
1281084492241932291
1281084496566259714
1281084556448280576
1281084669136691201
1281084700212236289
1281084726187634689
1281084757456179202
1281084778473717761
1281084790435872769
1281085477127405570
1281085600259436544
1281085982352293888
1281086533492244481
1281086622235340800
1281086694318575617
1281086798836518916
1281086834467115021
1281086896500768769
1281086956445806595
1281086975597064193
1281087330791677952
1281087333249531904
1281087507371868160
1281087595775229952
1281088019928408077
1281088065566650368
1281088391753457664
1281088773703548928
1281089040960368641
1281089135147651073
1281089269596131330
1281089320649216000
1281089372092317696
1281089637713412103
1281089814977265664
1281089971261108226
1281089991926562816
1281090158079561728
1281090168922034177
1281090294507810818
1281090346454261761
1281090428369080320
1281090435365122050
1281091094780895233
1281091124116021250
1281091178474213376
1281091452156678144
1281091607744466945
1281091797838696448
1281091928973627392
1281092113837494274
1281092336857034752
1281092479886995457
1281092596786278400
1281092980967903233
1281093033514209280
1281093218558332934
1281093839806136322
1281093938061983745
1281094422978011137
1281094666407088128
1281095236668862466
1281095706854526976
1281095895078055936
1281096378484092928
1281096529248432130
1281096743988453377
1281096826129715200
1281097539354275840
1281097540658696194
1281097745177157632
1281098176049623040
1281098644452569088
1281098648466518016
1281098648487518209
1281098993087414272
1281099165292994561
1281099171211227136
1281099317206552577
1281099573205757953
1281099745906135042
1281100349328277504
1281100894415859712
1281101021251604481
1281101227212845056
1281101237375635459
1281101650833412098
1281102162278453248
1281102253424816128
1281103790712557568
1281104048221941760
1281104079100485639
1281104554931740673
1281104729448173568
1281104811572596737
1281105126934052865
1281106063069192193
1281106229608185857
1281106481547526146
1281106649659277313
1281106986965307393
1281107105940897793
1281107703675252736
1281108091514155008
1281108747155394560
1281108777576603649
1281109521759379456
1281109584502022145
1281109837758242819
1281109858981482496
1281110348792094720
1281110574747787264
1281110658587787270
1281110854604328961
1281110972778844160
1281111110326812672
1281111921157124101
1281112374687043585
1281112665050550273
1281113176885669888
1281113210188451840
1281113377545302016
1281113618163986432
1281113618809933824
1281113621192339457
1281114642270601216
1281114850761101313
1281115152327286786
1281115783314108417
1281115927820611584
1281116444495880192
1281116481581985792
1281116571503439872
1281117353166553090
1281117446913560577
1281117902058520577
1281117923210190849
1281118049043730434
1281118437272629248
1281120117355667456
1281120422327541760
1281120535049461760
1281120839954382848
1281120980065271808
1281121171753308161
1281122112078360578
1281122308321497090
1281122463443804162
1281123304745492480
1281123496647634944
1281124147347820544
1281124373638897665
1281124540051947520
1281125001878360065
1281125080882450435
1281125315805356038
1281125516549017602
1281125535893139457
1281125649713901569
1281125908477366277
1281126014144430080
1281126028891557888
1281126126480326657
1281127110707482625
1281127383312056321
1281127395999846401
1281127875769483265
1281127899614056448
1281128016505167872
1281128147476377600
1281128310383144960
1281128497436602370
1281128586976452608
1281128588092125184
1281128591443390466
1281128593792233481
1281129400424181760
1281130051669561345
1281130122620239874
1281130344742359040
1281130786809405440
1281131156101103616
1281131706607640577
1281131750383669248
1281132777597960194
1281133106431504384
1281133377047928832
1281133782469423105
1281134001122664448
1281134601163821057
1281134642381443072
1281135124772352005
1281135929617342471
1281136349375074304
1281136391859077120
1281136587586146309
1281136646604365825
1281136820550541317
1281136927761223680
1281138135548727296
1281138913361498112
1281139116923650048
1281139275535450117
1281139392736907264
1281139652376788993
1281140139956162560
1281140162525827076
1281140793760026625
1281140832578519040
1281140866183098368
1281140930821656576
1281141196635746304
1281141417205735430
1281141629273980929
1281141913345802241
1281142099195293696
1281142258394378240
1281142272587902978
1281142472454766594
1281142477941071873
1281142614784434176
1281142656064647168
1281142775166230529
1281142895219802112
1281143394165809153
1281143593374269441
1281143646797156354
1281143793329242114
1281143825474322432
1281143829379219461
1281144438799073280
1281144451654725634
1281144697381982208
1281145094142414850
1281145547181654016
1281146182065160192
1281146212847157256
1281146582994485249
1281146718080376839
1281146962612572160
1281147753326735360
1281147821039603714
1281147824428576769
1281148304248770561
1281148305448239105
1281148425422045184
1281148662161256448
1281148844303101952
1281149138512601088
1281149164286627842
1281149438296240128
1281149513726599168
1281150236220706816
1281150529209597952
1281150763222347777
1281150815105961985
1281151211710922753
1281151362596831232
1281151541672587265
1281151566943268865
1281151690725621761
1281151963166642176
1281152138425634816
1281152215760031744
1281152398694760449
1281152649157623808
1281152684800847872
1281152763997622272
1281152837288853506
1281152915445616644
1281152916645085187
1281152980620902400
1281153023025299461
1281153369617444864
1281153459518128128
1281153589545664513
1281153783691710464
1281154774906351617
1281155712996048898
1281156154765148161
1281156656324399110
1281156945248837632
1281157164334268417
1281157194638069760
1281157393066463232
1281157446199840768
1281157542094258176
1281157619965665280
1281157713712386049
1281158068852723712
1281158105355694080
1281158358418980864
1281158363745640449
1281158672043913216
1281158691031519232
1281158913765720065
1281158915615416320
1281158917318275073
1281158919411265536
1281158920552108032
1281158947865534464
1281159183027638272
1281159270487162886
1281159464519958528
1281159820637351936
1281159860504100865
1281160023293464576
1281160103627051008
1281160446024744960
1281160830898315264
1281160914528538629
1281160970757267457
1281161179436638209
1281161300442320896
1281161492755349504
1281161500443410432
1281161581703897088
1281161607717031936
1281161608081932288
1281161805444898816
1281161995161649152
1281162104054132736
1281162130935484422
1281162283469746176
1281162492249542658
1281162797372579840
1281162850225045504
1281163080119058433
1281163209534255104
1281163299804102656
1281163542318796801
1281164515179220992
1281164531499237376
1281164640056233989
1281164876703051777
1281165593723441154
1281165657321746432
1281165919805308928
1281166050466430976
1281166071521619969
1281166254015787008
1281166733139685377
1281166855143473153
1281166858867970048
1281166862349266950
1281167619727527936
1281167958069456898
1281168429232410624
1281168750419406848
1281168790290599936
1281169061670502402
1281169439912755200
1281169665302159361
1281169741688631298
1281169798722981890
1281169804951531523
1281169805131878410
1281169863512412162
1281170010765963264
1281170243839115264
1281170396365180929
1281170424253026304
1281170685528805377
1281170689500774405
1281170979239190530
1281171143026712576
1281171391790882817
1281171548100050944
1281171634196488193
1281171909586141185
1281172145276628992
1281172148850241536
1281172403238973440
1281172555106324480
1281172576967024641
1281172691895177216
1281172694545969153
1281172786338320384
1281172796425502728
1281172886288547841
1281172916953059328
1281173151288877059
1281173172080033793
1281173345216716803
1281173538540568576
1281173571549769728
1281173593481715714
1281173809891102721
1281173867814359040
1281173890241146880
1281173892749357056
1281173896411021313
1281173897606381569
1281173899430916096
1281174049847234560
1281174218504392706
1281174320258011137
1281174445978275840
1281174663314509824
1281174955124809728
1281174964960399360
1281175085311811586
1281175099660537857
1281175151413878784
1281175864143740930
1281176432870391808
1281176569134960640
1281176632867409921
1281176987072069632
1281177030545956864
1281177039136006145
1281177048568991744
1281177583439228929
1281177753744703488
1281177761273569284
1281178009018351616
1281178043285999617
1281178047627104256
1281178158650331137
1281178234881740800
1281178314061856769
1281179023834480640
1281179120328638466
1281179447933186048
1281179607522250753
1281179741093937152
1281180617837813760
1281180717469310977
1281181501636456448
1281181917132587010
1281181957804535809
1281181962431090690
1281182070157398017
1281182072787230720
1281182074968236033
1281182707159052294
1281183740677492737
1281184218610053121
1281184484537360384
1281184560882028544
1281185860965318669
1281186019182809088
1281186431168217089
1281186632905797633
1281187093893570560
1281187215406780417
1281187449889308677
1281187760607543296
1281188058717708289
1281188525170360320
1281188534053994496
1281188927089541121
1281189122544025600
1281189130429329409
1281189594357207041
1281189725831913473
1281190027079241729
1281190268398718976
1281190380197875713
1281190863843057670
1281190939994787840
1281191203472621569
1281191556465201152
1281191842198011906
1281191907884969984
1281192079012626434
1281192650633293824
1281192895442231296
1281192939906117632
1281193084194181121
1281193310254661635
1281193312226095104
1281193869913317376
1281194144115961858
1281194333442650112
1281194761832054784
1281194780316188672
1281194950999322624
1281195247926730758
1281195265022496770
1281195288053473281
1281195295548878853
1281195597148585984
1281195695865827329
1281195763343777793
1281195799259611136
1281195956705296390
1281195971330953216
1281196050284412930
1281196140013240322
1281196316794728448
1281196938558390275
1281196969373962240
1281196971420680193
1281197227571109888
1281197306793078787
1281197312795193344
1281197337096921090
1281197948433465345
1281198094936207360
1281198188934959105
1281198320229154817
1281198355066961920
1281198383034781698
1281198514853359616
1281198685561303042
1281198719845543937
1281199225938817024
1281199437444984835
1281199794975911937
1281199820200427521
1281200068461240320
1281200114065965056
1281200132529127425
1281200143274897409
1281200238817091584
1281200323986698241
1281200438524682245
1281200840468910082
1281200933884637187
1281200938326294528
1281201217247404037
1281201318925754369
1281201587910856704
1281201974180904963
1281202153034563590
1281202176598163456
1281202351647440896
1281202391426256896
1281202399210848257
1281202525324992512
1281202567389696002
1281203023117799427
1281203117577494529
1281203499959816195
1281203601352916992
1281203691748569090
1281203712309035008
1281203824393322498
1281203961488306176
1281203962557771777
1281204082263408642
1281204330759163905
1281204403433803776
1281204688902332416
1281204868959686658
1281205526743994371
1281205572059062272
1281206169101570055
1281207106821996544
1281207328428232705
1281207422024024064
1281207510075011072
1281207736479485952
1281208045121478656
1281208136846774273
1281208148716589058
1281208635478151170
1281208922460680192
1281209151847305216
1281209411470528514
1281209421239066625
1281209507566190598
1281210029266415617
1281210200284958720
1281210317930823680
1281210377749983232
1281211127637172224
1281211265038368768
1281211278455963649
1281211358906920960
1281211519607255040
1281211542609039361
1281211597797687296
1281211617380892674
1281211724801216512
1281211866249920514
1281212325144510464
1281212470367928325
1281212593831583744
1281212986225377281
1281213003002716170
1281213308402634753
1281213391076503552
1281213701589270530
1281214260425699328
1281214281858473984
1281214540047417351
1281214754166628353
1281214877512732672
1281215378782326787
1281215571208491008
1281215854533922818
1281216266171277312
1281216437021896706
1281216583801737216
1281216698385915904
1281216916363923457
1281217072861757440
1281217363073957888
1281217371458469890
1281217552153182208
1281217565361143809
1281217795192246275
1281217949924196357
1281218034867171329
1281218613832290310
1281218759546396672
1281218764206477315
1281218899544023046
1281219061620150277
1281219430597513216
1281220067733262336
1281220790042714114
1281220811190403075
1281221038005723141
1281221059103068161
1281221114040070147
1281221204293103619
1281221368118378497
1281221582980108289
1281221741440839681
1281222147877343239
1281222409551597568
1281222534889906178
1281222651843936256
1281223596426199040
1281223806279958528
1281223973368291328
1281224081464049664
1281224324985376770
1281224658998587392
1281224738854113281
1281224884295794689
1281224977434513408
1281225054592917504
1281225211355037697
1281225233052119040
1281225237263155204
1281225365940310018
1281225466989477888
1281225815339028480
1281225943961477122
1281226166549073921
1281226665671233536
1281226925294399488
1281227316304191488
1281227523750150144
1281227698749259776
1281227797596442625
1281227974818304002
1281228152354865155
1281228333217312769
1281228510812610563
1281228513211830272
1281228628177510407
1281228688059764738
1281228777041932289
1281228863649898496
1281228944591773696
1281229001265016832
1281229149722550278
1281229232182525952
1281229309529784327
1281229412650844160
1281229534138978304
1281229612576657408
1281229970589835264
1281230038608818176
1281230093008986114
1281230179914956800
1281230193437351937
1281230197052846080
1281230501861306369
1281230687434166273
1281230729716867072
1281230734536118272
1281230818279555073
1281230996189347841
1281231174057238528
1281231247742849024
1281231351736385538
1281231380609929223
1281231431080050690
1281231529134501893
1281231540299747328
1281231782730510339
1281231784676429825
1281231794650611713
1281232379093430272
1281232454313889793
1281232466011754496
1281233065545736193
1281233235310067712
1281233415195357185
1281233419783901185
1281233746553946119
1281233834835664896
1281233845803716609
1281233910836285440
1281234111668125697
1281234149316190209
1281234189581508608
1281234240533860352
1281234316761206784
1281234367814275074
1281234677831876608
1281234721876447232
1281234810598576129
1281235639921500165
1281235696917917698
1281235821631361025
1281236090230321152
1281236418757615617
1281236507328745473
1281236763499995136
1281236812485341187
1281236851932696579
1281237029037228032
1281237206124965891
1281237384336740354
1281237562384945152
1281237740227645441
1281237828953944064
1281238010865037312
1281238238552784897
1281238277480161284
1281238277496942592
1281238350997999617
1281238447949111302
1281238686319865856
1281238804867710977
1281238862048739341
1281239312974127104
1281239668164526084
1281239781222072322
1281239853506727941
1281239865238204419
1281239870497869828
1281239895856615424
1281240225830842373
1281240314330722305
1281240402708672514
1281240402658557952
1281240523777466369
1281240580362850310
1281240592756936710
1281240845707104256
1281241083842834435
1281241517605171201
1281241557694283777
1281241582142992385
1281241590556700673
1281242024952414208
1281242154942238728
1281242307723960322
1281242320919310337
1281242357485187072
1281242406566985729
1281242798734409729
1281242998710378497
1281243232412762114
1281243236821012486
1281243422385418243
1281243518514667522
1281243680406491137
1281243947780591616
1281244098708545537
1281244161824489473
1281244331488227331
1281244533662105600
1281245150027452416
1281245174572683265
1281245365207851009
1281245676148527105
1281245817597280256
1281245906445242368
1281245972522250241
1281246101677490177
1281246200696619010
1281246234099908609
1281246259668541442
1281246261119717379
1281246438735970305
1281246615710425088
1281246710166151168
1281246792454201345
1281246821130686470
1281246881218256903
1281246890323963907
1281247046012461057
1281247137968291842
1281247177159905280
1281247507909996544
1281247652240384005
1281247720855003137
1281248605727326212
1281248833025069057
1281249008803917824
1281249010871721984
1281249276870512644
1281249365361901577
1281249412983992320
1281249454822129669
1281249470680903681
1281249598292537344
1281249809702191104
1281249881424826369
1281250237089275909
1281250266550087683
1281251520453976064
1281251580046708736
1281251700855234560
1281251769050333190
1281251852865200128
1281251869059428352
1281251942069686272
1281251962810490882
1281251988936765441
1281252238049136642
1281252297444597760
1281252808092798976
1281252828821012482
1281252917639557121
1281253011424268288
1281253292832468992
1281254071995969539
1281254358651371526
1281254362912886790
1281254469435604993
1281254688558637058
1281254872034279424
1281254901109186560
1281254927587655682
1281254960852803585
1281255057141481473
1281255138288680961
1281255191732350976
1281255234325458946
1281255300876718080
1281255330387841024
1281255492984156161
1281255527092236289
1281255650010574848
1281255671229566976
1281255826640994311
1281255845184122881
1281255847600041986
1281255930886316033
1281256081910640643
1281256219789819905
1281256444847783937
1281256703187714051
1281256763355025414
1281257666241859587
1281257889580097537
1281257961529237504
1281257985604562945
1281258145390768128
1281258396243628032
1281258517731708933
1281258694798389251
1281258904001949696
1281258960947904517
1281258963275780097
1281259223763095552
1281259714257522690
1281260917121077248
1281260945759592450
1281261183836860417
1281261310039265280
1281261360677113856
1281261456864968707
1281261521486729223
1281261537789968386
1281261562171404291
1281261638864248835
1281261646388908032
1281261735614263296
1281261892690944002
1281261981303963648
1281262760417013761
1281262792927035396
1281262841660690434
1281263218887983111
1281263421988765696
1281263525512581122
1281263617522962433
1281263753699512325
1281263890047938561
1281263916367183873
1281263923472338945
1281263935119908866
1281263982620352515
1281263986177011716
1281263987271729152
1281263988358049792
1281264014866202624
1281264023808466956
1281264112455102464
1281264460548542464
1281264556715671553
1281264654803755014
1281264734508064773
1281265002238939146
1281265084908466176
1281265452237324290
1281265626980519936
1281265761957351427
1281265764465434626
1281265995663814656
1281266285490450432
1281266478650740736
1281266509898223616
1281266791969366018
1281267220232970240
1281267227057180673
1281267576849432577
1281267650354655232
1281267754566324224
1281267932606205954
1281267946510143488
1281267957843230722
1281267981574639619
1281268021399617540
1281268043952336899
1281268134419234817
1281268469791629312
1281268566097100802
1281268773937451008
1281268874625908743
1281268906460659715
1281268931769106433
1281269048702009345
1281269229652590592
1281269250259378192
1281269285407645696
1281269371579576326
1281269443662942208
1281269537791492097
1281269612991168513
1281269616564723713
1281269817018810369
1281270063484547073
1281270214798176261
1281270240144429058
1281270241062981640
1281270483028185088
1281270589475479552
1281270597415243778
1281270640016855041
1281270740696825856
1281270794643927040
1281270951057993730
1281270975959568385
1281270988542484480
1281271234173505536
1281271264968146947
1281271294361841667
1281271303056625665
1281271672641933314
1281271719299293186
1281271757119332352
1281272175509549058
1281272334884757505
1281272377867984907
1281272539214344193
1281272682282127362
1281272698853896192
1281272871617286145
1281272992115372032
1281273081064013830
1281273375617417219
1281273435457564677
1281273612855644160
1281273692148793345
1281273727578189825
1281273898164723714
1281274057208578050
1281274096559546368
1281274132928192512
1281274376500006912
1281274648882274309
1281275172452999169
1281275261166555136
1281275399654313986
1281275572870578176
1281275635269349376
1281275644425502721
1281276030074880002
1281276098840584198
1281276130327224326
1281276138203918336
1281276155979608064
1281276276616179713
1281276453561171968
1281276630216957952
1281276631592701952
1281276809062100992
1281276986271379467
1281277638707994624
1281277966375358464
1281278667780435974
1281278688600850432
1281278711623561216
1281278727318638593
1281278818083364865
1281278848181637123
1281278973587095553
1281279028847169537
1281279082613714956
1281279085675573250
1281279086426337280
1281279086560600064
1281279117518872576
1281279144110718978
1281279182715183104
1281279257574952961
1281279294988324869
1281279472377966592
1281279539260391430
1281279562056445952
1281279724199673856
1281279827518074881
1281280004308054018
1281280093118238722
1281280273242562560
1281280418738851845
1281280542978256896
1281281325887033345
1281281342228049928
1281281624349556736
1281281816591302656
1281282019654160384
1281282046439063554
1281282123249471491
1281282134821527552
1281282312483868679
1281282483779223553
1281282668366348290
1281282701996306433
1281282736486060033
1281282806308581377
1281282815737376779
1281282845542154243
1281282915989696520
1281283112186589194
1281283236883238913
1281283411928207361
1281283863642136577
1281283886404771840
1281283905392390148
1281284239552663553
1281284535116804101
1281284930115338251
1281285117311422466
1281285390490644480
1281285501060874260
1281285589137076228
1281285665536294918
1281285877851762689
1281286531051933697
1281286900326772737
1281287335812853760
1281287409305518082
1281287571218317312
1281287697596919810
1281287778433712128
1281287984826982400
1281288037717114881
1281288141249196032
1281288195691380737
1281289480092164097
1281289735042994177
1281290722268909570
1281290775180062724
1281291182308548608
1281291347123736579
1281291481689579520
1281291715043905538
1281291715677216768
1281291745326759936
1281291752419151872
1281292075544326144
1281292347775516672
1281292708234092546
1281292852111331328
1281293086438469632
1281293537506725890
1281293544590921733
1281293795108114432
1281293892516642816
1281293931284557824
1281293931209089025
1281293979645095936
1281294346977935360
1281294396680556544
1281294523394646016
1281294650595323905
1281294796275937280
1281294869554659330
1281295235365158916
1281295655852482562
1281295662068518913
1281295754372530176
1281295907804217346
1281296085995134977
1281296347484680192
1281296429298757633
1281296545078489088
1281296794123714562
1281296815837642752
1281297456974659584
1281297470107127811
1281297557977812996
1281297588524900355
1281297820176261120
1281298090922778625
1281298122208096262
1281298373526589440
1281298405013295113
1281298432490180609
1281298439771324416
1281298711298129925
1281298794664116225
1281298839211855873
1281298951702970370
1281298959382859783
1281298989493760002
1281299189742342144
1281299328154337280
1281299465631141889
1281299697123184642
1281299822901751808
1281300032663191555
1281300066595147776
1281300128494751744
1281300353099739136
1281300586370076676
1281300766259441666
1281301363901808646
1281301403613396995
1281301611139104774
1281301644001439744
1281301660640448514
1281301727379984384
1281302303677583362
1281302326356127745
1281302412221976583
1281302506920960001
1281302562508062728
1281303308955717632
1281303395693932551
1281303460194004997
1281303460479188992
1281303576837406720
1281303602921910273
1281303695104380928
1281303699252482051
1281303720777613312
1281303724972007424
1281303791065841665
1281303871772659712
1281303995730948096
1281304005675794432
1281304085480853504
1281304093294813190
1281304105575735297
1281304356189540354
1281304696418791424
1281304893236658176
1281304932247896067
1281305246816448517
1281305262268149760
1281305262792609800
1281305285349511168
1281305300507561984
1281305698568228864
1281305701063802880
1281305723519946752
1281306102781685765
1281306547755327489
1281306570530398215
1281306724213948417
1281307007190888448
1281307094222868480
1281307192952532994
1281307302570668035
1281307424918589442
1281307643311796225
1281307918223245313
1281308003954819072
1281308027723841537
1281308115267436548
1281308341936041984
1281308411167113217
1281308536526573570
1281308548132192256
1281308598417543168
1281308742223564806
1281308772955295749
1281308777426243587
1281309005445505026
1281309168297807872
1281309250577403905
1281309362430996481
1281309569382260737
1281309748101615617
1281310135260868609
1281310401557299200
1281310713844203522
1281311023409106945
1281311184768176130
1281311257438687233
1281311377097994240
1281311554596634624
1281311631889190912
1281311879747510272
1281311886244564992
1281312175320002563
1281312175919894529
1281312186925830145
1281312272611147777
1281312386876690434
1281312466446753793
1281312509975244800
1281312662857625601
1281313186311004160
1281313221610258437
1281313244104318977
1281313479320797185
1281313724784168961
1281314028376272898
1281314033086365703
1281314040527171585
1281314163906752514
1281314344832241664
1281314370316877824
1281314879954173953
1281314982567841795
1281315304069627908
1281315488509751296
1281315784078155776
1281315936721604611
1281316232432623619
1281316353966772229
1281316579456815105
1281316726043561985
1281316745156820992
1281316746167824385
1281316883136946176
1281316935813210118
1281317007586181123
1281317226839265286
1281317300197605376
1281317439008014338
1281317576824496136
1281317619891568640
1281317815635472384
1281318123350585346
1281318133085716480
1281318149774811144
1281318270646267906
1281318438078689280
1281318677502136320
1281318801414422528
1281318852735967238
1281318857517363200
1281318885761974272
1281319275249037314
1281319311630467072
1281319348502556673
1281319411295703041
1281319826116485136
1281319909440528384
1281320409539977216
1281320464275701760
1281320741644967948
1281320895227797519
1281321686361673735
1281321856037986313
1281321932470788103
1281322195617226762
1281322429982351375
1281322519350386704
1281322548848926749
1281322808841134082
1281322940332568576
1281323177143078919
1281323237306179586
1281323360471982087
1281323511605272591
1281323878493466624
1281323885086912512
1281323924702130176
1281324096496627712
1281324177258160129
1281324586286616578
1281324657984049153
1281324847390314496
1281324977204101120
1281325071450218497
1281325233031372801
1281325518072266752
1281325598695137280
1281326646499385362
1281326758382522369
1281326876569419776
1281326963265867776
1281327010107752449
1281327028013117440
1281327258326700032
1281327371405135878
1281327510819569665
1281327557925797890
1281327564896837633
1281327782811914240
1281327938827440133
1281328510188113920
1281328574054752265
1281328614441652229
1281328626928164865
1281328658305683458
1281329042080202752
1281329128851947520
1281329199903502338
1281329432553230338
1281329650829008897
1281329659683246080
1281329680239534080
1281330276883456010
1281330384035352577
1281331140607881216
1281331197810008065
1281331594167570434
1281331935055360000
1281332125896249344
1281332372814745602
1281332756077858823
1281332889976700931
1281333765659398146
1281334692222992390
1281334905478275073
1281335134814449665
1281335188837081088
1281335424917667842
1281335986669092864
1281336091333754886
1281336128390303744
1281336206031118337
1281336429365415936
1281337039141531648
1281337230309629952
1281337262622613505
1281338361119076352
1281338428207042566
1281338760949637126
1281338842830614529
1281338878817898499
1281339016894455816
1281339105209536513
1281339108468469761
1281339400023166977
1281339649013821444
1281340087553458179
1281340163533279235
1281340273432449025
1281340784973774848
1281340828493983745
1281340869950545921
1281341375787589632
1281341406024433666
1281341425096052739
1281341523997724672
1281341868610125831
1281342049468452864
1281342426326732800
1281342530223697920
1281342626562633728
1281342656216543242
1281342743198007296
1281342749464162305
1281343089446133761
1281343231809261569
1281343314273251328
1281343548441452544
1281343632130400258
1281343661507334150
1281343872048738304
1281344000075665410
1281344610405580806
1281344908406788099
1281345194911248388
1281345473715068930
1281345581479321600
1281345808617668614
1281345830209884160
1281346097609240576
1281346298587893760
1281346389277134849
1281346401494917122
1281347061464498176
1281347276573749248
1281347579037601803
1281347735757697028
1281347766757797890
1281347864120131585
1281348163014553600
1281348539344228354
1281348972611764226
1281349250908065796
1281349264875180041
1281349568102367233
1281349652751630336
1281349699346354176
1281350058282070016
1281350063080517632
1281350101970161665
1281350678967914496
1281350702485377030
1281350792117723136
1281350824996687874
1281350867174723585
1281351084397588480
1281351144338530304
1281351676851564546
1281351937368051713
1281352005328527361
1281352273310949376
1281352359055065089
1281353224633626625
1281353292380082177
1281353499272458240
1281353841343188992
1281353918266642432
1281354076215808000
1281354079814291457
1281354080938373121
1281354204922155014
1281354408610103296
1281354752479989760
1281354787523420160
1281355044936388608
1281355284775141377
1281355833356570624
1281356082141593603
1281356182503006211
1281356412698812416
1281357010492170240
1281357546079608834
1281357626672943104
1281357656125562880
1281358145978273795
1281358221547114496
1281358272394604544
1281358343165091846
1281358719339704320
1281358754609389571
1281358962495979521
1281358966174420997
1281359042305298432
1281359216238886912
1281359343263375360
1281359635396476934
1281359656674369536
1281359817672544258
1281360058866180098
1281360062242525191
1281360120803397635
1281360147638558720
1281360410466226178
1281360797889777665
1281361072872710144
1281361083513491457
1281361235708174336
1281361279517634563
1281361396698152960
1281361430273568770
1281361535873540097
1281361587052281856
1281361591968071681
1281361742799548416
1281362751001169922
1281362788653371392
1281362977069977600
1281363365349273601
1281363532626288640
1281363615044349952
1281364164217315328
1281365024569806848
1281365498668646400
1281365836742176768
1281366059652730882
1281366764354449408
1281367645024124928
1281367771872399360
1281367795003994113
1281367821159731206
1281367843133677569
1281367990596820993
1281368350669578242
1281368739418484736
1281368925804957696
1281368927977668608
1281369087772446722
1281369488898875392
1281369842327515136
1281369987341357057
1281370211178946564
1281370494911094784
1281370671663046658
1281370957056278529
1281371418350030849
1281371906260729856
1281372966253723649
1281373143735562245
1281373280264495105
1281373388926267395
1281373543222083590
1281373559412187136
1281373665196748800
1281373752782131205
1281373815520538625
1281373819870093313
1281374298100424705
1281374827396423680
1281375015716388865
1281375032774725635
1281375045944737798
1281375129994502145
1281375898470580225
1281376153194975240
1281376255972118529
1281376261072461824
1281376331536556032
1281376341817008129
1281376582469394433
1281376954642362368
1281377309300269058
1281377531078365184
1281377943164342272
1281378066460073985
1281378189508595715
1281378208630415366
1281378727126016003
1281378761150205952
1281378770759438336
1281378929471881221
1281378998526701568
1281379003161554945
1281379114981535745
1281379339205070848
1281379484281823233
1281379590649155591
1281379784979816449
1281380258675961856
1281380496312872963
1281380649308430336
1281380899498713088
1281381735561940992
1281382007143116800
1281382014516486144
1281382079574552577
1281382140987551745
1281382268603297792
1281382293580378112
1281382351793250304
1281382494995132418
1281382784930480133
1281382840475713538
1281382897425866752
1281383063025446912
1281383079668572161
1281383900833439746
1281384023030403073
1281384029908922368
1281384066953154571
1281384076025487361
1281384541664485376
1281384874591555586
1281384876537716736
1281384959190749190
1281384979172401152
1281385099355992064
1281385196223369218
1281385228460851200
1281385363437649920
1281385581126324226
1281385692841549826
1281385793190273024
1281385842561318912
1281386112490110982
1281386748099153920
1281386856895193091
1281386971693228034
1281387162483617792
1281387321053634560
1281387483842912256
1281387930699862016
1281388040439513089
1281388307973378049
1281388340034576386
1281388784983187458
1281389183253319680
1281389812310781957
1281389880539598850
1281389940304207873
1281390086664396800
1281390314276687873
1281390436746235904
1281390718427312129
1281390823247142913
1281391088557850624
1281391228299415558
1281391236230897664
1281391360734572551
1281391570944573445
1281391606319345669
1281391862243360774
1281392349596266498
1281392460267245568
1281392591351812096
1281392643029835778
1281392905081454593
1281393132286947329
1281393186859089920
1281393560722583552
1281393566871252992
1281393584797814785
1281393589327724544
1281393910607224839
1281393912095989760
1281394088470695937
1281394322701778945
1281394379580682240
1281394393585418241
1281394409620287488
1281394872889626630
1281395230747635715
1281395396410048512
1281395461908246529
1281395590870429698
1281396027652702208
1281396071722356741
1281396301498847232
1281396500715708417
1281396721344491521
1281397568224755714
1281398096103178240
1281398425083404289
1281398563889610752
1281398680948547585
1281398785097203712
1281398920137052160
1281398995592585216
1281399007613341702
1281399008917778433
1281399032049532929
1281399133723598848
1281399761438834688
1281399893966413826
1281400087470637056
1281400775063871489
1281401054219968514
1281401158657966080
1281401166291595265
1281401616336334856
1281401999519621120
1281402106826588160
1281402269796360192
1281402560235044864
1281403275426717698
1281403562384166912
1281403776818184193
1281404157857902593
1281404816615526402
1281405343101333506
1281406842061688833
1281407063478992898
1281407147805421568
1281407363917008896
1281407378857000960
1281409111570165763
1281409167392043008
1281409457411555330
1281409622805553153
1281409922207449088
1281410220112130048
1281410292212289536
1281410880366882816
1281410986503741440
1281412446201221121
1281412554754002944
1281412591827529730
1281412756084871172
1281412865736486914
1281413015028609024
1281413505472749569
1281413970138509312
1281414026325454850
1281414182483701761
1281414571622895616
1281414797817450496
1281414989207580673
1281414991149555717
1281415162553970688
1281415170498138113
1281415707167784960
1281416011821060096
1281416150467960832
1281416231552192512
1281416639343472640
1281417968040030208
1281418140832935936
1281418438225911808
1281419384007921665
1281420110708776961
1281420391815290885
1281420741523771392
1281421232785764354
1281421512894013441
1281421621392224257
1281421997520629768
1281422512589611010
1281422991415541761
1281423106830225408
1281423127713591296
1281423494228717568
1281424003027144706
1281424083557789697
1281424205775609856
1281424514409205760
1281424840239525891
1281425291135479808
1281425303693332480
1281425592865390593
1281426481831387138
1281426526437810183
1281427559977115648
1281427676683800576
1281427835249467395
1281427893734772736
1281427915717128194
1281428046243926016
1281428114523017219
1281428155606216704
1281428178490327040
1281428708352389120
1281428944315539457
1281429035302760450
1281429187933290500
1281429659360559106
1281429786917842944
1281429926319730696
1281430075380871168
1281430077687791616
1281430450410586114
1281430450615926784
1281430618153287680
1281430779059408896
1281430997574184960
1281431459560136705
1281431479537606658
1281432579632181248
1281432639082299399
1281432722116767744
1281432735589040130
1281432988908089344
1281433032600281090
1281433169070178304
1281433795904901120
1281433817459326976
1281434174910377986
1281434601420980224
1281434961040441347
1281435066023833600
1281436378174296064
1281436439557951488
1281436499611803650
1281436556528627713
1281436613554429955
1281437363496013824
1281437876430012416
1281438295302402049
1281438784064819200
1281438818093150213
1281438840901836801
1281439742828175361
1281439766655819777
1281439862579761153
1281440107229335552
1281440166947807234
1281440789692809216
1281440849960865792
1281440966180843522
1281440983293530112
1281441149748760576
1281441402572988416
1281442023438876673
1281442148676587520
1281442936471855105
1281442949570744320
1281443248020639745
1281443438534238209
1281443481974644736
1281443638237691905
1281443638443114504
1281443826591248384
1281444045672374273
1281444048394432515
1281444407712067585
1281444424346595328
1281444636058427392
