1278581142548078592
1278581314086567936
1278582283860090881
1278582452437626882
1278582457005154304
1278582852448407552
1278583088860270592
1278583194166587392
1278583195210924032
1278583196263669760
1278583197308030976
1278583199426199552
1278583331660193804
1278583521280512000
1278583794052861952
1278583968670060544
1278583989272547328
1278584507004784641
1278584851617271809
1278584903341309953
1278585073198129152
1278585314328621061
1278585712963727360
1278585835412045824
1278585882946277376
1278586193265987585
1278586209309245440
1278587091304108032
1278587196468051968
1278587551901782016
1278587977556353025
1278587988868575232
1278588192325861377
1278588266074251264
1278588586879782913
1278588924898807814
1278589106742648832
1278589414864637953
1278589707090305024
1278590001731821568
1278590293256871937
1278590794555850759
1278591142628638720
1278591243841396736
1278592075450265600
1278592528502206464
1278593539946041346
1278594737285496833
1278594945927053312
1278595016877912064
1278595183383379969
1278595308587380738
1278595500288114689
1278595678621425664
1278596634545356800
1278597308343517184
1278597650175135744
1278597884389228544
1278598066560532482
1278598167047503872
1278598168293388289
1278598168582578177
1278598171778678791
1278598173880008704
1278599219943792640
1278599222007418880
1278599407328301056
1278599658445602818
1278600060154941441
1278600180858630144
1278600360186327040
1278600721684852736
1278600771357995008
1278600995359076353
1278601110656352256
1278601158106533888
1278601383747489792
1278601421211009024
1278602981324328961
1278603000982974464
1278603233297039361
1278603453539860480
1278603801088471042
1278603896957566976
1278604208351006725
1278604790310801408
1278605678173552640
1278605696431349761
1278606270531018753
1278606420385189888
1278606455315353602
1278606554753839104
1278607063594283008
1278607245891289088
1278607724683689984
1278607930103906305
1278608168671744000
1278608238406139904
1278608431017078790
1278608604317331456
1278609015652724736
1278609113971294210
1278609315079823360
1278609616453148675
1278609631611404288
1278609741829283840
1278609999686774805
1278610834432733184
1278612110415544320
1278612657352966144
1278612887209115648
1278612920541347840
1278612946483101696
1278613012773928960
1278613014317395968
1278613019161792512
1278613119158403073
1278614070757818369
1278614816584863744
1278614865041653761
1278614879725912064
1278614899116044289
1278615458250461185
1278616147194085376
1278616244145487873
1278616598841040897
1278616789811818497
1278616969298706433
1278617081148321792
1278617239269396480
1278617363189989376
1278617502285692934
1278617525425778689
1278617653603635200
1278617972165263361
1278618512022482945
1278618683464658944
1278619441262202882
1278619965042679808
1278620250012102656
1278620321311002624
1278620487199883264
1278621079033036801
1278621211556184064
1278621412782157824
1278621677052665858
1278622282466942976
1278622545533710336
1278622719194673152
1278622897116856321
1278623068668166144
1278623304019042305
1278623423162449920
1278623635037708288
1278623928412516354
1278624264141168641
1278625011637669888
1278625064708161538
1278625804675624960
1278626018522214400
1278626119084892162
1278626367387717633
1278627342391312384
1278627986225295360
1278627987336777728
1278627988435660800
1278627991740747776
1278627992927793152
1278628523641638913
1278628614507036672
1278628625386962946
1278628693498306562
1278628990631239680
1278628998046720000
1278629583340871681
1278629880670945281
1278630292820045826
1278630367579131904
1278630407320121346
1278630783427776512
1278631015997571072
1278631416427921409
1278631924521734145
1278632015479205889
1278632534679736321
1278632978768429056
1278632982673268736
1278633314077806592
1278633413713506304
1278634708314869760
1278634839688851461
1278635509405888512
1278635720329048071
1278636050005581828
1278636269543841792
1278636543536705539
1278636847107842050
1278637022962421761
1278637301459849216
1278637490795155456
1278637602070036482
1278637632986198016
1278637676388773893
1278637797524426752
1278638044854267904
1278638120766971904
1278638293970755585
1278638314690613248
1278638648318140417
1278638673802792960
1278638824730644480
1278639072605376513
1278639154918764547
1278639214767345664
1278639342932709376
1278639586093064193
1278639661569712130
1278639672953053184
1278640094375743488
1278640131176632320
1278640970905595909
1278641136681156608
1278641470921154560
1278641860504883202
1278642116693037058
1278642142890594309
1278642411288383488
1278642642088341509
1278642901367558144
1278643066673467393
1278643085707116549
1278643086839541765
1278643139096567808
1278643307799863296
1278643600734240768
1278643614915182592
1278643617599496192
1278644234745270276
1278645330901446659
1278646059598852096
1278646314759323649
1278646550193995778
1278646563586412545
1278646747066220545
1278647099677184002
1278647185366831106
1278647292191404033
1278647354472591360
1278647411599183877
1278647428762271744
1278647720022925315
1278647800692080645
1278647852323999745
1278647845235699714
1278648072931815424
1278648090577252352
1278648178418614277
1278648706892472320
1278648742539923456
1278649532851482624
1278649673834618882
1278649826918510592
1278649837353910277
1278649949572530176
1278650253315629058
1278650391035408384
1278650500808871937
1278650513861611520
1278650615787388928
1278650851247173633
1278650852086030338
1278651723532439553
1278651850837954560
1278651870328827909
1278652015799828480
1278652136113438722
1278652357635723266
1278652585562562560
1278653124320694274
1278653629130592262
1278653672600240128
1278653699443904513
1278653723057807361
1278653737326665729
1278653874757423104
1278653895863042049
1278654319219191808
1278654365990039552
1278654846682324992
1278655005369577473
1278655280813879296
1278655336455553024
1278655560464793600
1278655568664653826
1278655575845306369
1278655579381100546
1278655774974259203
1278656261882593281
1278656498776920065
1278657184084250629
1278657391769251840
1278657423830630400
1278657479665164289
1278657757009215489
1278658063327809537
1278658144063930370
1278658314667126784
1278658480354799616
1278658728334626816
1278659044572631041
1278659072108134401
1278659202865643521
1278659464409812993
1278659474182606848
1278659784871260161
1278660007857438720
1278660318038802435
1278660405276086282
1278660533932171265
1278660581893890050
1278660623694548993
1278660661736648704
1278660783761764353
1278661008534487040
1278661195520671744
1278661428917010432
1278661782069030915
1278661810447499265
1278661903770935299
1278662223854960640
1278662322869829632
1278662551627272192
1278662739943137285
1278663256144523268
1278663400839667712
1278663754390147082
1278663796832325634
1278663877258088449
1278664226769440768
1278664397846728704
1278664439034773504
1278664601815703552
1278664933308276736
1278665437799219203
1278665579776421889
1278665813831094272
1278666026218074114
1278666058665209857
1278666137274892289
1278670010781761536
1278672030758510593
1278672462507638784
1278672802275614726
1278673103611142144
1278673146086899713
1278673165489541120
1278673180048134144
1278673257261129728
1278673372524744704
1278673556461596672
1278674018321776640
1278674225885257728
1278674554555002881
1278674979048087552
1278675036598161409
1278675506771251200
1278675527268593664
1278675532985577472
1278675919444606976
1278676181651386369
1278676442440744960
1278677183523958784
1278677323571761152
1278677334137155589
1278677881225392129
1278677945058385927
1278678187199922176
1278678194724405249
1278678332834557953
1278678445132779521
1278678656936816640
1278680619770314752
1278680624178638848
1278680896963477506
1278681308315758594
1278681936140140544
1278682084060663809
1278682125420638209
1278682598827593742
1278682613134262272
1278682842705297408
1278682987807141888
1278683541220589569
1278683675555581952
1278683705553321985
1278683818711490561
1278683945538813952
1278683962995609600
1278684097175584768
1278684223486849024
1278684271801221126
1278684460372889600
1278684610411376640
1278684616497520642
1278684628837163010
1278684867237199872
1278685141326577666
1278685603534647301
1278685718781493248
1278685790684381184
1278685880102813697
1278685886377529347
1278685898675310598
1278686127000600577
1278686265337053189
1278686368835698691
1278686445486686209
1278686898966466563
1278687020777377793
1278687366509715459
1278687364664053762
1278687506125541382
1278687539734306816
1278687750863060994
1278687913031667712
1278687950205857794
1278688017839001606
1278688139012239361
1278688142862635009
1278688199272017927
1278688257581240321
1278688265831436288
1278688290204463105
1278688765624627202
1278688811875172353
1278689628158152704
1278689876402212864
1278689951761100800
1278689965149491204
1278690198071791617
1278690610426392577
1278690646497415168
1278691162933596162
1278691590417022982
1278691613586460677
1278692289813061632
1278692413263904772
1278692546798129152
1278692605132406785
1278693393971937280
1278693625287733249
1278693633236099074
1278693914958901249
1278693927512690688
1278693973897469952
1278694468279926791
1278694510680248323
1278694664825188353
1278694796425560067
1278694874632663042
1278695093881524226
1278695299373060102
1278695483226152960
1278695639363260416
1278695957610315776
1278696015592411137
1278696048446275585
1278696120781340674
1278696153492738049
1278696452613713921
1278696625196732417
1278696651306213376
1278697441110392833
1278697866467389441
1278697995337437185
1278698037653585920
1278698545512615936
1278698558347251712
1278698783270936578
1278699143708450817
1278699292224618497
1278699512983412737
1278700213192941568
1278700227554238466
1278700234369974273
1278700238962737152
1278700303056068608
1278700388120555520
1278701023910133760
1278701215744962561
1278701568746012674
1278701606452813826
1278701632755245056
1278702081981980672
1278702255156482048
1278702269853286401
1278702377697230849
1278702533356249089
1278702677292171265
1278702921866252289
1278703132743270401
1278703286422552576
1278703318014005250
1278703494048788480
1278703497978892292
1278703501846052864
1278703506136784897
1278704039576965120
1278704871160664066
1278705034780344320
1278705307435270145
1278705525085986827
1278705533768413184
1278705700693295105
1278705771706974213
1278705882197614592
1278706028817846272
1278706140063215616
1278706161693396992
1278706270715838465
1278706278743724035
1278706304110989312
1278706362394923008
1278706400642977793
1278706413750104067
1278706507211780097
1278706569069420544
1278706631505821697
1278706710455123968
1278706876708909057
1278707224739819520
1278707337566568449
1278707525819523072
1278707668992040967
1278707698884907008
1278707953105661952
1278708142197669889
1278708213765091330
1278708436235157509
1278708451607285762
1278709048515297280
1278709056421707777
1278709190672990209
1278709366384975874
1278709982142197760
1278710033132421123
1278710101495422976
1278710671656366080
1278710766431096841
1278711024053563393
1278711024980541440
1278711025886539776
1278711032022732803
1278711069964369920
1278711665169534976
1278711722635866112
1278712469339373568
1278712532165955585
1278712704321159168
1278712830724898817
1278712851637698561
1278712872244297733
1278712936782082049
1278713350214619137
1278713736635842562
1278714017259950082
1278714371481501696
1278714488162783233
1278715812790992896
1278715818755280898
1278716095843704832
1278716388895531009
1278716464078319617
1278716471456206848
1278717125398536194
1278717432635494401
1278717557218959360
1278717646591021056
1278718082182049794
1278718539894046720
1278718691928969217
1278718962331717635
1278719299402829826
1278719807081381893
1278719851616448514
1278719936203014145
1278720250251526145
1278720645019455489
1278720784035438600
1278720801613766657
1278721144045146113
1278721468378079235
1278722135087812609
1278722276859486210
1278722514596900864
1278722793165803520
1278722939815374850
1278723026339729411
1278723094459437057
1278723212432547840
1278723332561604610
1278723601835921408
1278723736758296576
1278724159254736899
1278724865067896833
1278725136137494528
1278725666117165057
1278726623332904961
1278726768292069376
1278726768862658560
1278726977357254656
1278726988019228679
1278727136266854407
1278727775487176704
1278728443174236160
1278729038568263681
1278729256915349504
1278729410770636800
1278729435785674754
1278729448439918593
1278729646406881286
1278729831392391168
1278730207256600578
1278730561616568321
1278730695263870977
1278730702348079104
1278730792013709312
1278731533604532226
1278731674688188417
1278731906234953728
1278732159956680704
1278732388672180225
1278732418015518721
1278732612387975169
1278732845473689600
1278733057466363904
1278733059597242368
1278733059831902209
1278733094686621696
1278733336945594381
1278733554466291713
1278733579586088965
1278733719369629707
1278734062719393793
1278734064183390215
1278734288918364160
1278734343603720192
1278734382602301440
1278734616413835267
1278734659229270017
1278734766502825986
1278734860232859649
1278735277863907329
1278735281915662336
1278735355840286720
1278735589416804352
1278735965771763712
1278736176053194752
1278736444413095937
1278736643202129920
1278737214470422528
1278737221521043456
1278737544822378502
1278737670416609280
1278737842525659138
1278737946183708672
1278737966693834755
1278738278720520192
1278738584669958146
1278738590030352391
1278738768598568964
1278738818699603968
1278738843995422721
1278738906511441921
1278739135352750080
1278739367339663361
1278739851442106368
1278740095357640709
1278740210600349698
1278740219395784704
1278740529719754757
1278740694300086272
1278740802408198148
1278740844745457669
1278740878589177861
1278740898302566402
1278740911170748422
1278740933119442944
1278741131845685254
1278741264930942978
1278741375236878336
1278741412398469123
1278741926070685697
1278742003086286849
1278742162386157575
1278742199107289089
1278742610354601984
1278742619623960578
1278742648455680000
1278742824532480000
1278742925069946881
1278742925380333570
1278743054673948672
1278743281954893826
1278743613514698753
1278743769047863296
1278743919816294402
1278743984198713344
1278744070614126592
1278744258716065797
1278744461368004611
1278745063984705536
1278745657012969472
1278745666726932480
1278745736423899137
1278745782548598785
1278745899850698752
1278746468921364481
1278746583388094470
1278746744994529287
1278746859650113537
1278746989702729728
1278747188349280257
1278747378460372993
1278747393048141827
1278747479949918216
1278747500543979520
1278747581737295874
1278747853905629184
1278747913288589315
1278748091701776384
1278748151772409857
1278748238573690881
1278748333343940610
1278748343032741890
1278748366617423872
1278748580258471942
1278748584406646789
1278748671434272770
1278748914041212939
1278749027866038272
1278749161475751936
1278749199861858305
1278749401876500485
1278749471829037056
1278749577823256578
1278749678524391425
1278750058821955584
1278750080544243714
1278750328658198534
1278750361701036033
1278750651795767297
1278750713280114688
1278750933011349513
1278751398738513925
1278751440241123330
1278751523275751427
1278751636752494592
1278751648517623808
1278751704226263040
1278751904865148930
1278751965124669440
1278752086029721607
1278752438388834304
1278752447268298753
1278752760481984513
1278752769541890048
1278752862701576193
1278752910541819906
1278753012626927624
1278753083133214720
1278753470930137088
1278753675729608706
1278753712312406016
1278753994291191809
1278754336990887937
1278754405010092034
1278754530205798400
1278754616193060865
1278754708971294730
1278755633907544065
1278755987583877123
1278756085969682433
1278756565680566286
1278756998545317893
1278757028090044418
1278757206813405185
1278757593754804224
1278757999104974850
1278758038267146248
1278758211013808129
1278758725214302208
1278758852234625024
1278758875093753857
1278758960405843968
1278759501022351360
1278759677967372288
1278759933585108992
1278760086387777536
1278760143275114498
1278760343360040960
1278760386783838209
1278760717160714240
1278760742989238272
1278761528003563521
1278761627270221826
1278761891737866240
1278762189206282240
1278762490592219136
1278763129736843264
1278763130365960192
1278763254496604161
1278763541726625792
1278764047895351296
1278764118263152640
1278764509067427840
1278764667641294848
1278765170941210626
1278765528035794952
1278765575691538432
1278766015917277185
1278766115007627272
1278766443191025665
1278766454515490816
1278766656387497985
1278766660711845890
1278766840299347969
1278766886327480320
1278766894774919168
1278767474805219328
1278767579398647808
1278767919271419905
1278767920714264576
1278767951949246466
1278768036686622720
1278768573448630273
1278768694500495360
1278768904731594752
1278769077847285771
1278769245141315586
1278769336744902656
1278769458824216576
1278769622070841346
1278769621047414784
1278769685589381121
1278769750781374472
1278769965370392576
1278770113232220161
1278770255389757440
1278770636882694145
1278770837802356744
1278770869184102403
1278771336194785283
1278771384794189831
1278771546992107521
1278771597994852352
1278772088111759362
1278772179862159360
1278772452471029762
1278772491725484034
1278772743752896513
1278772788732575746
1278773221274398736
1278773283106758661
1278773368100212737
1278773490427088899
1278773637332508673
1278773644278325255
1278773669238657031
1278773729711947777
1278773898214064129
1278773905172332547
1278774268176691200
1278774382786215936
1278774635132268544
1278774664106393600
1278774689372962820
1278774759577333760
1278774981762179073
1278775143200948224
1278775625394933762
1278775797524975617
1278775891787685891
1278775915259088896
1278776409180209153
1278776429254250496
1278776449714081792
1278776647689396226
1278776857006166016
1278776881127608322
1278776929982832640
1278777202138636288
1278777381889728512
1278777600169648131
1278777619543216129
1278777717643771906
1278778039787229185
1278778106690408449
1278778196041834502
1278778632815759362
1278778669536882688
1278778677568962560
1278778714231377921
1278778828991664128
1278779114191814656
1278779143375802368
1278779235088437249
1278779781811769350
1278780062104510469
1278780257592463361
1278780439721885697
1278780599122014208
1278780896137666568
1278780905285443589
1278781029877243905
1278781616848900096
1278781664991338502
1278781726345617418
1278781730636337153
1278781829709889536
1278781868654157833
1278782251627667460
1278782423623491584
1278782485145542657
1278782596155990016
1278782671565406208
1278783034586738689
1278783128178475008
1278783215780671493
1278783504025870353
1278783639850008577
1278783919920492544
1278784198153842690
1278784660001218561
1278784844416376833
1278784954013450240
1278785256120868864
1278785383321473024
1278785626796687360
1278786009963155456
1278786244315668480
1278786571957919749
1278786907774889985
1278787149098344461
1278787263854522374
1278788072944123904
1278788173716480009
1278788258089050112
1278788449236115462
1278788452218273792
1278788482924785665
1278788615766568960
1278788986845245440
1278789616108265472
1278789763684859904
1278789812284252170
1278789981255974912
1278790204329877504
1278790207941181440
1278790723966341120
1278791143174569984
1278791206982606849
1278791340873179137
1278792120187445265
1278792159882285057
1278792212881563655
1278792540750307332
1278792725178048524
1278793083828662272
1278793117634871297
1278793345796419584
1278793974208172032
1278794000879816706
1278794067141439493
1278794069888716805
1278794179439714304
1278794229687484416
1278794247873888257
1278794368481218561
1278794388966117382
1278794629878624261
1278795257778524162
1278795544153018369
1278795908369481728
1278796030797021184
1278796579625893888
1278796611716595713
1278796935281942528
1278797993077026820
1278798043559735299
1278798117974900736
1278798165056065544
1278798303698849792
1278798677503606784
1278798744071352337
1278798781396520960
1278798861369294849
1278798975978487809
1278798993422602241
1278799511964377090
1278799731897053184
1278799955671605249
1278800053080150017
1278800844020953088
1278800858931769344
1278801055464124416
1278801106110500865
1278801559359565831
1278801624102821900
1278801902139052032
1278802044976013313
1278802065830088704
1278802408144023554
1278802413873328129
1278802685312012297
1278802686578745349
1278802912018391042
1278803364608966659
1278803382883385344
1278803503604027396
1278803935902552065
1278803960971710465
1278804085987311616
1278804528733786117
1278805198962638849
1278805731781816322
1278806056836235267
1278806068408320007
1278806407706443778
1278806649608769554
1278806833289990144
1278807345661911043
1278810930495750147
1278811063031443456
1278811139653152771
1278812307745918977
1278812583462486016
1278812584653840389
1278812709392277505
1278812826589491200
1278813335094358016
1278813427683786752
1278813615081107458
1278813888583282692
1278814401836068871
1278814542265552901
1278814628617883648
1278814824219238401
1278815578271240198
1278815880101666817
1278815979716345857
1278815986548912129
1278815994161528833
1278816679514996737
1278817076464025607
1278817106348388352
1278817159116992514
1278817837247639552
1278817899642343429
1278818066097270784
1278818388345847809
1278818698837528576
1278818872716648453
1278819504253014019
1278819736936157187
1278819776404439041
1278820175912022022
1278820338764255232
1278820780277673985
1278820830194151426
1278820948653666305
1278821011014770691
1278821446333194241
1278822404555452418
1278822772681011200
1278822905548353537
1278823070010994690
1278824123599392768
1278824449123418113
1278824622658662402
1278825015920730115
1278825180190646272
1278825304769925121
1278825351637078018
1278825368082886656
1278825636384116737
1278825707322425345
1278825946410254336
1278826245145452544
1278826321087549445
1278826380466302978
1278826513782263808
1278826535508520960
1278826974979346434
1278827063047344129
1278827403436077058
1278827809847291905
1278828120221585413
1278828393367134209
1278828925108527110
1278829359034490893
1278829468040249349
1278829531747532805
1278830661118328832
1278830691141255170
1278831204456947717
1278831883900551169
1278832166865113090
1278832462613880832
1278832742231420928
1278832800267993096
1278833645080449024
1278834052242509825
1278834085843161088
1278834277095034880
1278834324071202817
1278834852033261568
1278834865127841792
1278834871314477056
1278834886506434560
1278834940596158464
1278834992437776385
1278836801353003009
1278836981888401410
1278837040151486468
1278837111882280960
1278837201175023618
1278837378946338816
1278837485687246848
1278837676850974721
1278837683805175815
1278837929952063488
1278838139335913473
1278838143333142528
1278838191848554501
1278838219132428293
1278838378599866368
1278838379774267392
1278838380479090689
1278838509818785792
1278838857052684294
1278838886949683206
1278839064251314176
1278839386264629249
1278839785583448064
1278839973773541376
1278840092627554305
1278840545834655749
1278840554307158016
1278840607578996736
1278840715783651328
1278841406686142464
1278841583203430401
1278841778586759168
1278841798245388295
1278842783781044224
1278842918992785408
1278843059078180865
1278843116620066817
1278843279707013120
1278844147328331778
1278844180098363393
1278844358003998720
1278844511276466177
1278844657171120128
1278844672190734336
1278844772271230976
1278844901426434058
1278845128472432641
1278845143886561286
1278845352934858753
1278845732590694401
1278845805126914048
1278846027861196802
1278846253170929668
1278846301162082306
1278846307948429312
1278846327506587652
1278846453226434560
1278846490534961154
1278846738502123521
1278847685727051776
1278847891944112128
1278848075344293888
1278848142247518210
1278848354403966977
1278848610591928320
1278848673393369088
1278848720004616192
1278848847381499905
1278849046631854080
1278849056635342848
1278849071768375296
1278849902064340992
1278849944514973697
1278849976668434433
1278849995089772544
1278850585681412096
1278850674458013698
1278850675946991617
1278851180509171713
1278851398520750080
1278851715178078208
1278852270382350336
1278852302464573440
1278853222493564929
1278853226758987776
1278853650153197568
1278853693018955782
1278853877098520576
1278854008757800960
1278854104060592131
1278854112738717698
1278854308352622600
1278854357383933953
1278854480226729984
1278854595196772352
1278854664835018752
1278855162338082816
1278856012464820229
1278856082220253186
1278856202546544640
1278856310222721024
1278856566473658368
1278856627467292673
1278856824830210053
1278857280201555971
1278857288095272960
1278857363957731330
1278857502772297728
1278857639347335168
1278857747598016514
1278858142927945728
1278858290227752962
1278858303850725376
1278858409090207744
1278858417029906434
1278858423996764160
1278858638820442115
1278858681019441154
1278858733330857985
1278858775059935232
1278859134817927169
1278859298098077697
1278859356113641472
1278859388950732802
1278859573131194369
1278859666668355585
1278859967122960386
1278859968133939200
1278859969094455299
1278859970935754752
1278860035377049607
1278860333105524736
1278860758718263302
1278860888418783233
1278860987685384193
1278861175166570496
1278861319240912896
1278861342397652994
1278861396579622913
1278861451000774657
1278861695763578881
1278861759164624897
1278862040778584065
1278862124039778307
1278862158089027585
1278862287424667650
1278862585924894720
1278862652568219649
1278862724043333634
1278862907586076672
1278862982840270849
1278863219650682880
1278863376190406656
1278864113876127746
1278864359561867264
1278865020072460288
1278865451011969024
1278866764168859648
1278867040560955393
1278867066594918411
1278867295046184960
1278867426357186560
1278868199556083713
1278868200608821248
1278868201682526208
1278868202764693504
1278868313662251008
1278868951766675457
1278869251034669056
1278869487685718018
1278870209219063808
1278870316572389377
1278870731875549186
1278871111963475969
1278871465018810368
1278871639820849152
1278871772843081728
1278872212011958272
1278872348448428037
1278872514438070273
1278872912032825344
1278873256926347265
1278873375402864640
1278874767043559425
1278875084640436229
1278875125954330626
1278875693619843079
1278875749064282114
1278875751983583233
1278876395872096256
1278876561962405893
1278876742715879425
1278876761145724930
1278876960022835200
1278877139564204036
1278877203170639872
1278877252898287616
1278878832636899329
1278878843621847040
1278879112908726272
1278879351006773248
1278879374004105216
1278879528547282945
1278879546704490496
1278879845829795840
1278879942013526016
1278880022225399809
1278880027548016640
1278880117247352833
1278880236587888648
1278880256074678272
1278880325314150402
1278880376279257089
1278880386517553153
1278880761995644929
1278880927272165376
1278881212195647492
1278881654573056001
1278882245269499906
1278882270636576768
1278882440736657408
1278882949866422272
1278883043592138752
1278883047442546689
1278883048038137857
1278883049048911872
1278883050038759424
1278883430407778304
1278883619763781637
1278884395772981248
1278885504281346048
1278885824252215297
1278886888057843712
1278887060158517248
1278887224805863431
1278887323715932160
1278887610996256768
1278888338687062017
1278888339668643840
1278888344248823809
1278888348384452608
1278888363190218752
1278888439140593664
1278888592215965697
1278888955249819648
1278889533795336194
1278890159757557760
1278890311226449920
1278890461999087616
1278890569989787649
1278890571696873473
1278890575270420480
1278890607893721088
1278892264782213121
1278892615769960448
1278893207930232833
1278893233746018305
1278893542753140737
1278893604136783872
1278894290639433728
1278894832077987847
1278894913904664578
1278894995198537728
1278895455557111809
1278895888929304579
1278896465818066944
1278897189411045377
1278897394726457344
1278897756766121984
1278897837317783552
1278897893005422593
1278897894074941441
1278898642108252161
1278898836103192576
1278899194477101056
1278900032029278208
1278900257443610628
1278900504446349314
1278900745975345155
1278901311367503872
1278901423099518977
1278901579752431616
1278902087636488192
1278902094515310592
1278902126882828288
1278902391514058752
1278902885720473600
1278902921325875200
1278902971082911744
1278903179166482433
1278903285261438976
1278903386168012800
1278903775000920064
1278904143730618373
1278904228275257350
1278904248596680706
1278904584543617025
1278904588071055360
1278904681713078272
1278905046084857858
1278905095288209409
1278905223134818304
1278905510608191490
1278905579172433920
1278906429840261127
1278906468780163072
1278906661613326336
1278906820275421185
1278906966216192000
1278907086915530754
1278907113641701382
1278907414805450757
