1282895342892134400
1282896127512240128
1282896306407649281
1282896556098818050
1282896769895063554
1282897225811660800
1282897240005246977
1282897320531517440
1282897366765285376
1282897367839072261
1282897950620950531
1282898251084107777
1282898770645200896
1282898792912572416
1282898966623944708
1282899800502013952
1282900785437655040
1282901117093974017
1282901794742398977
1282902232401416192
1282902291352178688
1282902641903837184
1282902972318416897
1282903594656768000
1282904711868420096
1282904997076668421
1282905129583247361
1282905209228922880
1282905358718074882
1282905662125756416
1282906521450381313
1282906847763140609
1282907162751012864
1282907686963748865
1282907710783193088
1282907847672639495
1282908343678402561
1282908365652402176
1282908406370775042
1282908420069306369
1282908497177272322
1282908804544368641
1282909536852914177
1282909706252582914
1282910268343934976
1282910274014654464
1282910571537534979
1282910642974994433
1282911089542393856
1282911310238359552
1282912563567763456
1282913116993576960
1282914158900649986
1282914228706279425
1282914395866247169
1282914494168158210
1282915875360825344
1282915994768257024
1282916075877871616
1282916255322775554
1282916424298766336
1282917298483888128
1282917511021780992
1282917726164582405
1282917848864583680
1282917856108326919
1282917912903184384
1282918331146788864
1282918381172080641
1282918384200372224
1282919292313403392
1282919386064527361
1282919525592305665
1282919944762556416
1282920395314802690
1282920738253443073
1282922757706186754
1282923528384401409
1282923761390497793
1282924887900917760
1282925278143094785
1282925341594525696
1282926938315567106
1282927072843689986
1282928130487918593
1282929029721591808
1282929298635186178
1282929476255518721
1282929616194240512
1282929767138893824
1282929777725210624
1282929838383263745
1282929993648152576
1282929998576463872
1282930549070364674
1282930717262057474
1282931527073046534
1282931941839450112
1282931991063691272
1282932518040346626
1282932635761881090
1282932757497294849
1282933386189967360
1282933398697201665
1282933403441037313
1282933777644376065
1282934153349074945
1282934261851533314
1282934290028822529
1282934397457571847
1282934475438141440
1282935105980424192
1282935296825405440
1282935689219379201
1282935812779388930
1282936216753758215
1282936270528876545
1282936879210475520
1282937039713906690
1282937508506951680
1282937670721839105
1282938014058999808
1282938124524552192
1282938447750213632
1282938535255977984
1282938988094017536
1282940075018522624
1282940360486981633
1282940463931101184
1282940537679630336
1282940714347900928
1282940934246866946
1282941104653045760
1282941106838212611
1282941187549208577
1282941271364063232
1282941401223684098
1282941476792610816
1282941785577148416
1282942403540930560
1282942429637816320
1282942591114391556
1282942730100973569
1282942741983514624
1282943126236205056
1282943477454643201
1282943957387943936
1282944011754516480
1282944294496751619
1282944658394566656
1282944852418801664
1282945111131779073
1282945392833957888
1282945406855524353
1282945691497771008
1282945772682727424
1282946591318519808
1282946653025112071
1282946896416382977
1282947195432579072
1282947690272362498
1282947699696951296
1282947991767322625
1282948730283528192
1282949655194669056
1282949655773544448
1282949904781004800
1282950059307552771
1282950094279471104
1282950577950007296
1282950708455788544
1282951362096041985
1282951454899294211
1282951935071588352
1282951962762387458
1282952139204169728
1282952148758732801
1282952593065549824
1282952893541355526
1282953110474776576
1282953398237589504
1282953699858329600
1282953743936491520
1282954175886884866
1282954671875919872
1282955311385464833
1282955394231357440
1282955397125615618
1282955486040453120
1282955607172173825
1282956585594245120
1282956591961198596
1282956629584093184
1282956636038950914
1282956639478272000
1282956640556158977
1282956726485082112
1282956947390517249
1282957725752627201
1282957735529676802
1282957792509259777
1282958652803035136
1282958680888090625
1282958922140340225
1282959235748442117
1282959893687865346
1282960217878265856
1282960830456365057
1282960973251448832
1282960979291144192
1282961083997786112
1282961387447255040
1282961595170205697
1282961752246956032
1282962177142534144
1282962368864149504
1282963461765464064
1282963656439988225
1282963682822062081
1282963940670988288
1282964604960698369
1282964625454243841
1282964712926388224
1282964735143501824
1282964735571496960
1282964871265554432
1282965024160378881
1282965384296112129
1282965436557131778
1282965491175362560
1282965977072898051
1282966288168517633
1282966392682287104
1282967616651395073
1282967648918216705
1282967766689959936
1282967790622662656
1282967809224515585
1282968115584724992
1282968721921843200
1282969005574238209
1282969140467314688
1282969320637816834
1282970467670863872
1282970585266393090
1282970744205512704
1282970786316210179
1282971658907725824
1282971739065126912
1282971797206466560
1282971866726952961
1282971871277748227
1282971872691228673
1282972126811615232
1282972282365902849
1282972333548998656
1282972561974759428
1282972571084832768
1282973226533105664
1282973406338715651
1282973526324994050
1282973705937854469
1282973711537025025
1282973724417724416
1282974120905302016
1282974370219122688
1282974631725588482
1282974984726405125
1282975116167651328
1282975133783728128
1282975282886963202
1282975387379814402
1282975686517350403
1282975795279851522
1282976249263136770
1282976375729647618
1282976683939827712
1282977022839578624
1282977314742075392
1282977852162486273
1282978434482941954
1282978517018308608
1282978786540007427
1282978891813068800
1282979357795983360
1282979720049627137
1282979857358565377
1282979869144621056
1282980211647275008
1282981263285145600
1282981467409117187
1282981707251986432
1282981957983330305
1282982209075503104
1282982246333521920
1282982347747598337
1282982503884759042
1282982708780634119
1282983088822288385
1282983356494483457
1282983893252083712
1282983980128665600
1282983990861934593
1282984702186528770
1282984934244642821
1282985276177108992
1282985419316101120
1282985492435410949
1282985821583429632
1282986616064278528
1282986718681956352
1282986720313528320
1282986721953472512
1282986807525875712
1282986878476705795
1282986909116096514
1282987944270331904
1282988074436366340
1282988154992185345
1282988280556990464
1282988377630035970
1282988497209524229
1282988542264844290
1282988916681969664
1282989398720688129
1282989496951287808
1282989578316546048
1282989614312103938
1282990023814651906
1282990951200243712
1282991204645380097
1282991420622745601
1282991823766654976
1282992459631427585
1282992513503158272
1282992650841468929
1282993684531879938
1282993723291299840
1282993734079205377
1282993794951127041
1282994099872833538
1282994380446609409
1282994411132116995
1282994762513920002
1282995019129946112
1282995034581864450
1282995101216604160
1282995360470831104
1282995443081924608
1282996147666075649
1282996289999974401
1282996353363214336
1282996836416929792
1282996939924045825
1282997388140072961
1282997639412355073
1282998187410837506
1282998547072393219
1282998672461115398
1282998686897901571
1282998689326411776
1282998841118273537
1282999476404322304
1283000180862783489
1283000231085342720
1283000354368561156
1283000382139113472
1283000805835051008
1283001686512922625
1283001848585236480
1283002026566119424
1283002122427150338
1283002772951109632
1283002915041550337
1283003232445362178
1283003288544313345
1283003390943870978
1283003610109038595
1283003634356228096
1283003814262579201
1283003826920927234
1283003872521453568
1283004450395676672
1283004645384818696
1283004918438129664
1283005241886154752
1283005522187137024
1283005558493048832
1283006285236047874
1283006506254860288
1283006697523548160
1283006846177927169
1283007235522588673
1283007283291725824
1283007937405841408
1283008017018114053
1283008160580739072
1283008364616642560
1283008440835727360
1283008449991839745
1283008544581783558
1283008612240101376
1283008813713547264
1283008874891468800
1283008880121794562
1283008887696719872
1283008895972028416
1283009183458234369
1283009326546849800
1283009733964767232
1283009794417328129
1283010174437990403
1283010215215079425
1283010237977559041
1283010419452309505
1283010486620033024
1283011184875073536
1283011199777542144
1283011307961307137
1283011595816312832
1283012223934365697
1283012257857839104
1283012415106568192
1283012509138448387
1283012577564471296
1283013246245634050
1283013396657369089
1283013913798377474
1283014458919587842
1283014491484061698
1283014634295848961
1283014725551427586
1283014785714532353
1283015714408935424
1283016574232940546
1283016785826951173
1283016786707755009
1283016896758067201
1283017513983516677
1283017877965230081
1283017961624801281
1283018314172829696
1283018323093929985
1283018345978134529
1283018417273016321
1283018438928195584
1283018550198669312
1283018682764066818
1283018724849733632
1283018728951541760
1283018952206155777
1283019108540452864
1283019220146585603
1283019264786673669
1283019542080487424
1283020063700930560
1283020244597059589
1283020314306392066
1283020373903257600
1283020498625011712
1283020520481525761
1283020956332699649
1283020963181989891
1283021028478857218
1283021283781992448
1283021388568236032
1283021447259205632
1283021610539196416
1283021816357949442
1283022081660260354
1283022444404539396
1283022458291920898
1283023000196001792
1283023016809713667
1283023614862917633
1283023646659878917
1283023788695838720
1283023841997082624
1283023880400117760
1283024029998354432
1283024033429311488
1283024215231172608
1283024584468566016
1283024903868944384
1283024974224273408
1283025118323781633
1283025128377507842
1283025573900689408
1283025691815088128
1283025695023804422
1283025913668493313
1283025988817948673
1283026116706525184
1283026143692705792
1283026714956832769
1283027012584648704
1283027283985522691
1283027330269675521
1283027348934270977
1283027603658469377
1283028276563390464
1283028630746980352
1283029223066787840
1283029520111603713
1283030220610637832
1283030527923097603
1283030617114976256
1283031633675706369
1283031634145505280
1283031635764473856
1283031638046150656
1283031686339366912
1283031781776789504
1283031844032778241
1283031943890849792
1283032330551152643
1283033057218396162
1283033299468902403
1283033576787914761
1283034008499245062
1283034070566477827
1283034117827964934
1283034315295789056
1283034351823990784
1283034550461964291
1283035011894190081
1283035384935526409
1283035632567291904
1283035926608973824
1283035937530937346
1283036092304850958
1283036284991111168
1283036320126967808
1283036441900199937
1283036764366688257
1283036894893428737
1283037734484017153
1283038413227200512
1283038648519319559
1283038810926964736
1283038831529295873
1283038849384493061
1283038882519556096
1283038910608801793
1283039164485820416
1283039188401741824
1283039808521109505
1283040036146094080
1283040066496016393
1283040078424670208
1283040135412699138
1283040143935516674
1283040273757503489
1283040333153042441
1283040445153652742
1283040574094938113
1283040577550979076
1283040764721860608
1283040815326072833
1283040837266546688
1283041146202193927
1283041248916504578
1283041318692958209
1283041592463568898
1283042014356033536
1283042640490102787
1283042642377551879
1283042758136156164
1283042788536471564
1283043223569563654
1283043306713370631
1283043370844200960
1283043416725688320
1283043465476087814
1283043517980389376
1283043707328045056
1283043839461281793
1283043853944139777
1283044255167111170
1283044339887886336
1283045036129767436
1283045437990150150
1283046013679394816
1283046105421426688
1283046230608826371
1283046277190692865
1283046495407800324
1283047064948137984
1283047291746648071
1283047553718800385
1283047639018340354
1283047706009767940
1283048150526238722
1283048195233390592
1283048226401275905
1283048533332033537
1283048688303190022
1283049033565708296
1283049779728130048
1283049876629200897
1283050333225328640
1283050533499088900
1283050966720360450
1283051170420924416
1283051383420321794
1283051415313821696
1283051780012744708
1283051812715663367
1283052128949477386
1283052131503747082
1283052308184666116
1283052451340472327
1283052555854061569
1283052846192177156
1283053008717258752
1283053276519333889
1283053315421622274
1283053343120789504
1283053827437072388
1283054535397736460
1283054603299430401
1283054639353667584
1283054706479239170
1283054712728715273
1283054870401036288
1283054962797412352
1283055244407189504
1283055559894343682
1283055775875690496
1283056046005800961
1283056075495923714
1283056083041349632
1283056183717371906
1283056297282359304
1283056640326066177
1283056993159315460
1283057181198360580
1283057332382044168
1283057547918876673
1283057736620445696
1283057772657958912
1283058699620151296
1283058884735893504
1283059018454491137
1283059124721287169
1283059173903695872
1283059372629921792
1283059633050079233
1283059917092462598
1283059946490400768
1283060273092452357
1283060323918979073
1283060659232501761
1283061208363356161
1283061267507433472
1283061346993680384
1283061376433496072
1283061422969126913
1283061582449135617
1283061678515654656
1283062378955812864
1283062609156030464
1283063099550048257
1283063239086047235
1283063252386226176
1283063382258720771
1283063415431405572
1283063604527472641
1283064287095906304
1283064330326597634
1283064715397275649
1283064802068312064
1283064908716875777
1283065046537576450
1283066011176988678
1283066888105459712
1283067022260211712
1283067230721277953
1283067449273921537
1283067639431077888
1283068138305794049
1283068188897542144
1283068274998235137
1283069089099984903
1283069911988932608
1283070188146098176
1283070634336165888
1283070691282165763
1283071489672192000
1283071526179352578
1283071710682636289
1283071798855131136
1283071806816104449
1283071992497930241
1283072566203162624
1283072671966801925
1283072679705292800
1283072718628286464
1283073211597500416
1283073266626768896
1283073614502408200
1283073816755867650
1283074281614848002
1283074689233874944
1283075543798288393
1283075688107593733
1283075989917097985
1283076068564500480
1283076202010419200
1283076462409547778
1283076466494902275
1283076522765582337
1283076555342614529
1283076556424806400
1283077860312453121
1283078128345194496
1283078590897074177
1283079068619956224
1283079076174082048
1283080058647785473
1283080211932655616
1283080904844480514
1283081202635874305
1283081246260822022
1283081399390605324
1283081420123054084
1283081461654929409
1283081804275159041
1283082086832902153
1283083526309478401
1283083576242839559
1283083799509770240
1283083923845795841
1283084095854084098
1283084419495075848
1283084905526829057
1283085053334106112
1283085219751395329
1283085436588523520
1283085640234565632
1283085674430763015
1283085849094172675
1283085887149047809
1283086332223295488
1283086353060835331
1283086596099768320
1283086999495352327
1283087334485839874
1283087485971632130
1283087673956032514
1283088217093427202
1283088229365805056
1283088497545543692
1283088533452918787
1283088631687675904
1283088657130414086
1283089059200544768
1283089326591684610
1283089498184855552
1283089533379186688
1283090045361172481
1283090123522015240
1283090316032172040
1283090526414221319
1283090556483182597
1283090587235897346
1283090653086441473
1283090880526725121
1283091113927221249
1283091436469190657
1283091436527857669
1283091526029991937
1283091805408567296
1283091890062135307
1283092255109050368
1283092371778019330
1283092833172365319
1283093274773852160
1283093718162120706
1283093814895247360
1283093970755760128
1283094242223706112
1283094281494892544
1283094289904365569
1283094774862553089
1283095129352478720
1283095301314752512
1283095445762445313
1283095552553517057
1283095656098172930
1283095822117240835
1283095825678204931
1283095937955573762
1283096105983586304
1283096172396187654
1283096545940967429
1283096803810967553
1283096806948253696
1283097132925411328
1283097531275022336
1283097623943999488
1283097737001439232
1283098377912119296
1283098436762558464
1283098781265924099
1283099176100786177
1283099242102284291
1283099326323949570
1283099372591308800
1283099526614720512
1283099859608834048
1283100181064552451
1283100376242229259
1283100526196871168
1283101239941750784
1283101252079874048
1283101393834909696
1283101394078060544
1283101515909959681
1283101830633979910
1283102589345726466
1283103021623316487
1283103068507107328
1283103106281111553
1283103358253924353
1283103630153916417
1283103667030294528
1283103742888423425
1283103747460210690
1283103902049669128
1283103930646331394
1283104090147389440
1283104393903177733
1283104708111015940
1283104969655308288
1283106171696496640
1283106478891700226
1283106788418740224
1283107279315898368
1283107328506691586
1283107995380064261
1283108000778145799
1283108667915743233
1283108787893796866
1283109145042923520
1283109230183165952
1283109355202715648
1283109598711488512
1283110524775849985
1283110863981940736
1283110947998044162
1283111073932103680
1283111103166283781
1283111141087027205
1283111304446779405
1283111317453377537
1283111515877453825
1283111594038308864
1283111713219510272
1283112031453884416
1283112193979015168
1283112728014606336
1283112748990312448
1283112768405676033
1283113976671408129
1283114244607746048
1283114385242648577
1283114572908384256
1283114614771707904
1283114846205116416
1283114862210617347
1283115012781936640
1283115055953833984
1283115550990897154
1283115687662235648
1283115894084952064
1283116081595514882
1283116088243388420
1283116397787336704
1283116782132367373
1283116892073398273
1283117189428654081
1283117283381055489
1283117907019534337
1283117924568399878
1283117966616399872
1283118247181787139
1283118469198880770
1283118514803482635
1283118566842208257
1283118589889916928
1283118661750927365
1283118868081319937
1283118981684039680
1283119068590022656
1283119277915074560
1283119561206894596
1283119782003445762
1283120172883234817
1283120218261213184
1283120218529624064
1283120382145228805
1283121062356627457
1283121221689724930
1283121224143388678
1283121225259077632
1283121284344356864
1283121937909075969
1283122054439608321
1283122249663426562
1283122378004889605
1283122404068413442
1283122497207119880
1283122499027447808
1283122514286333954
1283123025760661505
1283123036431028226
1283123212746989571
1283123503013736451
1283123837710802950
1283124144477925377
1283125298188484608
1283125771545071617
1283126930921984001
1283127054263885824
1283127265237192705
1283127352944283648
1283127511245828098
1283127592854228993
1283127881003085825
1283127893116063746
1283128012364484609
1283128516981264384
1283128602717048841
1283128658409005057
1283128788520443904
1283128853452468226
1283129025817448453
1283129176204218368
1283129198664650754
1283129387198676993
1283129685325619204
1283129693751914497
1283129840732971010
1283130108816097282
1283130113643679750
1283130155926462472
1283130342933762049
1283130347157430273
1283130669925892096
1283130849559535616
1283130955763527687
1283131056762363904
1283131160634130433
1283131384232542215
1283131543226130433
1283131685547253760
1283132135377969152
1283132200792334336
1283132360091934722
1283132583971139584
1283132839622565892
1283133337402593280
1283133417668870144
1283133582073040899
1283133794732703744
1283134088065490946
1283134115261353985
1283134710517043208
1283134969414590470
1283135036607336449
1283135058098831361
1283135069679284224
1283135129259565063
1283135401100599296
1283135476711424001
1283135896053743629
1283135900419932160
1283135914152095744
1283136009203363841
1283136203512922112
1283136837519904769
1283136933690998784
1283137429197791235
1283137435870756864
1283137934636482561
1283138929575649280
1283139550257319938
1283139612098072579
1283139628489293829
1283139692964327424
1283140090626179074
1283140167939784704
1283140271207641088
1283140579023413249
1283140821940936704
1283140896012238859
1283140900827410434
1283141360854261762
1283141609069182977
1283141744134107137
1283141877592662025
1283142133315186688
1283142435929944064
1283142737475153920
1283143164157726721
1283143336287764481
1283144002523586560
1283144357168676869
1283144634332585984
1283145112172756993
1283145422815375360
1283145531439460352
1283145610862956545
1283145639631577088
1283145809106735105
1283145996864819202
1283146163680468992
1283146454660460544
1283147097462706178
1283147245261598720
1283147939175686149
1283148610142720001
1283148654925295617
1283148793676918784
1283148831446781952
1283149532331675651
1283150070553038848
1283150135812390919
1283151461027913728
1283151516409438209
1283152697995268099
1283153005303312386
1283153169107877893
1283153285248102400
1283153315665268736
1283153643861151745
1283153854004174849
1283154259207323653
1283154382121586690
1283154556633976832
1283155350812794881
1283155493272289283
1283155618761781255
1283155638433075200
1283155760227082241
1283156080269373447
1283156201677578240
1283156201790779392
1283156381915283456
1283156567551029249
1283157195316592640
1283157632602210305
1283157916225347590
1283158165001912320
1283158509249458176
1283158516933459968
1283158549514911744
1283158701273165824
1283158777764745217
1283158945142636545
1283159006559821824
1283159048351821825
1283159457132929029
1283159598682144769
1283160597086064640
1283161671666749442
1283161796321456129
1283162003004063744
1283162128204083200
1283162495599820800
1283163398381985792
1283163781267324928
1283163918924480514
1283164078752530433
1283164131797766144
1283164195467534336
1283165515268018176
1283165534968844288
1283165781291790337
1283165991917121536
1283166067544727552
1283166239414784004
1283166402266845185
1283166405181894656
1283166486425632769
1283166501864792066
1283166716776898560
1283167903186124802
1283168244392587264
1283168267536924672
1283168407240822784
1283168611104956417
1283168838339776520
1283168842177445892
1283168868719001600
1283168902986575872
1283168955142725632
1283169034670952455
1283169149846421505
1283169203684614144
1283169375319547904
1283169401550671872
1283169597282230273
1283170266001047552
1283170795519262720
1283171138802192385
1283171649597181959
1283171847664738310
1283171858918125573
1283171960172748808
1283171980385095682
1283172051088482305
1283172058814390273
1283172333012779008
1283172491712659459
1283172756163563522
1283172786526199808
1283172794222751745
1283172795208302594
1283172924892086289
1283173397090848768
1283173827447529472
1283173881306636288
1283173963007438852
1283174087091724290
1283175317918699522
1283176062084476929
1283176342289354754
1283176465350242305
1283176494546788353
1283177165626855427
1283177655500779521
1283177964268662784
1283178251511164928
1283178388371505152
1283178431581126656
1283178571041669120
1283178715472699392
1283180126788878336
1283180772535525382
1283180808296173570
1283181169950040066
1283181246219083776
1283181876371427335
1283181982856302593
1283182612551475201
1283182780831150085
1283183356859920384
1283183373356339202
1283183794921578504
1283183991495901184
1283184126884040704
1283184169812721667
1283184587200327681
1283184759565283329
1283184746760151045
1283186034377764864
1283186685979885568
1283187127790919680
1283187784266600448
1283187790176374784
1283187792495833088
1283187884120563720
1283188429120036864
1283188803906273283
1283188863586926592
1283188926606274561
1283189453373177859
1283189576417325061
1283189925433815047
1283190426447601664
1283190691930267648
1283190710796029952
1283191426390601728
1283191717995446272
1283191956634468352
1283192519178641410
1283192897886654464
1283193114891636743
1283193328880713729
1283193335038050306
1283193342856224768
1283193451056529408
1283193543419453443
1283193594787004422
1283193934110437376
1283194062330265601
1283194213056819201
1283194284401926145
1283194842902921218
1283195039733231616
1283195184289927170
1283195204040785920
1283195389936570369
1283195838148345856
1283196088418070531
1283196235499933696
1283196390181605376
1283196551171649539
1283196585241980931
1283196614136467456
1283196851517378560
1283197807810064384
1283197954875101185
1283198160156921856
1283198543977689089
1283199475201318913
1283199713823596550
1283199755984801793
1283199797734846464
1283200259129319426
1283200958755987457
1283200967597387776
1283201226256064513
1283201977913094144
1283203255913324547
1283203966453653504
1283204046598397953
1283204532143611906
1283205839927549952
1283205840519008256
1283206641500991489
1283206746115387392
1283206755724353536
1283206789497008129
1283208491583193088
1283209141088116736
1283209448522162178
1283209478523850752
1283209682837024768
1283209725757333507
1283210685724323842
1283211064092631045
1283211197324464128
1283211243709399040
1283211292950634503
1283211384776470528
1283211406154723328
1283212373185224712
1283212723866624000
1283213034727649281
1283213047587393536
1283213727177879554
1283214471440236544
1283214836713664512
1283215043895742464
1283215428785971202
1283215776527183873
1283216122792165376
1283216771554652162
1283216945291186177
1283217179761012736
1283217807111421952
1283218978052210690
1283219414574407686
1283220000099184642
1283220721636904960
1283221331300016130
1283221857030811649
1283221960902815744
1283221986659971072
1283222225253011456
1283223398227812352
1283224146743226368
1283224820688314369
1283224991388008449
1283225089329319944
1283225448500142081
1283225894933454848
1283226414485868544
1283227018377728000
1283227617861070848
1283228046699360257
1283229044750909440
1283229559651958784
1283229731677061120
1283229798865817600
1283230511658405888
1283231242050326528
1283231381892423681
1283231628060311552
1283231931015061506
1283232555379101697
1283232957906345984
1283233229432995841
1283233505779036161
1283233561525485568
1283234217166622720
1283234609975754753
1283235014726082561
1283235528347877377
1283235889959841792
1283236248698736641
1283236456010588167
1283236737423204352
1283236761498509313
1283237048518877186
1283237066592190464
1283237139828936705
1283238061866921986
1283238066946281475
1283238447365287937
1283239283139268609
1283239324851605506
1283239334171344896
1283239705786671104
1283239791937626112
1283240177280978949
1283240270906130437
1283240403567652864
1283241378202492929
1283241513204375552
1283241735926276096
1283241790804500480
1283242015602376705
1283242570106261506
1283242641224851456
1283242919856676864
1283243495076003840
1283244218023137281
1283244658114486275
1283245393103466496
1283245756313407490
1283246088518950913
1283246169121054720
1283246445026582528
1283246575423283210
1283246684185612288
1283246871155269635
1283246873223077888
1283246913257639941
1283247098499145731
1283247393874550785
1283247598279757831
1283248511421755403
1283249381995683840
1283249607225610240
1283250069966393351
1283250382672715781
1283250823657451521
1283250824555057153
1283250907526967296
1283251046186397696
1283251577088733184
1283251587767586817
1283251955423424513
1283252110444945409
1283252512062156801
1283252624276574208
1283252885174849537
1283253235466346496
1283253605827579904
1283253640736706561
1283253676178538497
1283253883804975104
1283253888884383745
1283254397234020352
1283255360023867393
1283256110758137856
1283256239737036801
1283256241196654592
1283256413507194880
1283256610010173441
1283258043975827457
1283258256274620416
1283258456435314689
1283258774074142720
1283258890755465218
1283259374308294657
1283259760565862400
1283260068008546305
