1286882977964752901
1286884004780822528
1286884329273077760
1286884449368657922
1286884471166455817
1286884585356161024
1286885054279495682
1286885249239015426
1286885497722351618
1286885671328571392
1286886153015238656
1286886171273056262
1286886268056539137
1286886500702081024
1286886678670520320
1286886988021403648
1286887172692418560
1286887219920113664
1286887421980925952
1286887564226342913
1286887689522905089
1286889448282742785
1286889812473962496
1286890138484654080
1286890218323402752
1286890411571572737
1286890907678248960
1286891246229827585
1286891297115119621
1286891497867149312
1286891731443744770
1286891848649322498
1286892047832682499
1286892118284304384
1286893194668576768
1286893197306757120
1286893613985574913
1286893820941082625
1286894063543869440
1286894144154214400
1286895763751141376
1286896202382942208
1286896366741000194
1286896479332900865
1286897132658503680
1286897142397693952
1286897407901532162
1286897553473232896
1286897587732316160
1286897714995888128
1286897915999531010
1286897983594930176
1286898435052969984
1286898680025448448
1286899355685879810
1286899447494934529
1286900213576163328
1286901289423708161
1286901403005464579
1286901451013275648
1286901501978263554
1286901502414479361
1286901561793425408
1286902272836775938
1286902679277580289
1286902883804471302
1286902999156228096
1286903015514025984
1286903155859419136
1286903428594139137
1286903769532440576
1286904648423673857
1286904789083848704
1286904901436452864
1286905125655773185
1286905777391902720
1286905843540201473
1286905950616432643
1286906708590133255
1286907370032037889
1286907603805712385
1286907793325293569
1286908014029463552
1286908058019528704
1286908206070063105
1286908252396105728
1286908631972274176
1286908952899395584
1286909578614054912
1286909583315939333
1286910105938788357
1286910300969676802
1286911924458921984
1286912071645487105
1286912457261436928
1286913145680941057
1286913776751697920
1286914303908614144
1286914515959832576
1286914622520426497
1286915435653402625
1286916480362110976
1286916648448950272
1286916663351418881
1286917670697394177
1286918372643438593
1286918655062704128
1286918724969287681
1286918734062530560
1286918866153517056
1286919296011186176
1286919758194106368
1286919898933768193
1286920393492779009
1286920474317017090
1286920560858009600
1286921540873981953
1286921604509949952
1286922625319612417
1286922811534184448
1286923650231185409
1286925072620560384
1286925111212351488
1286925529342509057
1286925745227358208
1286925790744121344
1286926729056067584
1286926755928866816
1286927221010190336
1286927578209624064
1286927674250629121
1286927791720726528
1286927837694435330
1286928033706901504
1286928198932942848
1286928775104679937
1286929580130021378
1286930152392359936
1286930651426553856
1286930765553569794
1286931577079910400
1286931579252559873
1286931687868440576
1286931800263208961
1286932184834744320
1286932640982011906
1286932764131024898
1286932793717481472
1286933048974544896
1286933167908302848
1286933483290583040
1286934527458369537
1286934558710145024
1286934729720242176
1286934849148747778
1286934870095085572
1286935743588438024
1286936099084959744
1286936245613076482
1286936504485412868
1286936570264723456
1286936774883905542
1286936812091580417
1286937074268925952
1286937180389224448
1286937302019776514
1286937379127865344
1286938047385346051
1286939037404745728
1286939188403884032
1286939595142320128
1286939842941718528
1286939881134948352
1286940987986591744
1286941109533511681
1286941119800999937
1286941254257868805
1286942011417858048
1286942171250061312
1286942205790187520
1286942603611693056
1286942785782845440
1286942916829564928
1286943308183371777
1286943866973716480
1286945018096254976
1286945182101970944
1286945705844772865
1286945800963186694
1286945942717906945
1286946068903661569
1286946221341507584
1286946509846482944
1286946526657499136
1286946537109704704
1286946557741469696
1286946793046106112
1286947046335762432
1286947226204254213
1286948583288102914
1286948849995714561
1286949380956868610
1286949649463599104
1286949938002186241
1286950280513323011
1286950466602106882
1286950523149549574
1286950642800631808
1286951353298886656
1286951623655219202
1286951835425632256
1286952359294377985
1286953022644523010
1286953637974024192
1286953918761754624
1286954233242083330
1286954250396893185
1286954536230252547
1286954767470792710
1286955173391335424
1286956310978801666
1286956400799674369
1286957165215977472
1286957510675574784
1286957927316758528
1286958716785500160
1286958791620263936
1286958866358398976
1286958931504504833
1286959198698430464
1286959942126252032
1286960717191696384
1286961023950508032
1286962219201318912
1286962402894860289
1286963197531107328
1286963353731170304
1286963624955785216
1286963711639519232
1286964150732828677
1286965346839097344
1286966130607820800
1286966137448587267
1286966708247433217
1286967518205284353
1286967592733745152
1286968371565789184
1286968392503656448
1286968399810134016
1286968425617784834
1286968799502184448
1286968857857425408
1286968964040593408
1286968999499227138
1286969537498423296
1286969849441333248
1286969993310212097
1286970073526210560
1286970311657824256
1286970404104548352
1286970426246168577
1286970498618994688
1286970625043714048
1286971068759134209
1286971098538610688
1286971436687675392
1286971581273710592
1286971582221516806
1286971853890879488
1286972617254215680
1286972622954061826
1286972626582339584
1286973404105580544
1286973773145468928
1286974438622232576
1286974831196504068
1286975422178013184
1286976044810080256
1286976286007549960
1286976745699065856
1286976771426942977
1286976865362640897
1286976876620271617
1286978009619222530
1286978253610074113
1286978528328790018
1286978929203589127
1286979037861117958
1286979331521159168
1286979591765217280
1286979595250663425
1286979663089238016
1286979671872208896
1286979747189338114
1286979911740252166
1286980020955684864
1286980035484631041
1286980416772112385
1286980517821394945
1286980737741225984
1286981948079050752
1286982208457191427
1286982360681066496
1286982383334576131
1286982406545838080
1286982655494500352
1286983297713741824
1286983330911657987
1286983385357799424
1286983565033582592
1286983578279014405
1286983711809064962
1286983764837576705
1286984137753202688
1286984596714852352
1286984850839351301
1286984988970422272
1286985649933910016
1286985857467998208
1286986030705528833
1286986107695980545
1286986591852851200
1286986664859099137
1286986667656646657
1286986668617224192
1286986723109502976
1286986899077439488
1286987073455640578
1286987341874237441
1286987883098902530
1286988111579435010
1286988517311209472
1286988896694345730
1286989015812640771
1286989064999260162
1286989609726074880
1286990034776752139
1286990129056428032
1286990546549059585
1286990561182851072
1286990784617525250
1286990892314877952
1286991151392751617
1286991154723127296
1286991470721822720
1286991471459983365
1286991473565552640
1286991673680166912
1286992061120438273
1286992109090856961
1286992300657332224
1286992455418642432
1286992486146150402
1286992810135232512
1286992813218029568
1286992814207905792
1286992826752958466
1286993321760620544
1286993386843635713
1286994217043140608
1286994427228168192
1286994803457167363
1286994821903679488
1286994831777116162
1286994931354087426
1286995533534502913
1286995713591664641
1286996010414170117
1286996158934667264
1286996411633082368
1286996453035061249
1286996913091313670
1286996980686823424
1286997152829517824
1286997207674232833
1286997286652911616
1286997346786652160
1286997718330748928
1286997893539196928
1286997907309236224
1286998114872823809
1286998532390621185
1286998616930951168
1286999098826977280
1286999157476151297
1286999300476723200
1286999321326555136
1286999332810563584
1286999818913513476
1287000238176309249
1287000361371422720
1287001052424712193
1287001553820237824
1287001569095950337
1287001572493287426
1287001683726237703
1287001781411733504
1287002035506814977
1287002636022095874
1287002980126994432
1287003169893961729
1287003824947945473
1287004176682299392
1287004558519083008
1287004812995956736
1287004907376173056
1287005731863121922
1287006047065059330
1287006049229307905
1287006095714783236
1287006208403136513
1287006323322654720
1287006678899097601
1287006737703350272
1287006820997959683
1287007091979366400
1287007147172278272
1287007341737582592
1287007369843691520
1287007528912662528
1287007762258460673
1287007854860402689
1287007880349200384
1287008026000527362
1287008042672939013
1287008487122313217
1287008549319708673
1287008933807349760
1287009362456850433
1287009717160730627
1287009944089309184
1287009981095653378
1287010399402033152
1287010459372138498
1287010628763254786
1287010661311156224
1287010754575532032
1287011003440537602
1287011052098588672
1287011355183198210
1287011637157797894
1287011921473003520
1287011973226549253
1287012218962354179
1287012304912101377
1287012463032930305
1287012597326319616
1287012766335807489
1287013008384888832
1287013063305170944
1287013313310859265
1287013480688758784
1287013707722174464
1287013932864020486
1287013938937421825
1287014028703932418
1287014259889786881
1287014284342390786
1287014487845896192
1287014580191989760
1287014853966692352
1287014880604823552
1287014882290946048
1287015144866766848
1287015365113937921
1287015482479063045
1287015608199118851
1287015806136713217
1287016300238245888
1287016441837838336
1287017058929180677
1287017247928614913
1287017497934336006
1287017544566452225
1287017712942829568
1287017937094742016
1287018254154829828
1287018309129588737
1287018358064504836
1287018701800136707
1287018769454268417
1287019013407739904
1287019167418388481
1287019282052739073
1287019361191043072
1287019403515760640
1287019532536565761
1287019571006722048
1287019743887622144
1287020033571520513
1287020076168814597
1287020344084135936
1287020514297479168
1287021150443167744
1287021186921181186
1287021362675163136
1287021417700057088
1287021422166937600
1287021423676911618
1287021628719804417
1287021636210827267
1287021922274795520
1287022045176291328
1287022577597198343
1287022609775890434
1287022614523740161
1287022855436337154
1287022923161702400
1287023065302478850
1287023235901599745
1287023299558543362
1287023419251466245
1287023522288672768
1287023948358733824
1287024159307051008
1287024163966914562
1287024360646045697
1287024571351281665
1287024594235330562
1287024858883334144
1287024961278734339
1287025104866738176
1287025193802764289
1287025233770274817
1287025321460609025
1287025460564697088
1287025815041921026
1287025928464465920
1287026330442186752
1287026412323405824
1287026449749176321
1287026734693601282
1287027057407528963
1287027508181905408
1287027707050483712
1287027905877467137
1287027971874852868
1287028387119271936
1287028445751451656
1287028498629038081
1287028528492544001
1287028580233469957
1287028627154984960
1287028807812218880
1287028987311673345
1287029053908611072
1287029078063808514
1287029130341605378
1287029212759486464
1287029411565502464
1287029972876566529
1287030111796158464
1287030218490810375
1287030242482085888
1287030388154662913
1287030400217489408
1287030762588590080
1287030804929970177
1287030822105538561
1287030877407633408
1287030935129665536
1287031044009492481
1287031112603140096
1287031735268642819
1287032126106415104
1287032134251819008
1287032185363423233
1287032247921422336
1287032337159659521
1287032420848545792
1287032566596300806
1287032578294218752
1287032609453768711
1287033202620747777
1287033216516358145
1287033257385754624
1287033260904677377
1287033488231677953
1287034212000960512
1287034371279654912
1287034427244257282
1287034435624488960
1287034568927780865
1287034649802244096
1287034887577509894
1287035084323905538
1287035207422443520
1287035304709324800
1287035343150120961
1287035360019611655
1287035466257248256
1287035492538568705
1287035552945131520
1287035685275394048
1287035778632159235
1287036265762717696
1287036268530946055
1287036772472492033
1287036852059291649
1287036968229117952
1287037608053428224
1287037720917938176
1287037786089041920
1287037984185909254
1287038201945890816
1287038297269772290
1287038393612894208
1287038557173854208
1287038649230483456
1287038825114599425
1287038998947467264
1287039037413490688
1287039067004325888
1287039409959796736
1287039490662465536
1287039753544781826
1287040022928072706
1287040054863581185
1287040085733421059
1287040284870803456
1287040405037633536
1287040635581628417
1287040717303545856
1287040814951145474
1287041079301353475
1287041240379400193
1287041348768587779
1287041940484173826
1287042095086292992
1287042131211825152
1287042407561940992
1287042970605228032
1287043218794778624
1287043246896504834
1287043293029838849
1287043674015178757
1287043754747219971
1287043886913904641
1287044245887635456
1287044246982230022
1287044525416996864
1287044718010957825
1287044782175465474
1287045068071800832
1287045326822490112
1287045886078521344
1287046113564872705
1287046240845197313
1287046388149256198
1287046510824366081
1287046597914877952
1287046798910074881
1287046849862356992
1287046859052072960
1287047358237286400
1287047513212690432
1287047801743052801
1287048695867990017
1287048883340750849
1287048994116386817
1287049275424243713
1287049605834735617
1287049681609121798
1287049782368886786
1287049987034173442
1287050127862124544
1287050842785435648
1287051030857908224
1287051115071066112
1287051116601946112
1287051117742809088
1287051118854332418
1287051266376511489
1287051279341166593
1287051415064461313
1287051510493437955
1287051855739183111
1287051882368659456
1287051987251593216
1287052000803184641
1287052050086461441
1287052248527319040
1287052566451421185
1287053209803120640
1287053348651360257
1287053480255946752
1287053511457415175
1287053542751166467
1287053700255625217
1287053795042758656
1287053810259591170
1287053853687513088
1287053907131338758
1287054341153656834
1287054453661675520
1287054741755895808
1287054749724966912
1287055424714416128
1287055444373012481
1287056034633322498
1287056102090248194
1287056153202106368
1287056505913724929
1287056657084747781
1287056856926617601
1287057543026499586
1287057765442125826
1287058524560818178
1287058660921942018
1287058917881782272
1287058922331877379
1287059974468894720
1287060300361953285
1287060502330318854
1287060598535192578
1287060827204399106
1287060929864032256
1287061024131231744
1287061141756227584
1287061441258721281
1287061463853490181
1287061951474958337
1287062018940440576
1287062877912752130
1287063179038793730
1287063536011706368
1287063778383794176
1287063846650171392
1287063857312268288
1287063908126261248
1287063996688990210
1287064132605431812
1287064228755640320
1287064483110817792
1287064550219685888
1287065551534264321
1287065606550888451
1287065628201947137
1287065645662773256
1287065806530949120
1287065816014426112
1287065836755140610
1287065966598164480
1287066043886821376
1287066432048713728
1287067037655797761
1287067038503100417
1287067050339336195
1287067120698826752
1287067128508502021
1287067314656075777
1287067343332544514
1287068061124755458
1287068128804052992
1287068225910575111
1287068700042883072
1287068731089199110
1287068866020081670
1287069965552582656
1287070829713522688
1287070874730999810
1287071018163621888
1287071348171317249
1287071526861373440
1287071697498079232
1287071771687104519
1287071801860739072
1287071942462386178
1287072002596122626
1287072004529627138
1287072028168581124
1287072124109283328
1287072252219944961
1287072305684807681
1287072399058522112
1287072730685288448
1287072841507143680
1287072956946948096
1287073204469510144
1287073308719099904
1287073561337790465
1287073804796272645
1287074735302553601
1287075010994036736
1287075049988554756
1287075445901594624
1287075929785872385
1287076159587581953
1287076269381898241
1287076363615207425
1287076420435554310
1287076592674627584
1287076727387230208
1287076919805173760
1287076920287518723
1287077099984085000
1287077494332497920
1287077628395040769
1287077643796402176
1287077806149709824
1287078103722987521
1287078339153293312
1287078346430599171
1287078415623831552
1287078541700472832
1287078629558689792
1287078783636340737
1287078858886459392
1287079559532249088
1287079809059700736
1287079911648305152
1287079921257455617
1287080035896242176
1287080127722131458
1287080342113996802
1287080387257147392
1287080511010037766
1287080812891049984
1287080816418447362
1287081123680485376
1287081127476305921
1287081145050337281
1287081322285084677
1287081335660707840
1287081465084354560
1287082432873857024
1287082546405052416
1287082916716122116
1287083002812600321
1287083144827420673
1287083607329247234
1287083660500332544
1287083936766726145
1287084060154699776
1287084117922848773
1287084126324105217
1287084372873695232
1287084443841081344
1287084720854110214
1287084873035976704
1287085127294693376
1287085396447420417
1287085650525724674
1287086179091976194
1287086379005104130
1287086874293678080
1287086972750770177
1287087070826000386
1287087157991968770
1287087182398853122
1287087403165986817
1287087522053586944
1287087701754122242
1287087841726599170
1287087903487799297
1287087963227082752
1287088312398815232
1287088414798557185
1287088431449939970
1287088472625381377
1287089226971045889
1287089392239161345
1287089581905461248
1287089614398861312
1287089653905076224
1287089654559277058
1287089797828194304
1287089853612453888
1287089937221918726
1287089997066182664
1287090057178800128
1287090108412260352
1287090144542162946
1287090153291485185
1287090998833807362
1287091080572305408
1287091186868551680
1287091414048759813
1287091639022784512
1287091650506838017
1287091675676979207
1287092118566113281
1287092183590408192
1287092863822704645
1287093190466527233
1287093257936211971
1287093282263068672
1287093295537991682
1287093798527471620
1287093844010512384
1287094443045261313
1287094584628191232
1287094726458572800
1287095107645255682
1287095148678176768
1287095199773200386
1287095214637801472
1287095237391900672
1287095325073854465
1287095487271706624
1287095516807876609
1287095821826048001
1287095906194554881
1287095915820380160
1287095917183606784
1287096069223047169
1287096200953569280
1287096270776143881
1287096313662844928
1287096373788188673
1287096738470395905
1287096908977262594
1287097249907060737
1287097484905525250
1287097553419288578
1287097716443615248
1287098129628762113
1287098477919576069
1287098498350014465
1287098566390030342
1287098592575004672
1287099013846773760
1287099277395853314
1287099353002278912
1287099533181235206
1287099957909114880
1287100244648394753
1287100403096735746
1287100510173048832
1287100599385849857
1287100648501194754
1287101246772596741
1287101538826035205
1287101583059087360
1287101815935234048
1287101830246195206
1287102178528833537
1287102235135139840
1287103621469843457
1287103982523936768
1287104362926485504
1287104549552033802
1287104606619734016
1287104637405999107
1287105060409765888
1287105096711626757
1287105228450541569
1287105563369840640
1287105649608781824
1287105835278176256
1287105936591593475
1287106317140672512
1287106656141283328
1287106694699458561
1287106725171081216
1287106746461360128
1287106937784545280
1287106947871891456
1287107049415938048
1287107338722312193
1287107365716652032
1287107699159765001
1287107728184422400
1287107762829365249
1287107969897963522
1287108058779398145
1287108225951838211
1287108442260480002
1287108636569825281
1287109761108856832
1287109773570310151
1287110103456505857
1287110104182071296
1287110252882735107
1287110397519167488
1287110427974021121
1287110599328124932
1287110758233280512
1287110759273525249
1287110760322101248
1287110813879132161
1287111059191390209
1287111250946727936
1287111363517657088
1287111649057476608
1287111947494797312
1287112081922306048
1287112266266050561
1287112369966022657
1287112508550111237
1287112607049093122
1287113493641080834
1287113498414264320
1287113499328557056
1287113724323651587
1287114020085014528
1287114167368011778
1287114826129510401
1287115196193026048
1287116257997750277
1287116313639428098
1287116439342784516
1287116573669564416
1287116835368898568
1287117159190220802
1287117628646055936
1287117883169005568
1287118351387561999
1287118464306487297
1287118550746963972
1287118877185527808
1287119409308409856
1287119692017082382
1287119759289409536
1287120154288160768
1287120155785326592
1287120167445712896
1287120226300108801
1287120241504460800
1287120401227800587
1287120586804789248
1287120719197941760
1287120908587618305
1287121078855376900
1287121103194906625
1287121542212718594
1287121547791142912
1287121551222079489
1287121569622392834
1287121695254417415
1287122537529450508
1287122680957870082
1287122812361154565
1287122985753731073
1287123067462877185
1287123118952271872
1287123583593066498
1287123695589306373
1287123774328975361
1287123850963058694
1287123932533993472
1287124505027129344
1287124530922758145
1287124859915403265
1287124903020376064
1287125111657521152
1287125242230448128
1287125603167006720
1287125603221553152
1287125756309639168
1287125849028911104
1287125969178972160
1287126061059379208
1287126071654023168
1287126101836230656
1287126748811997196
1287126837701861377
1287127096591089666
1287127107747942401
1287127191684186112
1287127340028497921
1287127842598334470
1287127891654959104
1287128059309588480
1287128199743315968
1287129373582163970
1287129385225641985
1287129482290135040
1287129658664923137
1287129690449285120
1287129964614160384
1287130325500473344
1287130328180633600
1287130586407153664
1287130780527886341
1287130813495226368
1287130879639334915
1287131035810107395
1287131095104880640
1287131420830371840
1287131677047894017
1287131927888244736
1287132008506949633
1287132615284346892
1287132681063608321
1287133048815751168
1287133117497712646
1287133274771468294
1287133584365621253
1287134136378052608
1287134487936217100
1287134767008415749
1287135537145565191
1287135552492523521
1287135559794794496
1287135807627767808
1287136311225196544
1287136556591923200
1287136580524621824
1287136588519157761
1287136659239305218
1287136839372091398
1287137015482462214
1287137057370972160
1287137573161369607
1287137663485714432
1287138318753435649
1287138589772582913
1287138660891144192
1287138756558901248
1287138824913596417
1287138881805189120
1287138979364638720
1287139150571986946
1287139198143692801
1287139363911086081
1287139377941028865
1287139499139465217
1287139634460401673
1287139866325778433
1287140230051401728
1287140454681571328
1287140455113568256
1287140579516841991
1287141167520534529
1287141279785197569
1287141414997024773
1287141601823920128
1287141684166492163
1287141714960973832
1287141725555892225
1287142067228073984
1287142067228073984
1287142071795691520
1287142497521553409
1287142499211866112
1287142702690308101
1287142898308440064
1287143022652723206
1287143041405521920
1287143179863588866
1287143189762256897
1287143265158991872
1287143570533736451
1287143638305091584
1287143905163583488
1287144066648551430
1287144320575905793
1287144726391529473
1287144734067027968
1287145161764614147
1287145193553244165
1287145277338423296
1287145444431273985
1287145571078172672
1287145601675796480
1287145756667895815
1287146241701236736
1287146304942956544
1287146309766377472
1287146665661607936
1287146713376075783
1287146716765065217
1287147431415734273
1287148200441380864
1287148255361425410
1287148614897274880
1287148747118477312
1287148938710134787
1287149249986273280
1287149327186644998
1287149651783823360
1287149930839191556
1287149956244021248
1287150148099944448
1287150189107609602
1287150304140591116
1287150315767246849
1287150985282977792
1287151502394564619
1287151526448783360
1287151847178895360
1287152815287283712
1287152888490401792
1287153086893633539
1287153227583160320
1287153366091599875
1287153900936736768
1287153995300122630
1287154112673480705
1287154328759828480
1287154685921484801
1287154867790913538
1287154880239542272
1287155167318749184
1287155298231181312
1287155465013649409
1287155962244206593
1287156164774580224
1287156417460346881
1287156465984253952
1287156560947421185
1287156628752605185
1287157289330368517
1287157294556274688
1287157308963696640
1287157840533127172
1287158281098551297
1287158620791214082
1287159096265904135
1287159108865601537
1287159483035262979
1287160124415651847
1287160133374664704
1287160312664391686
1287160313117384705
1287160350056620032
1287160355987259394
1287160376791126016
1287160498253959169
1287160563089289216
1287160608518012931
1287161422623813632
1287161538806259712
1287162170405421058
1287162386504351752
1287162949556228098
1287163625690599426
1287163826954096640
1287163863092400128
1287164222179291136
1287164252806156288
1287164492267368448
1287164542066327552
1287165241764143104
1287165432336650247
1287166046621896704
1287166055643848704
1287166137638297601
1287166341900914690
1287166345306607616
1287166575619923970
1287166799243599872
1287166858068742147
1287166968064335889
1287166978495520776
1287167049463214080
1287167191939309568
1287167204664979457
1287167211061354496
1287167349859086336
1287167522786226176
1287168075956092929
1287168335617167360
1287168483508260865
1287168776300101633
1287168856968949760
1287169060040564737
1287169298268672002
1287169338768859137
1287169487561797635
1287169993382211584
1287170289458196485
1287170326183309317
1287170505326432256
1287170729797128192
1287171291779342336
1287171950662635520
1287172227172106241
1287172318725394433
1287172507167002624
1287173554652491784
1287173575380807680
1287173714203877376
1287173959151243264
1287173961848102913
1287174092068618241
1287174274306969605
1287174396399034373
1287174410932281344
1287174636585746432
1287174734367645696
1287174798678855683
1287174916111048709
1287175342138908672
1287175669139546113
1287176230446432256
1287176266299453444
1287176365826084866
1287176424386965506
1287176895994515462
1287177096553549824
1287177294973415426
1287177670481125377
1287177900039507968
1287177909329891331
1287177979957837827
1287178046613729282
1287178081602547712
1287179990002470912
1287180026765545472
1287180343758467072
1287180370203402240
1287181227728936960
1287181431396012032
1287181504947171328
1287181637856501765
1287181856136400899
1287181993592184832
1287182025498263552
1287182233980338176
1287182461386895360
1287182532774105093
1287182595621625856
1287182811821215746
1287183099500081153
1287183325291900929
1287183531756535808
1287183631300124673
1287184168498192384
1287184743281258497
1287184745756004352
1287184917512757249
1287185008944324609
1287185029089689600
1287185249022042112
1287185258471780353
1287185350482440194
1287185660546170880
1287186104475627522
1287186822964170752
1287188067632152577
1287188204001595393
1287188475608010752
1287188680306823171
1287188942454812672
1287189100014051331
1287189281631604737
1287189407066402816
1287189676718268418
1287190101005438977
1287190214914519040
1287190267188183042
1287190352412254208
1287190424914862080
1287190469185855490
1287190634017763328
1287191529371701251
1287191701946343426
1287192031266131968
1287192612781338626
1287193190165078019
1287193220649308163
1287193481807638528
1287193807373598720
1287194006254829569
1287194325378621441
1287194666098622464
1287194716178710528
1287195088515293184
1287195313401470977
1287195412558827520
1287195490728247296
1287196098885541888
1287197103647850497
1287197135235055616
1287197836015292416
1287198256943046657
1287198498446807047
1287198657478107137
1287199360544104449
1287199436305817600
1287199693114683393
1287199774811160576
1287199855811665920
1287199963563393024
1287200349892128768
1287200893322973184
1287201944386371587
1287202429637976066
1287202641689411585
1287203236445917186
1287203820041273345
1287204157649231877
1287204474050707456
1287205501751762946
1287206040669429760
1287206148337262594
1287206177697390593
1287206318923812864
1287207551205904384
1287207553969995776
1287207901841575936
1287207937497280512
1287208404507938816
1287208719873445888
1287208852631543809
1287208945170300938
1287209008802213888
1287209253493780480
1287209327195979776
1287209588056563713
1287209719640326144
1287209904655282177
1287210037920903168
1287210194376839169
1287210194985000961
1287210557070888970
1287210837489250304
1287210872465698818
1287211055278694401
1287211310699216899
1287211795795578881
1287212014201339906
1287212289611857920
1287212591769694209
1287212649332248576
1287212905667141635
1287213183476936704
1287213507763732480
1287213688751919105
1287213902292488194
1287214381860888577
1287214443475034113
1287214475934928896
1287214649004392449
1287215270709415937
1287215347586621446
1287215524741554176
1287215575110840320
1287215576440434688
1287215586620186625
1287215701527269376
1287215871446982657
1287216009804472320
1287216314545709061
1287216333776654338
1287216538345406465
1287216569081368576
1287217012012441600
1287217168724176896
1287217315055054848
1287218117060571137
1287218421558632448
1287218468438315009
1287218827449602048
1287219377851502592
1287219488216227845
1287219641358725121
1287219668399411203
1287220227051225088
1287220677490225152
1287220757194473473
1287220783111176192
1287220869924900865
1287220944008773632
1287220959234097152
1287221003958067200
1287221378677178368
1287221758236528642
1287221848288251905
1287221873541967872
1287222084184215555
1287222108179828738
1287222374509813760
1287222403681136642
1287222434610008064
1287222842107592704
1287222885736751106
1287222994214027264
1287223230831431682
1287223413535383552
1287223545530134528
1287223894479384577
1287224339453169666
1287224527202574336
1287224843100979200
1287224952547139584
1287225074840346626
1287225117077053441
1287225597735899137
1287226006114316289
1287226209051586560
1287226281281482752
1287226539990384643
1287227022754738176
1287227037208309761
1287227127776018433
1287227651858599936
1287227892762468352
1287228279758426112
1287228357688557568
1287228520482119682
1287228644197306368
1287228645266907137
1287228710349766656
1287228971730509824
1287229076936306688
1287229208582737920
1287229918829576194
1287229921090297856
1287229972667670528
1287230671685947392
1287230802489745409
1287231022082465792
1287231579044151297
1287231614234308608
1287232240393564160
1287232240691433472
1287232278708359171
1287233332263100418
1287233584688840704
1287233793510780928
1287234563849281536
1287235106931789825
1287235260221095936
1287235817774223361
1287235977250045954
1287236081599918086
1287236274764615680
1287236346222972933
1287237153622298624
1287237763344064512
1287238301489954816
1287238360914735105
1287238891716706304
1287239329841111040
1287239379166076929
1287239678752694278
1287239718346924033
1287240014607405056
1287240230316249088
1287240371328749569
1287240586014138368
1287241221199540225
1287241499923451904
