1286155708912807937
1286155880824803329
1286156692305174530
1286156725763153920
1286157308314161153
1286157400370827264
1286157641165598725
1286158323574878210
1286158371012435970
1286158788010160129
1286160707998953472
1286161005437911040
1286161571534852097
1286161841882832896
1286161917153878018
1286162235476377602
1286162276031094784
1286162459993276416
1286162785127280640
1286162957840207872
1286163379070083072
1286163980164235264
1286164061290475520
1286164233806372866
1286164311325454336
1286164502921326592
1286164635419176964
1286165067654889473
1286165407724961792
1286165425017876480
1286165585659867136
1286165771278790656
1286166614937829376
1286166651289862149
1286166918039089153
1286166919137988609
1286166920564154368
1286166920652357640
1286166948821323776
1286167159140315137
1286167580500201474
1286167854157574145
1286167889431670784
1286167935816540166
1286168683497295872
1286169358650224640
1286170116108017665
1286170690970763265
1286171124544479233
1286171873168904195
1286172265009250306
1286172300442771456
1286172772742430720
1286173130894049280
1286173669228720129
1286173978227335169
1286174334147596288
1286174359976120326
1286174969672732672
1286175227597250561
1286175508762329089
1286175850069712896
1286175883309592576
1286175899256324096
1286176207193681920
1286176754705432577
1286177752417284096
1286178182232772608
1286178234720071680
1286178602602516482
1286179610825293824
1286180053471113217
1286180480417697793
1286180502404177921
1286180581429202945
1286180617147895808
1286180834827853824
1286181354229714944
1286181896662089729
1286182252653809667
1286182707966414849
1286183320473276416
1286183357781626880
1286183552829333504
1286184030971424769
1286184192976367617
1286184601686142982
1286184715653771275
1286185145461088261
1286186572082184198
1286187697174974464
1286188266933321728
1286188519967330304
1286188649235832834
1286188887275114496
1286189186526126081
1286189459264995329
1286189484137095168
1286190174762946563
1286190569148936192
1286190591869693953
1286190665307688961
1286192117996572672
1286192220094242816
1286192580594749445
1286192793547935744
1286193272382197760
1286193543380258816
1286193613966319616
1286194630510379008
1286194827948781569
1286195016931708929
1286195066147680261
1286196749703565312
1286197121687777280
1286197316052037632
1286197322158936066
1286197334297149440
1286197494242660368
1286197768508379136
1286197896111685633
1286199127684993025
1286199157670256647
1286199174141280256
1286199190729752579
1286199240876863488
1286199454870179841
1286199495257096192
1286199752858664964
1286199846458871808
1286200153112707072
1286201136966336512
1286201427149365249
1286201549585289217
1286201921456476160
1286203412950867968
1286203568932958213
1286204619689832448
1286205167000530944
1286205971518365698
1286206121754099713
1286206230378291200
1286206438172430336
1286206640849661954
1286207021444931584
1286207148393996294
1286207349116612608
1286207559376891904
1286207562749054976
1286208513996398595
1286208864057163778
1286208933636366336
1286209033079332870
1286209067891879937
1286209170308554752
1286209466485166080
1286209486135468035
1286209524563685376
1286209618138533888
1286209690553262080
1286210286572261379
1286210523453947904
1286210716492378112
1286211078863704064
1286211194123161600
1286211216315158529
1286211446070632448
1286211514291171328
1286211964000063490
1286211962850795520
1286212107130867713
1286212593447841792
1286213130683592704
1286213876191813638
1286213976330833920
1286214158971809793
1286214383434182656
1286214696132055041
1286214835047485441
1286214895973867525
1286215694284197888
1286215754493370368
1286215796184821760
1286216368845725697
1286216968069144576
1286217975406702593
1286218260371763200
1286218440601149441
1286219230808088577
1286219680382947328
1286220392936271872
1286220769186340865
1286221593346179072
1286221623796944897
1286222741771816960
1286222752916156416
1286222802039844865
1286222845941616640
1286222974471692288
1286223291250806790
1286224186223009792
1286224255814959105
1286224431665340416
1286224601702436864
1286224973049335808
1286224993878265858
1286225180856066050
1286225424582877185
1286225430781952000
1286226195361624065
1286227184923758592
1286227187377422337
1286227439870529542
1286228515642277888
1286229371989131266
1286230018029494274
1286230612848902144
1286230902134247424
1286231518357184512
1286232087398240256
1286232279090630657
1286232321331429378
1286232575820935170
1286232890532147200
1286233268417961984
1286234763087486976
1286235540594077697
1286235771184320512
1286236290065870849
1286236313461686274
1286236983308759041
1286236985204637697
1286237038220578817
1286237180306829313
1286237397030711296
1286237420401430528
1286237756121743361
1286237759732985856
1286237774618562560
1286237901253009408
1286238086725345280
1286238355164995586
1286238450601975811
1286239044595331073
1286239293216825345
1286239327882797057
1286239469675384834
1286239855412994050
1286239895317430273
1286240108568547328
1286240159562903552
1286240806689558528
1286241410677604353
1286241445427511296
1286241503547994112
1286241763322220544
1286241885040848897
1286242036010512385
1286242037096804352
1286242362826665985
1286242888892985345
1286243435595194368
1286244958274564096
1286245068387446784
1286245398223486976
1286245705380704256
1286245818006208514
1286246331435098113
1286246340440334336
1286246853785161728
1286246917815635969
1286247117221232640
1286247752419225600
1286248451345391619
1286248742530711552
1286249037595803648
1286249210208124930
1286249364420059136
1286249392899526656
1286249847646040069
1286250541258084354
1286251019018448897
1286251790191788041
1286251867622842370
1286251973289938944
1286252103544066048
1286252174918463493
1286252505492529153
1286252572311945217
1286252762251038722
1286252968510136321
1286253094632853507
1286253637946269698
1286253947087462401
1286254011331383296
1286254343801524227
1286254915950710784
1286254985681014784
1286255100076466181
1286255404922679298
1286255760737841152
1286255762113564672
1286255992993447938
1286256385533960192
1286256611250655232
1286256629869162497
1286257080098316288
1286257228094115840
1286257248621264896
1286257376408948736
1286257686254743552
1286257728294277121
1286257760070447105
1286258063633027072
1286258276938776577
1286258797913071616
1286258815474839552
1286258898412826624
1286258937453568001
1286259006533705730
1286259115464024064
1286259197886136320
1286259369018118144
1286259640821592064
1286259760652845057
1286260023069413376
1286260269644161024
1286260288166211586
1286260412305022979
1286260793479241729
1286260896973684736
1286260962090196994
1286261079681769472
1286261130718064642
1286261187798278145
1286261292639059969
1286261557383618562
1286262198348599296
1286262353777000448
1286262543678189569
1286262617925914627
1286262773559832576
1286263311420579846
1286263831304368129
1286263917686136832
1286264809596555265
1286264885983223810
1286265077075718144
1286265144230715392
1286265797288042499
1286265875234983936
1286266047515901952
1286266344049172480
1286267334034886658
1286267488557240320
1286267701716029441
1286268203920789507
1286268445361868801
1286268836556095489
1286269088893812742
1286269133236174848
1286269495552679937
1286269525168738305
1286269899954884608
1286269920519561221
1286269979839672322
1286270003029970944
1286270248245657601
1286270274912915456
1286270793643700225
1286270925852352512
1286271355407618048
1286271367915147264
1286271464228958208
1286271593971359751
1286271729623474176
1286271730088964096
1286271731053686785
1286271735705214976
1286271736799825921
1286271737881976832
1286272142640844807
1286272169912262656
1286272173737312256
1286272212236931073
1286272596913389568
1286272916808699904
1286273261018451968
1286273274196963329
1286273512576090114
1286273841325580288
1286273979490107392
1286274040664150017
1286274105151373312
1286274222898253824
1286274233954381829
1286274328074563586
1286274903063138304
1286275098547310592
1286275350012538880
1286275385903251463
1286275885675556864
1286275934241337351
1286276009323454464
1286276192652398592
1286276333543325697
1286276699160707072
1286277539615453186
1286277548616318983
1286277702123749378
1286277792745828353
1286278071511707648
1286278102075813890
1286278103111741441
1286278223106650117
1286278243184545793
1286278359253745664
1286278400240476160
1286278521854164992
1286278582755635201
1286278626032353280
1286278922687197184
1286278939913199616
1286279003695964162
1286279249624813569
1286279293870452737
1286279436829106176
1286279485449527297
1286279743604772867
1286280717832511489
1286280853941825536
1286280937286795266
1286281324005928960
1286281498111496192
1286281511222812672
1286281667666161670
1286281861124292609
1286281902199123968
1286281927528460288
1286281984478715905
1286282048286728193
1286282142683738112
1286282301404590080
1286282309029650434
1286282312397643776
1286282329636261888
1286282374339350529
1286282393373020161
1286282607513174017
1286282735435132928
1286282746093068288
1286282851353341952
1286283775392047104
1286283779397492736
1286283945672228865
1286284508506054656
1286284782272380929
1286285112594903046
1286285205628694528
1286285379197374469
1286285650321387522
1286285823059451905
1286286167638450177
1286286455673888769
1286286538368786433
1286286578617208834
1286286689850347521
1286286955823558657
1286286959732592640
1286286961263570946
1286287375182835712
1286287468271001606
1286287481508433924
1286287611544449026
1286288390535684096
1286288699681124353
1286288765174996992
1286289114451582983
1286289213391020033
1286289601712328710
1286290234590687232
1286290758815932417
1286290839883452416
1286291421524156416
1286291532044275712
1286291658498285571
1286291854397448192
1286292149798133762
1286292167921676297
1286292315217289216
1286292367176134656
1286292437435129860
1286292850578202625
1286293117860220935
1286293332000464903
1286293335683092482
1286293589555904518
1286293883761172481
1286294631366275073
1286294766355976192
1286295033872695297
1286295047730864129
1286295176638603264
1286295517245460483
1286295660183134208
1286295683637620737
1286295824813694976
1286296146952908800
1286296305996828672
1286296316998569985
1286296351899365377
1286296369284763649
1286296379074150400
1286296445486800896
1286296638923964417
1286297141451816960
1286297604503080961
1286297982279790593
1286298096528433152
1286298230448431105
1286298368684126209
1286298381141254145
1286298653792047111
1286298792455806977
1286299001470496768
1286299246334025728
1286299515243438080
1286300012226387968
1286300075724021762
1286300109832163329
1286300122025021441
1286300446081060864
1286300622162210816
1286300930875498496
1286301121145966592
1286301128599142400
1286301251743838208
1286301252809359360
1286301406689976320
1286301435815133186
1286301576030822400
1286302094236975104
1286302407081828358
1286302594344857600
1286302644538146817
1286302917583163394
1286302945307484161
1286302990127763456
1286302996184412162
1286303060793278466
1286303163176357891
1286303353618735104
1286303712852480000
1286304254249127936
1286304391721635840
1286304840092704769
1286305213457010688
1286305254397616129
1286305455887618048
1286305499206557697
1286305590541778948
1286305774759747588
1286305951319035908
1286305963184660481
1286306027676340231
1286306112250273795
1286306129191022592
1286306913974722562
1286306974066499587
1286307092068831235
1286307095747338241
1286307134297309184
1286307361263624193
1286307403772895232
1286307454213656584
1286307742064562181
1286308104611737602
1286308145921437696
1286308371566657537
1286308536167825408
1286308891878449152
1286308968294264832
1286309062049751040
1286309189795500033
1286309482017034240
1286309624673697792
1286309635142680577
1286309765556174849
1286309901824749568
1286310117986770944
1286310314842128385
1286310369959583749
1286310821417672706
1286311050913161226
1286311281314729986
1286311902205956097
1286312426548453377
1286313001436487681
1286313088833249281
1286313121053908992
1286313258358468609
1286313528895459328
1286313568460300289
1286313587225636864
1286313603298197507
1286313822488125442
1286313929115930626
1286314344301703168
1286314360579776512
1286314377080176640
1286314905675739137
1286315012445724672
1286315184592752641
1286315254356549634
1286315345674993666
1286315901961138180
1286316033846935553
1286316115153629185
1286316181901783046
1286316257705431041
1286316309198729223
1286316369143898114
1286316406661943300
1286316499112800256
1286316616876199936
1286316904790077441
1286317468882014211
1286317468882014211
1286317476960022530
1286318248376573952
1286318287303749632
1286318460541128707
1286319070518943746
1286319424455286784
1286319499218747392
1286319647403520003
1286319717595127809
1286319785798598656
1286320028342681600
1286320049733668864
1286320077999153153
1286320447928373248
1286320483852591105
1286320757518340097
1286320865739788289
1286321058988134406
1286321776977485824
1286321839191490565
1286321903607611397
1286322017394982913
1286322025594867714
1286322217207373825
1286322410556403712
1286322603079204865
1286322659630952448
1286323021289009152
1286323296615587840
1286323398814191618
1286323808014602240
1286323921428664321
1286324227688235008
1286324667834220544
1286324721068408832
1286324890874908672
1286324935393267715
1286325221205708812
1286325680544735232
1286326205562535939
1286326209501069312
1286326844682203136
1286326848918401025
1286326860150796290
1286326943588196358
1286326980732952576
1286327024232148996
1286327034155864064
1286327217497280515
1286327329615220738
1286327899755360256
1286328466179272705
1286328655963029504
1286328880668778498
1286329075381022722
1286329207950323714
1286329437471027200
1286329543918260225
1286329565363744768
1286330211395674114
1286330649146798082
1286330748526501888
1286330757196189696
1286330931268255746
1286331354989436929
1286331641141567488
1286331926387683329
1286332139680739339
1286332196324880385
1286332215757090816
1286332460943409152
1286332463741054976
1286332677273116672
1286332977660735489
1286333265272610823
1286333336219193345
1286333681515274241
1286334120549928960
1286334304688234496
1286334327668854785
1286334468857507841
1286334473664176130
1286334476872810497
1286334923071270917
1286335468242706432
1286335563335860231
1286335657565184002
1286336067818467332
1286336080699162624
1286336256956420096
1286336288459759616
1286336498426667008
1286336550163353600
1286336697312083969
1286336764194496520
1286337109922586625
1286337158224195585
1286337395412082691
1286337514245165058
1286337601734152192
1286337638878908421
1286337709833949192
1286337745879740419
1286337852050153476
1286337958354784257
1286337979800342530
1286338063476588546
1286338419786944514
1286338428905414659
1286339641948413952
1286339851655303169
1286340206032048134
1286341077566447624
1286341927923785732
1286342304136081413
1286342421597618187
1286342548919922691
1286342971609288705
1286342990781456390
1286343196600160260
1286343219450716163
1286343331459616770
1286343394390933505
1286343619947958274
1286343640806240258
1286343734347673601
1286343793684471810
1286343839893065729
1286343884252078086
1286343910927863808
1286344440001503232
1286344922396872705
1286345017888591872
1286345138575482880
1286345298521001989
1286345362622554112
1286345408260841480
1286345530575069184
1286345592885710848
1286345823631138816
1286345919504560129
1286346523886977025
1286346681584431105
1286346917673410562
1286347071893704704
1286347098909270016
1286347156127973377
1286347300026155009
1286347337598722048
1286347585247158273
1286347650099548161
1286347728491024384
1286348132712943616
1286348363286360064
1286348447566766080
1286348458283204608
1286348646452166660
1286348823636463616
1286348988313145344
1286349147663151104
1286349205041225728
1286349283999076352
1286349508620820480
1286349800816992256
1286349949274333189
1286350420051451904
1286350475357454338
1286350547088441349
1286350734800424966
1286351313429827584
1286352291147264000
1286352826780848128
1286352941503389698
1286353003549786118
1286353158604820481
1286353691650465800
1286353842226044932
1286353859049328641
1286354072774283266
1286354076725391363
1286354503781036032
1286354760673746944
1286354828554309632
1286354927875432448
1286354966794444800
1286355215403356165
1286355329136168960
1286355335373086727
1286356596650586112
1286356678028472320
1286356777408307201
1286356996472569857
1286356997818982401
1286357054668644358
1286357278371667968
1286357748175822856
1286358068784242690
1286358110190186497
1286358444111327232
1286358573975511040
1286359192555720705
1286359236994314241
1286359338290995203
1286359900340105216
1286360289303306242
1286360464818135041
1286360527535513600
1286360948308152320
1286361031426691083
1286361052591128577
1286361073390673921
1286361190411755521
1286361439427612678
1286362164111060993
1286362197015306240
1286362272995127307
1286362298840305664
1286362367962550272
1286362389752012800
1286362444156276737
1286362481737244676
1286362491484741632
1286362674843004929
1286362899972345858
1286362932356546560
1286362999788273664
1286363343972782080
1286363565180350464
1286363581089546242
1286363901555126272
1286363907972575233
1286364082426253313
1286364114818932737
1286364173551640576
1286364294523883523
1286364354359767040
1286364739048620032
1286365083921252352
1286365344702107649
1286365557881790464
1286365734906531847
1286366010463997954
1286366070417305600
1286366604217982976
1286366672216043531
1286367318897983490
1286367493850832897
1286367540235497472
1286367545331769345
1286367599392063493
1286367738147946496
1286367791692615680
1286368085545549824
1286368122786570241
1286368184229146624
1286368204386959363
1286368378014314496
1286368577063452672
1286369151510962176
1286369373645672450
1286369420449808384
1286369441438216194
1286369542655156226
1286369645935710210
1286369735563780096
1286369739217018882
1286370161692307456
1286370359323721729
1286370501036838912
1286370700987695105
1286370984963051521
1286371440531591169
1286371674259169282
1286371811358396417
1286372023854194688
1286372048634359811
1286372136744112130
1286372248165789698
1286372267539214336
1286372353698443264
1286373124137771012
1286373274696392704
1286373291192725505
1286373307055579139
1286373392439021569
1286374175540682752
1286374309330591744
1286374632564633606
1286374780615131136
1286375161625808898
1286375421177626626
1286375794424590343
1286375946786938881
1286376169562992640
1286376273535733761
1286376446592782336
1286376618106277892
1286376851598974976
1286376865129734144
1286377048529760256
1286377049846734849
1286377050719137793
1286377050933059585
1286377054301310976
1286377772160561158
1286378302949728259
1286379109740949505
1286379164568756224
1286379275474677762
1286379363764772865
1286379456462905344
1286379693038608387
1286380266290896903
1286380651621617668
1286380754784718861
1286380811282001921
1286380907281227780
1286381038915256320
1286381331979485186
1286382046760361985
1286382097138032640
1286382442555871235
1286382486667374592
1286382566447239172
1286382664312905733
1286382853366980608
1286382931745943552
1286382943108304897
1286383277121708034
1286383298361483264
1286383466901192704
1286383466968313856
1286383542570635270
1286383865700012035
1286384172572053506
1286384269225611265
1286384535240835073
1286384755194228736
1286384896118788096
1286384925650821120
1286385148175560706
1286385166680592385
1286385257726595077
1286385279012610052
1286385692843446272
1286385764490776577
1286385785915215872
1286385895646658560
1286385953351884800
1286386010272587776
1286386022809341952
1286386464838889485
1286386585244700681
1286386612167999492
1286386699275206657
1286386760168214529
1286386806355828745
1286387214566461443
1286387267494465538
1286387355457265664
1286387829317173248
1286388019071721472
1286388153075597312
1286388608778338306
1286388676633800707
1286388953864499200
1286388955857002496
1286389185730027520
1286389228042096640
1286389326100803585
1286389369524441088
1286389515511304194
1286389925617651712
1286390025266106368
1286390603014709250
1286390756916129792
1286390919793647616
1286391227055841280
1286391276590583809
1286391359772008449
1286391525996281856
1286391671052173314
1286391747438837761
1286391776153145347
1286392152310702080
1286392152461684736
1286392153686421504
1286392154303037440
1286392156786106368
1286392212478197767
1286392945122447366
1286392958863003648
1286393031210360835
1286393039758524416
1286393159325425669
1286393228535762947
1286393256880869380
1286393345028370433
1286393529653252096
1286393571508195336
1286393809149075457
1286393973205073922
1286394022525833218
1286394070798143499
1286394145960013824
1286394236506705927
1286394239727759360
1286394385375145985
1286394574886375435
1286394758357803010
1286395048985276417
1286395546639331328
1286395550250799119
1286395816320667675
1286396036529954818
1286396120646717442
1286396176942731264
1286396589817262080
1286396695572611073
1286396969175388165
1286397013056262154
1286397362382884864
1286397684769861633
1286397718798245888
1286398156628951040
1286398247364440067
1286398293891788800
1286398442068234243
1286398699661336578
1286398765243473930
1286398871795429377
1286399358888562694
1286399384532537346
1286399914726117379
1286400060461285377
1286400637349949440
1286400696745701376
1286400739015827457
1286400861099286528
1286400870817636355
1286400907974975490
1286401078263779328
1286401395042578432
1286401421726715904
1286401715961569280
1286401939106824194
1286401975450505216
1286402263058018304
1286402358038024192
1286402744723570688
1286402801938190344
1286403225118269440
1286403241740304384
1286403276443979777
1286403282898808832
1286403312624054275
1286403453531705346
1286403780741914629
1286403789805613057
1286403843736121346
1286404275967598594
1286404701307764736
1286405251260731405
1286405531792551936
1286405602860773376
1286405761317445632
1286405788618162178
1286405823661572097
1286405911096037377
1286406133087756288
1286406536500314119
1286406997181489152
1286407102915903489
1286407123388096512
1286407125640437765
1286407126672261121
1286407230254993411
1286407492512227329
1286407680144183297
1286407702835585024
1286408068788494336
1286408914259648515
1286408927656247304
1286409057037934592
1286409393257422848
1286410143345684480
1286410147573764096
1286410183720263681
1286410352574554112
1286410527854530560
1286410757500960768
1286411010656464896
1286411061915156483
1286411078054957057
1286411240546414592
1286411418179428359
1286411689450061826
1286411846140833792
1286411888247660544
1286412354222096384
1286412429749112839
1286412860600520706
1286413040720609280
1286413199609335808
1286413473879031812
1286413478723555330
1286413697745920003
1286414376161943553
1286414588406308865
1286414623588200449
1286415307628785666
1286415613225660417
1286416604457127936
1286416785080811520
1286417066334081024
1286417328268292100
1286417531717275650
1286417620594556929
1286417838803161088
1286418500681170944
1286418885772705796
1286418993646051329
1286419426208776194
1286419451747930113
1286419595008540674
1286419953281892352
1286420156982398978
1286420526802636804
1286421250928254977
1286421265969041409
1286421515605618699
1286421544311242753
1286421546534350848
1286421598417776640
1286421839963553792
1286422219346685952
1286422226284056578
1286422735275675652
1286422781660475400
1286422986438971392
1286422998766026757
1286423299732525058
1286423597775347713
1286423877132877824
1286424239717806080
1286424578814881792
1286424759123804160
1286425095884476416
1286425246052913152
1286425729849319426
1286426106615259140
1286426349108854784
1286426384177467395
1286426431254224896
1286427314369318913
1286427676127961092
1286428391785345024
1286428590897332224
1286428686334464000
1286429015884959745
1286429020880433153
1286429049439559680
1286429114405093377
1286429139071897601
1286429202535854081
1286429227823386624
1286429434443112454
1286429491749888003
1286429754954878976
1286430292966879237
1286430701198487559
1286430756944973829
1286431464708595712
1286431833245118464
1286432009057861632
1286432011985379328
1286432176356175874
1286432478450810887
1286433845596823553
1286433924789538817
1286434249088933891
1286434891245268993
1286434920869646341
1286434940134055950
1286435291927121920
1286435370683465729
1286435993864802305
1286436068598984704
1286436643248001025
1286436821430198273
1286437128965107712
1286437180856909824
1286437456523325445
1286437459736158208
1286437569777958912
1286437771268292608
1286437896245960715
1286438165520113664
1286438302262984705
1286438635135541248
1286438902702596096
1286439035272126468
1286439464009633794
1286439612961959938
1286439753123090432
1286439799545638915
1286440081973284865
1286440089384439809
1286441097745453056
1286441135146258433
1286441319259406337
1286441490831380481
1286441721002328064
1286441910463336448
1286442246598950917
1286442752734003210
1286442805053870082
1286443483524247552
1286443602269351941
1286444081699344385
1286444367704666114
1286444595627413504
1286444747620601858
1286444984221278210
1286445430595825666
1286446418065010688
1286447455429566464
1286447714000162816
1286448058335731713
1286448148961996803
1286448366596087809
1286448773380681731
1286448896864972800
1286448950623342592
1286449264453914629
1286449719812620288
1286449916445949953
1286450416029442048
1286450857144459269
1286450925306097665
1286451180709851141
1286451518208716800
1286451724513812480
1286451897076011008
1286452031914414081
1286452072435646465
1286452107881721856
1286452295312367616
1286452300957982721
1286453224363483136
1286453372426559493
1286453560331313152
1286453731194597377
1286453746424328192
1286453779559145472
1286453952293347328
1286453990356652032
1286454141791895553
1286454240810950656
1286454268652924928
1286454321966710794
1286454405735370753
1286454468700180480
1286454559385112577
1286454609641377794
1286455185724694528
1286455453858312192
1286455457759068161
1286455473479262216
1286455807240896512
1286456138335227904
1286456711528812545
1286457317173559297
1286457349167775744
1286457819995176967
1286458034374340608
1286459161182707713
1286459362064707584
1286459584983576577
1286460312321953792
1286460347302449157
1286460477921427456
1286460688798367745
1286460707903610882
1286461058807463937
1286461321056260096
1286461357102190595
1286461465256501249
1286461874154790912
1286462099946786816
1286462233803972612
1286462366780194816
1286462502004457474
1286462536922148864
1286462854540021760
1286462986975158272
1286463197365653505
1286463341402226688
1286463451087474691
1286463613650247683
1286464290569031682
1286464327713792004
1286464467656757248
1286464524011343872
1286464614805524482
1286464732178845698
1286464923057426432
1286464972072062978
1286465187038584832
1286465498582900737
1286465544082747394
1286465755165478913
1286465943804293121
1286465960619184129
1286466082031702021
1286466459661742094
1286467028476465152
1286467190259175425
1286467652664176641
1286468067862749187
1286468241594998785
1286468519912255489
1286468532159488000
1286468536018169859
1286468562639556609
1286468565202337798
1286468653110693889
1286468987853955072
1286469495922536451
1286469619486687235
1286469932126031873
1286470109960298497
1286470132391387141
1286470950339457025
1286471414195916806
1286471663354359808
1286471675656179713
1286471904778317825
1286472035770814464
1286472148308172804
1286472231930007552
1286472617017434112
1286472822492221440
1286473403243929602
1286473713496608774
1286475025831297024
1286475323429670913
1286475390291148800
1286475610961969152
1286475710920417280
1286476409075052544
1286476437113970690
1286476507435675654
1286477014837288960
1286477369323266049
1286477789495996418
1286477845309644802
1286477855866728448
1286477883456790529
1286477957368877057
1286477958685822983
1286477998217203713
1286478011953545217
1286478066034683904
1286478246343774213
1286478373867356162
1286478440330395648
1286478594076815360
1286479008184639489
1286479029625913354
1286479187440787463
1286479491619934208
1286479513367523328
1286479561912471553
1286480381773045768
1286480978001694721
1286481136156323843
1286481324145029125
1286481728815718401
1286482073667227648
1286482245339947010
1286482245583163395
1286482246380032000
1286482247453831168
1286482294761574400
1286482380400799744
1286482535313219585
1286482731216429056
1286482755505750016
1286482898661539840
1286483273263263744
1286483445821116416
1286483627346235394
1286483682899816453
1286483753829687296
1286483758388899840
1286484419595862016
1286484828817362951
1286484863638478849
1286485076453335042
1286485283756802049
1286485345631195140
1286485502464532486
1286485607125004293
1286485762414870529
1286486397524746241
1286487107251376130
1286487409534930944
1286487840277311488
1286488453669101568
1286488565552164864
1286488761002536960
1286488807911632896
1286489129153368064
1286489402387173377
1286489722991382530
1286490375885131776
1286490740370092032
1286491073834110976
1286491567088373761
1286492487175925760
1286492558080737285
1286492626242461702
1286493796306493446
1286494012350828545
1286494046928740358
1286494055371694085
1286494056932147200
1286494312100962304
1286494432859172865
1286494437397475329
1286495004953915392
1286495058196344834
1286495199393394689
1286495351160135680
1286495439626223617
1286495861308944384
1286495969442496512
1286495985405964288
1286496646759690240
1286496824040345600
1286496844642689024
1286497345954226178
1286497348298792960
1286497351100579841
1286497821554806785
1286497957101965312
1286498690044235777
1286498941043912704
1286499021998059520
1286499068731166720
1286499668306939905
1286500054501601281
1286500256537104386
1286500333238222848
1286500765301784578
1286501317272199172
1286501675532861440
1286502123367260160
1286502214945476609
1286502565190959104
1286502591506124805
1286503355779551233
1286503458032451584
1286504532353196032
1286504687970197505
1286505075498577921
1286505109384503297
1286505467729108993
1286506184766234624
1286506308343037952
1286506422512091136
1286506693535227905
1286506694978068486
1286507050252619777
1286507198349279232
1286507376925761547
1286507821065003009
1286508244169621504
1286508306329149441
1286508582524145664
1286508615881363457
1286509402376347648
1286509460517605377
1286510047443337217
1286510258207293440
1286510317057519616
1286510495353249793
1286510532145688578
1286510596137971713
1286511454502490114
1286511474131849218
1286511980598231040
1286512192011898880
1286512194872467458
1286512245623717894
1286512490894045184
1286512518232514560
1286512975092879360
1286513299966713860
1286513477826359298
1286514443535310848
1286514541392789504
1286514615808122881
1286515082822684672
1286515215492734976
1286515441410678784
1286515718025097218
1286515916294049792
1286516969047457793
1286517375194542080
1286517473961897985
1286517533181456384
