1280358257320697857
1280358765959602181
1280360511272390656
1280360939288756231
1280361614093570048
1280361721975025665
1280361917937311744
1280362750531833857
1280363613539241987
1280364158152847360
1280364724543160324
1280364948338728960
1280365122242871297
1280365532307488769
1280365534421401600
1280365684745101313
1280365691015581697
1280366003352936448
1280366322157666304
1280366570053591040
1280367001811156993
1280367459057438720
1280367675726848003
1280368101570347008
1280368690312118273
1280369193012072448
1280369656113610752
1280371413522747392
1280372771273441281
1280373029135101954
1280373354134994944
1280374374680326145
1280374376018280448
1280374716289581056
1280374907298361346
1280375216926076929
1280376515834679296
1280376760501067777
1280376978932207616
1280377770305093632
1280378874866675712
1280378885151109120
1280379345018781696
1280379807717621765
1280379836691865601
1280379900948553730
1280380120851775488
1280380412330512386
1280380413966311427
1280380731731173376
1280381011151511552
1280381624299945984
1280381837978800130
1280381922359644162
1280382675451367424
1280382692459151362
1280383429998260225
1280383523250208770
1280384075132534784
1280384360437383168
1280384583297630208
1280384676411117568
1280384924898525190
1280385822550667264
1280385944755961857
1280385944936345601
1280385989085667328
1280386225602363392
1280386512425795584
1280386610647965696
1280386750913761281
1280386976022216705
1280387571869274112
1280387587161624577
1280387594895925248
1280387634959921152
1280387877705330688
1280388203057483777
1280388462148030464
1280388683028455424
1280389170142330880
1280389510698807302
1280389610619564032
1280390044876967936
1280390073557692416
1280391127833751553
1280391377537380352
1280391673927929856
1280392252590821376
1280392593747083264
1280392633454604294
1280393070941368320
1280393774833831937
1280393943377563649
1280394020770983937
1280394531561766913
1280394761749385216
1280394847669506049
1280395201023008768
1280395278600847360
1280395643538694144
1280395644830695425
1280395646227234816
1280395890574995456
1280395956845006848
1280396380322873344
1280397194844143617
1280397423723065344
1280397511203737600
1280397576525828096
1280397836790706177
1280398129842487296
1280398173731647489
1280398818425679872
1280399032242880513
1280399213675843584
1280399268709269505
1280400062993104897
1280400127274999809
1280400951640297473
1280401202388361217
1280401562704240640
1280402036069208064
1280402360657829889
1280402447047983106
1280402619748569088
1280402622181236738
1280402627008827392
1280402688103067649
1280402703374573568
1280403051623448576
1280403734561017856
1280403985426526210
1280404035170951169
1280404070998503424
1280404267686338565
1280404404684894208
1280404466756395009
1280404572763074561
1280404574939918336
1280404881363394562
1280405650258964480
1280405717451751425
1280405817662099457
1280406483717545985
1280406811582095362
1280407595132399616
1280408271535423488
1280408566512443394
1280408616177000448
1280409246274736129
1280409262573920257
1280409896681377792
1280410008749051904
1280410161249767428
1280410200890134528
1280410359942152192
1280410361036865537
1280410364241252353
1280410518012915713
1280410626288807936
1280410669561544704
1280410707058667527
1280411327157198848
1280411344945197058
1280411379317399552
1280411578706399232
1280411602320310274
1280412120211808256
1280412255595589632
1280412516116566016
1280413336597925888
1280414279930429441
1280414429574815744
1280415042224226305
1280415224768708608
1280415735165190144
1280415927323025409
1280416008512118784
1280416170894647296
1280416335223312384
1280416362473676801
1280416375866118144
1280416457461989376
1280417051312558080
1280417217100775425
1280418391153614853
1280418494480363520
1280418857967136770
1280418999621300225
1280419087969955841
1280419163442274305
1280419582092681216
1280419848229699584
1280419861215223808
1280420071739883520
1280420493515001857
1280421445483532288
1280421659221069824
1280421663583219712
1280421828243185664
1280422112998629381
1280422663878512641
1280422840475414534
1280422972013101056
1280423834974380032
1280424035629793280
1280424491869446144
1280424665970663424
1280424950470455299
1280425354721742853
1280425585919983616
1280425905077260289
1280425941869555712
1280425961414987776
1280426476819505152
1280426479432552451
1280427887498330114
1280428348812869637
1280428378403856386
1280428901349699586
1280429474551672832
1280430029927845888
1280430352721297408
1280431380149661698
1280431702020685824
1280432133614510080
1280432354851467264
1280432502146916353
1280432747203485697
1280433626497323008
1280433733032648704
1280433892437213186
1280434155583606784
1280434331769540608
1280434698351763457
1280434779478020097
1280434986789883905
1280435011280179201
1280435115018108931
1280435705374703616
1280436663337050112
1280436673592152066
1280436830815555585
1280437390474121218
1280437530823966725
1280437615326564354
1280437639800254464
1280437639800254464
1280437838337753089
1280437887633326081
1280438240974008320
1280439043247857667
1280439119135604737
1280439336769593344
1280439401508724736
1280439468948930561
1280439837716332550
1280440060500901888
1280440428903280646
1280440431298310144
1280440519194218496
1280440773209731074
1280441107474767877
1280441114768683008
1280441410420908034
1280442012789911553
1280442150858240000
1280442266356613120
1280442387555323905
1280442492056469506
1280443567283068931
1280443687735042048
1280443966073135104
1280444502352723968
1280444529821339649
1280444675242033158
1280444832859803649
1280444880666451968
1280445289518764032
1280445598555148288
1280446206196559872
1280446347598954498
1280446535185154048
1280446921753141249
1280446944893165574
1280447257926647808
1280447508876070913
1280447752074399745
1280448491303526400
1280448867490828288
1280449124974747649
1280449137268252678
1280449148001476608
1280449817005654016
1280449989626470401
1280449999613108224
1280450366392471552
1280450419152564226
1280450629127876608
1280450917087809539
1280451080330100736
1280451523235835904
1280451575236956160
1280451898215223296
1280452114217676802
1280452796316254208
1280453252396527616
1280453535621054465
1280453544869597184
1280453896213860352
1280453899607060480
1280453912005353474
1280453928925216768
1280453968309739522
1280454422427045889
1280454951098028032
1280454979099205632
1280455405705981952
1280455744891035649
1280455780341297152
1280456285335564289
1280456545793441792
1280456659815395335
1280457415230738432
1280457504145600514
1280457545962991616
1280457758773477376
1280457766621138944
1280457915246145536
1280457967280828416
1280458753372979200
1280458792036114432
1280458877184741376
1280459445428867072
1280460101745328131
1280460288760913927
1280460309724123136
1280460373464952832
1280460821068419074
1280461470220910592
1280461811180015617
1280461847053950977
1280462097042804736
1280462369685209089
1280463053402898433
1280463108826451969
1280463157513859074
1280463273805127680
1280463383318401024
1280463600042328064
1280463613669580802
1280463872206438400
1280465572304691200
1280465724431990784
1280466032923152384
1280466120395366401
1280466141895364609
1280466629109972993
1280466688333492225
1280467147261706241
1280467308935340033
1280467414413717506
1280467461226344449
1280467556193755137
1280467607569739776
1280467639106785282
1280467820103548928
1280468400431603712
1280468406265950208
1280468876506148864
1280468979576762368
1280469147604877312
1280469183717834752
1280470072939761664
1280470076941107202
1280470257920925696
1280470266536214528
1280470486837874688
1280470613950373890
1280471091945902080
1280471855820951556
1280471857049800704
1280472001988222977
1280472207161020420
1280472301222473728
1280472766676897792
1280472783236075521
1280472949108211715
1280473379552800769
1280473446217121792
1280473547123707904
1280473722210713601
1280473767421116420
1280474225208426496
1280474277272326148
1280474662518964230
1280474689551380484
1280475161758703617
1280475684192780288
1280476055032279041
1280476437057867776
1280476481773281285
1280476944254078976
1280476980136357890
1280477678357958661
1280477983581646848
1280478176574046215
1280478379620401153
1280478395831369729
1280478408372150274
1280478489657966594
1280478557203030016
1280478566090711048
1280478603990519810
1280478648781373440
1280478766288928769
1280479279491411968
1280479468352667648
1280479693712560128
1280479739464081409
1280479790886256640
1280479841658310657
1280479960524713984
1280480561971310592
1280480644016070658
1280480821560799232
1280480954390401024
1280481267994234880
1280482027255595008
1280482054749196288
1280482054875086848
1280482383469387777
1280483138012090370
1280483183755223042
1280483478488920067
1280483552329560064
1280483862599151621
1280483947600842753
1280484238110928898
1280484345950736384
1280484353852813313
1280484651719589888
1280484655158956033
1280484788059717633
1280484840320774145
1280485101122486272
1280485101978046464
1280485112103211009
1280485446540316675
1280485554136797185
1280485825063653376
1280485955766571008
1280486811257704577
1280486951708131329
1280487052274855937
1280487081341575170
1280487248560115714
1280487442303377408
1280487632007503874
1280487876891983873
1280488570634018818
1280488935018258432
1280489034679152640
1280489336602079233
1280489623224029185
1280490516786929665
1280490880965713929
1280491483985051649
1280491850139402240
1280491893252472833
1280492021652656129
1280492181330055170
1280492193980039170
1280492231548219393
1280492827403784192
1280493107470053382
1280493400119115782
1280493799597211650
1280494134071980032
1280494281149550593
1280494650780987392
1280494970902908929
1280495359765118976
1280495646324264968
1280495905737670658
1280496022087700485
1280496961171460102
1280497159209652226
1280497338608488454
1280497880416104448
1280497999609769989
1280498097458741249
1280498552913817600
1280498949837684740
1280499017114423301
1280499076845441024
1280499211843362819
1280499726492798979
1280499773028605953
1280499798001541123
1280499809468768256
1280500078361432067
1280500107004215297
1280500132916723712
1280500263921598467
1280500354946412549
1280500365058871297
1280500473599008772
1280500888235380737
1280500938743177219
1280501839490945036
1280501936421318658
1280502200939220994
1280502695242104843
1280502822694457345
1280503069722251265
1280503433620054016
1280503547281444864
1280503983388450816
1280504365091078144
1280504755060695041
1280505484097851394
1280505564280377345
1280505715204001795
1280505824851492868
1280506113331474432
1280506419977093120
1280506785284198405
1280507376542646272
1280508202837258244
1280508330448994306
1280508656048656384
1280508811120435201
1280508978267652096
1280509137890217990
1280509252822589447
1280509271877324812
1280509294346207238
1280509376701308928
1280509469693300737
1280509616053460992
1280509729954041856
1280509793178914820
1280511215777824769
1280511515569905666
1280511612772892675
1280511613603385350
1280512444008468483
1280512511217930243
1280512778604875777
1280513224094502913
1280513375064162305
1280513529343365120
1280514124196253697
1280514422457409536
1280514743602642946
1280514805225447436
1280515085543358464
1280515430008918019
1280515974547025923
1280516079379517442
1280516888892760068
1280517129503211521
1280517155251990539
1280517198453313541
1280517841360388100
1280517920066584580
1280517947161743365
1280518014203580420
1280518302058647555
1280518999248429059
1280519297627033605
1280519371773935616
1280519418154549249
1280519498810916870
1280520080871190528
1280520269963177989
1280521255498678272
1280521373241282574
1280521410314723328
1280521495027027969
1280521620705157120
1280521712396914691
1280521745385041920
1280521813278232585
1280522383506325507
1280522530844028930
1280522668777910287
1280522874420420608
1280522975536574464
1280523007706963973
1280523247675740160
1280524450505596928
1280524484881989632
1280524879855587329
1280525705370099713
1280526062565363716
1280526213086433281
1280526530960068608
1280526636476227586
1280526636476227586
1280526806060347392
1280527862009823235
1280527962329116677
1280528616015704064
1280528888628760577
1280529203537084416
1280529929348608000
1280530051356749824
1280530390831304706
1280530456832733185
1280530772991053831
1280531007200952321
1280531686187569152
1280531753728385024
1280531820589862916
1280531824024997894
1280532000751996928
1280532652416696327
1280532872575795201
1280533755518746625
1280534237146492933
1280534378687410183
1280534577572962304
1280534596602429443
1280534614629666816
1280535103073067008
1280535305326600194
1280536045055094787
1280536191343919105
1280536670237007874
1280536849518407680
1280537206738714627
1280537339840860161
1280537634222333952
1280538283240497152
1280538817695490048
1280538850545172481
1280538858296246273
1280539105739313152
1280539207602069504
1280539416088494081
1280539887377223680
1280540181393702912
1280540414622171136
1280540977049079811
1280541047312068609
1280541061916405761
1280541119596634112
1280541409041436672
1280541602121908233
1280541896184680448
1280542109125263360
1280542324737671170
1280542343410651136
1280542378571501568
1280542427242213378
1280542714413580294
1280543048703913985
1280543190941151232
1280543539324170240
1280543690746986504
1280543720513798147
1280543808518791169
1280544013536374785
1280544135678746628
1280544550214385664
1280544714811465729
1280544844977405952
1280544915739598849
1280545200411197442
1280545742810001409
1280545795574546433
1280545892727246853
1280545902676062209
1280546480336654338
1280546526423584770
1280546571340460036
1280546777469501440
1280547550173560833
1280547599792160775
1280547973458464770
1280548597814132738
1280548999930445830
1280549215190413313
1280549253371310080
1280549322711601155
1280549810903437313
1280549988175659008
1280549991233261571
1280550052948316160
1280550434961330176
1280550611251953664
1280550669624246276
1280551089918656514
1280551135405801473
1280551195287879681
1280551199020892161
1280551298740477953
1280553027347320833
1280553281106960388
1280553425017597952
1280553447809581058
1280553460333756422
1280554034521407489
1280554282685734912
1280555138164416512
1280555423184158720
1280555473125720065
1280555899661279232
1280556180646105089
1280556571785822209
1280556722411769861
1280557019548856322
1280557946544353280
1280558748776509440
1280559138674806785
1280559427570020353
1280559667941441549
1280560224898674688
1280560236319903746
1280560396953362435
1280560573726547968
1280560693465538560
1280560951390076933
1280561106147139584
1280561172199215106
1280561306869866498
1280561588412481538
1280561919628279810
1280562129679126528
1280562666323480579
1280563093454688263
1280563924543442946
1280564222032838656
1280564506326970368
1280564521426247680
1280564619514228736
1280564985593200643
1280565366092181511
1280565535374299138
1280566063894323200
1280566766951739392
1280567190425567233
1280567282004082689
1280567615153414144
1280567691082756096
1280567937607307266
1280568027189317633
1280568352612679682
1280568567193272320
1280568608859578368
1280569187027615744
1280569279226671105
1280569469056749569
1280569508424560640
1280569577626370056
1280569825719390208
1280570123234021377
1280570397260427264
1280570418378747904
1280570657256898560
1280570770364805124
1280570785275527168
1280570856498962434
1280570920139141121
1280571771696156673
1280571805984579585
1280571852855918597
1280572794179407872
1280573088443351042
1280574237225496594
1280574419186958336
1280574484831969282
1280574650007859200
1280574679305109504
1280574863191703552
1280575153345265664
1280575445264564225
1280575738354302976
1280576269051203586
1280576452203884544
1280576662556553217
1280576867540643840
1280577211624554497
1280577619096776709
1280577769152278529
1280577925641879553
1280577957808017410
1280578034966429701
1280578168143802368
1280578201572593664
1280578478358872066
1280578868982632448
1280579008325980164
1280579061039980545
1280579119839883264
1280579346470539264
1280580015135088642
1280580328575426560
1280581181004808195
1280581309577023488
1280581514770743297
1280581624665706499
1280581850080129024
1280581892585250816
1280582530232655873
1280582731752263681
1280583155532083201
1280583608537841671
1280584207702593537
1280584383888588801
1280584538767478784
1280584573831741445
1280584899100127232
1280584899771146241
1280585018155417606
1280585163529957381
1280585538295209990
1280585568271794176
1280585889559838726
1280585917942640648
1280586000071372805
1280586091536539650
1280586150764216322
1280586304783290368
1280586394742767621
1280586471490158595
1280587050715172865
1280587143627358213
1280587215261831169
1280587517780275201
1280587618049236993
1280587819270856704
1280587991010938882
1280588030248615936
1280588033054715904
1280588361254735873
1280588367470698497
1280588640133971968
1280588661197885444
1280588703778381825
1280588708065021953
1280588734254243841
1280589538860171265
1280589925801435142
1280590289573421063
1280590424961245184
1280590548982804482
1280590763290746880
1280590892663963648
1280591129017278466
1280591267672526848
1280591325772070915
1280592701596094467
1280592714254426118
1280592869380681728
1280592907335094272
1280592980211052548
1280593322516508672
1280593380527964162
1280593755914096647
1280593813824630784
1280594659438407693
1280594740078096387
1280595043481501696
1280595046350422017
1280595047365382146
1280595050460676096
1280595653924737029
1280596693956911104
1280597009292984320
1280597018579275776
1280597369126621186
1280597466723708934
1280597565826891776
1280597842541735936
1280598062562500610
1280598543938523136
1280599454379241474
1280599491897368577
1280599950024421378
1280600519778631681
1280600658157109250
1280601006619803648
1280601355254669312
1280601458967228423
1280601739515830275
1280601858743164929
1280602164075905026
1280602513079767040
1280602852100960257
1280603015888678912
1280603028245135360
1280603132586844161
1280603404910366720
1280603774264971265
1280603997611663360
1280604010265837568
1280604138892492801
1280604566355152896
1280604733766598662
1280604857372737537
1280605057277362188
1280605149296300033
1280605266698960902
1280605271203516416
1280605775556161536
1280605858553085955
1280606033925124096
1280606035040849921
1280606178305871873
1280606245729296385
1280606269313814529
1280606363559723008
1280606552844623876
1280606780553224192
1280606819484930053
1280606916738154496
1280607464774406145
1280607604667035649
1280608296148152320
1280608750253092871
1280608820935475201
1280609093611409415
1280609202885591041
1280609436634157057
1280609586387574786
1280609700820680704
1280609756386865152
1280609972712325120
1280610190790995973
1280610196172177411
1280610204162363394
1280610259476807681
1280610347376934914
1280610468877545472
1280610509600030720
1280610510304575496
1280610761316937735
1280610778228371457
1280611357994422272
1280611474076045316
1280611547757322240
1280612074616430592
1280612576758345728
1280612616956710914
1280612620979048451
1280612791389388800
1280613493683748865
1280613911147040774
1280613921594978305
1280614091988652033
1280614138167693312
1280614830777327617
1280615121509908480
1280615228783439872
1280615544241229826
1280615692727877632
1280616008932302848
1280616566061543425
1280616977829179392
1280617091981348865
1280617095928184834
1280617099614920704
1280617103393947649
1280617103956029446
1280617254720282626
1280617459670634499
1280618663922499587
1280619003384229888
1280619359589871617
1280619364249722885
1280619733205819392
1280619960679579648
1280620115856261121
1280620119077445632
1280620362846408704
1280620465225175040
1280621056177442816
1280621285236760577
1280621364475506693
1280621492183748610
1280621625113669632
1280621626367893504
1280621692088397825
1280621797541543938
1280621813907718149
1280621947278295040
1280622304666497024
1280623077257146369
1280623323907588098
1280623869070630914
1280624330737627136
1280624558400106496
1280624870771044352
1280625812031639553
1280626327238868993
1280626368422785025
1280626426958491648
1280626551248220160
1280626705649016832
1280627002903597057
1280627064538828800
1280627199960322053
1280627681952845824
1280628318291795971
1280628450580205571
1280628705253982208
1280628714414444545
1280628977711939585
1280629112944693248
1280629653544349697
1280629679213498377
1280630055220240384
1280630903161729024
1280631112524496897
1280632379435036680
1280633336600412160
1280633772736761859
1280633966022791169
1280634350816591872
1280634396756905994
1280634955794653185
1280634966481616897
1280634967945428992
1280634968431976449
1280635043925417984
1280635317452668929
1280635436260564995
1280635727101952000
1280635977120264199
1280636166728015874
1280636490205315073
1280636911007272961
1280637010303213569
1280637212279930895
1280637253853814784
1280637621694271489
1280637651503243264
1280637753936543744
1280637774295642112
1280638577991471104
1280638846762471424
1280638856870744065
1280638994280337408
1280639192134045699
1280639773057716225
1280639810936410115
1280639884030619648
1280640346112905221
1280640648035667974
1280640776372916225
1280640830005547009
1280640830521307136
1280640918564024321
1280640974671286272
1280641386577092608
1280641573345284101
1280641840967036930
1280642283931566080
1280642416551366656
1280643015883751424
1280643244670451712
1280643262135652352
1280643608262193152
1280643955990855681
1280644250343014401
1280644607987142657
1280644665595826176
1280645153200287746
1280646422954512384
1280646649874976774
1280647324134518784
1280647569455165442
1280647760484720641
1280648217424781313
1280648242808700929
1280648428314394625
1280649684936126465
1280649685967896576
1280649890561998848
1280649921515978753
1280649921528500225
1280650186998476802
1280650943072137217
1280650947090407424
1280651397353148416
1280651665859903492
1280651680980361221
1280651807899791360
1280651832067592192
1280651865936531458
1280651922416910336
1280651976242614272
1280652040184578048
1280652110263193600
1280652117565419520
1280652262080053248
1280652504565452800
1280652520738762752
1280652565999427585
1280652578611757056
1280652624707141634
1280652867989385221
1280652968606478342
1280653056972070912
1280653129420288006
1280653641695858693
1280653696150487041
1280653734813581312
1280653966477602817
1280654123843702784
1280654164272562176
1280654205661974528
1280655086994284548
1280655158649729030
1280655365491826689
1280655978271133696
1280656634449100800
1280656836115431425
1280657219411939329
1280658011699269633
1280658241685295104
1280658580639752192
1280658767982583808
1280659040704618502
1280659949891321857
1280660009420980224
1280660031042658310
1280660036122021891
1280660199318175753
1280660460925313033
1280661043736391681
1280661239920762883
1280661385240698880
1280661445420646401
1280662154404941824
1280662336311906304
1280662445636366336
1280663111641464832
1280663128087441408
1280663368198692865
1280663372984434688
1280663501896368133
1280663807405314048
1280663889877688320
1280664307613794309
1280664309190873089
1280664532172627968
1280664659717001216
1280664660790796289
1280664667048734725
1280664699701547009
1280664797802004480
1280665322970849282
1280665409155239940
1280665795584913408
1280665796625068033
1280666546151387137
1280666888520060930
1280666936716808193
1280666954504822784
1280667021496238081
1280667155017629696
1280667456332279808
1280667483448528898
1280667585286152192
1280667631746457603
1280668040380678144
1280668240130322432
1280668753865453568
1280668933406617600
1280669025148731397
1280669208330862593
1280669272482734080
1280669525319528450
1280669656198635522
1280669730886606848
1280670292378091523
1280670408795193346
1280670413152976896
1280670555184734208
1280671277817135104
1280671729686401024
1280672005432455170
1280673073377599489
1280673364508540928
1280673602577272839
1280673913731776513
1280674116828377093
1280674257408790529
1280674487076376576
1280674536195788801
1280675107753488385
1280675603566309378
1280675880453496832
1280676291214262272
1280676747042684928
1280677154334937088
1280678349468315648
1280678485573459968
1280678640364195841
1280678725978173440
1280678759490883584
1280678796904071170
1280678821835026432
1280678855842443264
1280678962427985921
1280679631583051782
1280679631771713537
1280679632820297729
1280679633956950018
1280679780761899011
1280679919735930885
1280679923435405313
1280680642553020417
1280680643731484673
1280680644180410368
1280680644884881408
1280680915677655042
1280682068662521857
1280682069753020418
1280682240285032451
1280682366571249664
1280682989639393282
1280683360604557312
1280683387292958726
1280683446365564928
1280683740654637062
1280683866420908035
1280683932644769793
1280684637518540800
1280684707043213313
1280685250125930503
1280686428540686336
1280686485386276865
1280686519012020224
1280687423194882049
1280687523795283968
1280688014344294401
1280688545204764679
1280689302406606854
1280689350687305728
1280689476608700421
1280689512495136768
1280689532489342976
1280689584611962881
1280690023382335490
1280690533426495492
1280690875878772736
1280691161875779586
1280691235100004354
1280691333963763712
1280691464842776582
1280692810677719046
1280693406646206464
1280693424983887875
1280693536338436107
1280694001834831872
1280694032683974663
1280694158110253057
1280694179438395406
1280695142031245312
1280695715119980545
1280695956745400320
1280696534556958722
1280697197223383043
1280697347689918464
1280697475456778241
1280697702699929600
1280698732309340162
1280698851482120192
1280699258841284610
1280699320673734660
1280699617596919812
1280700013220421633
1280700345644191744
1280702037953597440
1280702082341842945
1280702724187832320
1280702944510390272
1280703061904838660
1280703270755991552
1280703982080573441
1280704303657820162
1280704627122622469
1280704961232474113
1280705423083835393
1280705858616336385
1280705954124910592
1280705999553228802
1280706029328703490
1280706605005316097
1280706891639853057
1280707195009712128
1280707224352878592
1280707654340481024
1280708348711755780
1280708393196535808
1280708870705463296
1280708921758494720
1280709006395355136
1280709147588202496
1280709329499197442
1280709329885097984
1280709333395869701
1280709623570366466
1280710431896715274
1280710559390892032
1280711540191236097
1280711847214305280
1280712208977182721
1280712865666736128
1280713095837560832
1280713283486584832
1280714032064888832
1280714304166166528
1280714499218079744
1280714748812832768
1280714795872931840
1280714881965187075
1280715308089708544
1280716301900578824
1280716635733663744
1280716858606452737
1280717183102988288
1280717384203096064
1280717497839345665
1280717630647615488
1280717796339593216
1280718014518669312
1280718730528460800
1280719243055632389
1280719366984806401
