1278183090117128193
1278183722802692097
1278184249175105538
1278184288639488001
1278184965981732871
1278185897427599361
1278185973709508608
1278186233554890759
1278186386496126978
1278186404548415488
1278186461825658880
1278186626670366720
1278186752470134784
1278186945471004672
1278186990056415232
1278187302494318592
1278187553867403265
1278187698629382145
1278187730879512577
1278187808566493184
1278188026192150529
1278188120165552128
1278188518452473857
1278189007042641920
1278190776799952896
1278191702235385856
1278191960575090690
1278192560238985216
1278192775662571521
1278193374894321664
1278193376177713152
1278193380544176128
1278193568256065537
1278193704881336321
1278193852365619203
1278194543049883649
1278195052846538752
1278195100938579969
1278195175945371649
1278195812288389120
1278195818001059840
1278196044107571201
1278196394071855106
1278197249869328386
1278197830813966336
1278198171882196992
1278198343118848000
1278198475981836289
1278198561981771782
1278198630835511296
1278198810968285184
1278199300770725888
1278200014079094784
1278200523234181120
1278200599431901186
1278200726695620608
1278201459482517504
1278201809702662145
1278201935753916416
1278202057288269824
1278202276050538497
1278202417797046272
1278202667630759936
1278202697783619585
1278202901161283585
1278203203452989440
1278203206833565697
1278203567581433857
1278204069404913664
1278205179377188870
1278205254601895937
1278205850801385474
1278206396937515008
1278206645164740608
1278206787066478593
1278206955337768961
1278207222330228740
1278207644201824257
1278207846145032192
1278207971219042304
1278208480688713728
1278208485428166656
1278208799103422469
1278208850005352448
1278208853583130624
1278208961888608256
1278209183465308160
1278210140722933760
1278210617627852802
1278210656039317507
1278210802055553026
1278210998869073922
1278211046407376899
1278211256785256448
1278211536452874240
1278211626110455808
1278212521690832896
1278212855410679808
1278212937312808960
1278213287520468992
1278213740836552705
1278213747128119297
1278213856700116993
1278213948156923905
1278213955861831680
1278214272003211269
1278214326248185861
1278214363195805701
1278214634441519104
1278214702288560129
1278214782966018050
1278214928445341697
1278215004152619010
1278215251692060672
1278215839334961152
1278216086673076224
1278216302532988928
1278216399526100993
1278216665105301505
1278216963047723008
1278216974871363587
1278217298432741376
1278217704583749632
1278217910431870976
1278217911987916802
1278217913632034816
1278218219342442496
1278218292642164738
1278218404902690816
1278218643604717568
1278218681802199040
1278218710168240128
1278218899847180289
1278219040767516672
1278219297693880321
1278219646106128392
1278220331568816129
1278220367836991493
1278220708854841344
1278221069623664640
1278221445122985986
1278221520477859840
1278221637205229570
1278221999307980800
1278222112537350145
1278222631314042880
1278223196139876352
1278224431689740288
1278224787354128384
1278224924944084992
1278225884491796481
1278226110501830656
1278226422729973760
1278226452517998592
1278226464287014912
1278227011308314624
1278227127230496768
1278227236139794432
1278227448317034497
1278227582622760961
1278228096441888768
1278228112279433216
1278228580183539714
1278229361217454083
1278229411028963333
1278230130314354691
1278230193216380928
1278230243032129538
1278230483558699008
1278230537799426049
1278231129867386881
1278231134464290816
1278231193738268672
1278231515185512448
1278231525318770688
1278231911345917953
1278233170014593025
1278233408876040195
1278234211514712064
1278234573344825344
1278235497207173120
1278235611019665408
1278236139401277441
1278236210415243265
1278236564108255234
1278236782786641922
1278236963934547968
1278237141022019584
1278237266129965056
1278237420727787525
1278237423517011970
1278237460183515136
1278237605591744512
1278237667663114240
1278237673769938945
1278237705734893569
1278237949277229056
1278237958513086464
1278237966528327680
1278238008639193091
1278238042545782784
1278238171982069760
1278238424269377537
1278238582805676034
1278238655874846721
1278238943796961280
1278238988634132480
1278239252808163328
1278239293614559232
1278239325285646336
1278239503782760450
1278240106101366784
1278240276436463617
1278240357990445058
1278240398931091457
1278240745279893506
1278241194909237248
1278241225305239552
1278241286420598784
1278241291566972928
1278241403517186048
1278241507749879810
1278241507749871616
1278241997631954946
1278242177152401408
1278242198790844417
1278242198992142337
1278242476361428993
1278242582036975619
1278242950116499467
1278243109185490944
1278243157537423360
1278243433317097472
1278243528741736453
1278243594319597569
1278243599818391561
1278245109209989120
1278245109843341312
1278245296762388480
1278245483253809152
1278245485535510532
1278245899991277568
1278245978882129920
1278246355379634176
1278246553367515138
1278246585181319170
1278247974263492608
1278248362597158913
1278248520475201536
1278248520475164672
1278248590037540864
1278248954333929472
1278249048106061829
1278249074223972358
1278249204683386882
1278249235327172623
1278249274871107585
1278249916654116865
1278249954881032195
1278250239137382402
1278250363649310722
1278250364219908096
1278250929041444864
1278251407745921024
1278251569864212488
1278251577204187136
1278251594551898112
1278251933036404736
1278252081632157696
1278252142977933313
1278252350583590913
1278252521979551745
1278252546570752000
1278252639176679425
1278252643865919488
1278252721079009282
1278252739504603140
1278252755975618560
1278252953305055232
1278253141624909824
1278253270461345792
1278253271585456128
1278253280246677504
1278253449495314433
1278253520852930570
1278253525307240450
1278253549793787909
1278253741175566337
1278254254663380997
1278254698982670338
1278254699901325312
1278255021755424783
1278255199036071936
1278255263439392768
1278255630265057281
1278255791296991232
1278255822993264640
1278255877703811082
1278256209745846272
1278256287264972802
1278256601720373248
1278256638399590400
1278256817932578816
1278257119100370945
1278257127577001984
1278257331545862145
1278257473695211521
1278257476333211650
1278257618805547018
1278257654645866502
1278257664787693569
1278257710253957121
1278257710723502080
1278258080913002496
1278258091872657408
1278258166048755713
1278258250409021444
1278258307375996928
1278258605041553411
1278258704203362305
1278258711442546690
1278258899024441344
1278258926522417152
1278259088124755968
1278259107040985088
1278259280173555712
1278259338159755264
1278259376059539456
1278259412323446784
1278259433248784384
1278259721896632321
1278259731942047744
1278259780277039104
1278259940629663747
1278259951559901184
1278260373297205248
1278260560128364546
1278260687345553408
1278260999712313344
1278261000815468544
1278261356387598336
1278261372795658240
1278261657777721347
1278261684789022720
1278261903849070605
1278262194543747082
1278262201837445120
1278262480888827904
1278262640985309185
1278262710766051328
1278262866680991745
1278263294483202049
1278263338460381187
1278263601980215297
1278263719139651586
1278264180659965952
1278264434201210880
1278264570709184512
1278265828971106304
1278266147243200518
1278266489146146816
1278266546557800448
1278266578912661504
1278266638748381184
1278266689982009344
1278266834035376129
1278266849134870528
1278266915392229377
1278267095218704385
1278267152173334528
1278267162948501507
1278267230904561672
1278267446047186945
1278267734002765825
1278267896511303680
1278268003394752515
1278268118389846023
1278268120159797248
1278268121434877953
1278268310333927429
1278268779626102786
1278268852355334146
1278268853601124354
1278268965530136576
1278268979161817094
1278268981212782593
1278269285018861568
1278269326622105601
1278269525818032128
1278269809633918982
1278270449231724545
1278270509239554048
1278270680774164490
1278270995137277953
1278271164012470274
1278271248166879232
1278271792625463296
1278272452104200192
1278272609118027777
1278272615514243079
1278272699064889347
1278272993832165376
1278273285835415552
1278273332585156608
1278273421575667712
1278273438398976003
1278273685443555329
1278274234964467712
1278274724431310849
1278275090011086848
1278275241924612096
1278275263839850496
1278275375265693696
1278275717869027331
1278275803411865600
1278276080684503040
1278276402928930816
1278276707502432262
1278276908401254405
1278277161158352898
1278277623253254144
1278277743780691969
1278278113173135360
1278278139773423616
1278278175013945345
1278278391544807424
1278278777949257730
1278278951639621635
1278279101569269762
1278279413185028101
1278279664700493824
1278280153697849344
1278280430131843073
1278280575309303812
1278280972551827456
1278281221471166465
1278281374387113991
1278281586870550529
1278281738360369153
1278281888201732098
1278282001305518081
1278282165697077248
1278282518026956800
1278282544086224897
1278282645328322561
1278282728845324288
1278282861074886661
1278282978112802816
1278283050405765127
1278283092067627012
1278283092583579648
1278283129308897281
1278283400990691330
1278283452325015563
1278283756172951554
1278284209405165568
1278284250836537344
1278284529376153601
1278284569347645440
1278284694795309057
1278284716022661121
1278284737900150784
1278285122723287041
1278285176192319491
1278285313870356481
1278285446599127040
1278286233790226433
1278286373678702594
1278286387096088576
1278286492671057920
1278286612107935744
1278286860159266816
1278286869218889729
1278287081450725377
1278287194743078915
1278287374787715076
1278287518417518592
1278287572486295552
1278287621085519872
1278287758411411458
1278287828947030017
1278287848257568769
1278287957812809728
1278288005602697216
1278288054143287296
1278288256073977856
1278288289766785026
1278288520004734977
1278288578943111168
1278288926835462146
1278288973513789440
1278289239428468736
1278289516755910662
1278289781458374658
1278289795471609856
1278289835082555392
1278290045397536770
1278290434675130369
1278290621053231105
1278290940592078852
1278290988688162816
1278291135870328833
1278291428565712898
1278291455275139078
1278291695679963138
1278291815028883458
1278293079657795584
1278293404804407297
1278293988878016512
1278294556006645760
1278294738651643905
1278294753352847360
1278294780800311297
1278295121742700546
1278295220296331265
1278295364567814144
1278295555005800449
1278295609196400640
1278295777685712902
1278295799760408576
1278296414897033216
1278296671353475072
1278296718971490307
1278297070672044033
1278297089584230400
1278297349366755329
1278297361987616768
1278297364978073605
1278297431361425409
1278297442757128193
1278297453515599872
1278297661905436672
1278298050864091142
1278298196251459586
1278298266879373316
1278298473520136192
1278298876148154369
1278298954212478978
1278298976572395520
1278299045690314753
1278299049553264640
1278300146464415745
1278300280367562752
1278300376467374081
1278300550946328577
1278300718609379328
1278301097925500930
1278301164304576517
1278301446413352960
1278301658514984961
1278301855672684545
1278301981803593728
1278302076632784896
1278302267486228488
1278302343117897728
1278302520989806593
1278303587135823872
1278303641091399681
1278303690382888961
1278303718585307136
1278303731247992832
1278303826899017729
1278303837795868672
1278303975398428672
1278303998286544901
1278304486797295619
1278304614895452162
1278304891857965058
1278304944211271681
1278305059676225538
1278305330422861827
1278305333966974979
1278305399968600066
1278305697613197312
1278306108856242176
1278306233989070854
1278306843643822080
1278307021205450759
1278307283118821377
1278307345702047744
1278307487201009664
1278307765388181504
1278307993696649216
1278308026827579393
1278308028102647809
1278308035824283649
1278308204670324736
1278308364032839682
1278308422291804162
1278308588180647936
1278308649832787969
1278309100342763520
1278309248020119552
1278309388294467584
1278310277197504513
1278310279139426306
1278310379400167424
1278310505963302913
1278310580718309376
1278310659323723782
1278310885316943875
1278311000312295424
1278311478387445761
1278311754364334081
1278311872677150721
1278311989811576833
1278312216387780608
1278312303407108096
1278312520114200576
1278312664448598017
1278312676612100096
1278312739895758849
1278312805209432064
1278313177588080641
1278313267983798274
1278313374569373696
1278313377580945410
1278313526524813313
1278313595617579008
1278313650042933248
1278313677880356866
1278313934966140928
1278313949021327362
1278314220053049345
1278314430493683719
1278314430552584197
1278314434587504641
1278314743216963585
1278314942211526656
1278315031193702404
1278315177776082945
1278315181265715205
1278315513115017217
1278315801666256897
1278315873724280832
1278315989550186502
1278316041236549633
1278316042335465472
1278316070059810816
1278316497794973696
1278316512776945669
1278316687994032133
1278316764686954497
1278316915983777793
1278317132988788736
1278317377239887873
1278317493799587840
1278317496903315457
1278317700306042880
1278317727770382338
1278317842727927808
1278317920066691072
1278317986902945792
1278318104339197953
1278318344551256064
1278318507160199168
1278319455492165632
1278319490846076928
1278319636782686208
1278319782639665155
1278319792269733890
1278319858782855168
1278319962671611904
1278319964206727169
1278320060285812736
1278320589208313856
1278320735665238019
1278320770872152067
1278320955329314818
1278321235462705154
1278321385207668737
1278321455370047488
1278321541038694401
1278321799697248256
1278322152375083009
1278322838760493057
1278322899687014401
1278323037704728578
1278323234010615809
1278323366890479617
1278323498599972870
1278323662475669505
1278323763738746880
1278323855619231745
1278324422789812227
1278325008457183232
1278325716690432003
1278325811234451462
1278326185508966400
1278326314991333377
1278326369353699328
1278326779049136129
1278326800238743554
1278327280331362308
1278327288065556480
1278327340536340480
1278327678655844352
1278327845085995015
1278327930020605953
1278327947233984512
1278328043086516225
1278328141199675393
1278328367775993862
1278328503587479557
1278329007847739394
1278329883081482243
1278330045468114944
1278330100602277888
1278330550965673989
1278330630581841923
1278330701285294080
1278330819786964992
1278330959771783169
1278331001870127104
1278331252630859779
1278331443614277633
1278331679522934785
1278332525795061760
1278332692459925505
1278332740971134977
1278332763603496964
1278332855446384640
1278332919954632704
1278333038976434178
1278333256228896768
1278333477834952704
1278333671431221248
1278333745041305608
1278334428092043265
1278334516734672896
1278334567267667970
1278334641217380353
1278334807643045889
1278334810100916224
1278334932264206336
1278334932427956224
1278335066435969024
1278335638119624704
1278335695086587906
1278335734341144576
1278335787965329410
1278335952797208577
1278336083244150786
1278336120791666689
1278336268410081280
1278336450384277504
1278336973749583873
1278337100643999745
1278337274946691074
1278337521617960961
1278337566266228739
1278337668666077186
1278337742066388993
1278338598123778048
1278338845717782528
1278339127684014081
1278339185468944385
1278339387240189952
1278339583634296832
1278340141136990208
1278340382863036416
1278340405147418625
1278340556423417863
1278340600882843648
1278340682369978370
1278341340657528833
1278341487487528960
1278341867659132933
1278342237638684672
1278342256395616256
1278343032136482817
1278343087702433793
1278343136885059587
1278343305546231809
1278343341973876739
1278343489030217728
1278343494151667713
1278343494126284801
1278343518864326657
1278343624560742400
1278344425979236352
1278345305034014720
1278345421878890499
1278345681405706243
1278345691761385474
1278345764209602560
1278345864210190336
1278346153667559424
1278346661681479685
1278347003320242178
1278347952084451328
1278347989052989442
1278348123048304640
1278348196637532163
1278348278590038019
1278348371581964289
1278348475223224322
1278348548115968001
1278348975280660481
1278349026845392896
1278349314922893315
1278349529348100096
1278350356460777472
1278350678511976448
1278351039016534016
1278351114405019649
1278351130183917569
1278351432366854146
1278351570892214274
1278351756032958466
1278351786647130115
1278351923440234497
1278352142844207119
1278352158077997057
1278352456770969604
1278352659498577920
1278352847441203200
1278352938977681408
1278353091117670400
1278353365639061505
1278354007476461569
1278354067308244992
1278354402739466242
1278354504531030017
1278355018374995970
1278355318267719680
1278355530763862016
1278355606194327552
1278355667003334657
1278355866786435077
1278355895198629889
1278356231216824321
1278356927488110592
1278356941220298754
1278357200323268611
1278357647893372930
1278357675663908871
1278357899954335746
1278358610305826816
1278358647261876226
1278358655377854464
1278358664563343363
1278358744292667396
1278358948786077696
1278359020454268929
1278359174561161216
1278359307403309058
1278359552967270401
1278360124013400065
1278360374572695553
1278360463789772800
1278360813183655936
1278360975461228544
1278360988924784640
1278361511023587329
1278361579503960069
1278361961168855040
1278362195714289673
1278362718823518208
1278362824625004546
1278362908699828224
1278362936226922496
1278362947262218240
1278363172202844162
1278363633240735745
1278363822030553088
1278363899667120130
1278364010673401859
1278364027996028929
1278364115543756804
1278364734874681344
1278364789924933633
1278364846023749640
1278365618560028672
1278365779205873664
1278365845211799560
1278365996705865745
1278366000103043072
1278366015999692800
1278366317964177408
1278366576455147521
1278366592380764161
1278366629412458503
1278366655404552192
1278367104224411648
1278367152651882496
1278367735597203457
1278367921060921346
1278368085217628160
1278368114116263937
1278368182944903169
1278368230835474433
1278368478295031809
1278368999781175296
1278369132485005312
1278369157222928384
1278369188810276865
1278369413734051840
1278369544638205952
1278369745167765504
1278369916710793216
1278370111318110208
1278370188329656321
1278370225373810690
1278370269753737216
1278370392340606976
1278370472992870410
1278370581654540289
1278370699497914368
1278370723698884609
1278370811573829636
1278371187505205248
1278371284347314177
1278371308741541888
1278371472369573888
1278371780953092100
1278371988952793088
1278372055789064192
1278372221153693697
1278372571533148162
1278372585328316416
1278372647475253255
1278372695919529990
1278372747962249216
1278372850957778946
1278373303032430592
1278373566661214216
1278373683149455366
1278373819154038790
1278373822387949572
1278373977115758592
1278374251607793664
1278374435699994625
1278374532055777281
1278374943068209155
1278375093656260609
1278375264486129664
1278375300754288640
1278375503573983233
1278375504983326720
1278375600261140480
1278375616870592512
1278375878154768385
1278375883741560834
1278375941522284546
1278375981208739840
1278376436328353792
1278376514183102465
1278376829913649152
1278376888294146052
1278377310970941440
1278377375307313159
1278377470744502272
1278377525371113480
1278377777444663296
1278378114574282752
1278378134828650497
1278378239208173568
1278378423237464065
1278378453339901954
1278378645220995072
1278378835269074948
1278378851228213249
1278378889778065409
1278378914050646016
1278379036620869632
1278379154258493440
1278379430734430208
1278379724637720576
1278379886198034433
1278379971002667010
1278380056507801603
1278380204822421506
1278380230839881728
1278381060951347201
1278381262051389444
1278381758824812545
1278382010411692035
1278382213839626243
1278382945342980096
1278383009440227328
1278383124410400768
1278383197659770882
1278383462152654848
1278383468104351744
1278383590586408960
1278383669426692098
1278383770186416133
1278383935005896704
1278384168477614080
1278384190728425472
1278384471625084930
1278384500481933315
1278384777691791361
1278384832612126720
1278384928758140929
1278384945765941248
1278385058089439232
1278385076619948041
1278385784706363392
1278385788254932993
1278386102638907392
1278386166140678144
1278386359829508098
1278386499159855104
1278386511759708160
1278386561357414400
1278386688339869697
1278386705956065280
1278386854480482306
1278386861489225731
1278387081312522240
1278387911688421377
1278388185215598592
1278388367407886343
1278388390010818561
1278388665786359809
1278388947584978944
1278389249725927426
1278389272891076610
1278389333821702145
1278389550059053057
1278389692891893760
1278389957502144515
1278390287174418439
1278390334834147329
1278390583791419392
1278390821667180544
1278390871940087809
1278390980861968392
1278391061522644993
1278391102312251392
1278391492961329153
1278391582341898251
1278391844678713344
1278392407428644866
1278392461019303937
1278392785117286400
1278393087786717186
1278393294108712961
1278393352367550466
1278393847115104259
1278394032431992832
1278394638987075584
1278395212423888896
1278395309647953926
1278395477524992002
1278395825601773569
1278396061254660101
1278396589711605761
1278396655247790082
1278396657865052166
1278396815667113984
1278397198787473408
1278397720969920512
1278398083345285120
1278398432281899008
1278399463346843653
1278399520368459776
1278399650110865408
1278399801609117699
1278400564343255040
1278400600154050560
1278401206470053888
1278401239953309698
1278401261885415424
1278401571458555904
1278401724731006976
1278401835305447431
1278402059293745152
1278402294443208704
1278402396952158209
1278402972750352385
1278403189772091392
1278403656128368642
1278403690215374850
1278403716182409216
1278404014984527872
1278404074807767040
1278404126016245760
1278404231955873793
1278404362369478656
1278404796228263936
1278404974414893059
1278405387398643712
1278405479836893185
1278405783198162944
1278405958256013313
1278406417066725376
1278406513158168578
1278407067611598849
1278407464556298243
1278407532097273856
1278407544831082496
1278407782815936513
1278407849564090368
1278408050903257089
1278408090136842240
1278409032949170179
1278409105850458114
1278409781175345153
1278409809008656384
1278409855276126208
1278410555880099840
1278410682539614215
1278410764848697344
1278410849196089345
1278411131573489670
1278411616275566593
1278411818982084611
1278412099807576064
1278412297896157189
1278412304686542848
1278412476326051844
1278412896159117312
1278412997262630912
1278413139307048960
1278413168117796869
1278413513988456449
1278413547471544320
1278413643026219009
1278413648499748864
1278413684818182144
1278414083633508352
1278414146841829382
1278414171856605184
1278415270743138304
1278415363093540865
1278416048115630082
1278416256308178945
1278416265929990145
1278416268178194433
1278416294103130113
1278416393495592967
1278416851916206085
1278416951757463552
1278417401953030146
1278417442562162688
1278417703452250113
1278417863620034561
1278418119028072452
1278418619765047296
1278419222000009223
1278419368578174977
1278419377956835328
1278419523641569281
1278419841490313218
1278419960096862209
1278420073351446539
1278420078904647682
1278420109720158210
1278420122122641408
1278420416525070336
1278421066159919111
1278421619602526211
1278421775400001538
1278422053444415488
1278422123351085057
1278422148655321094
1278422716731863040
1278422992553496582
1278423218660007936
1278423276734296065
1278423319654461440
1278423613444689926
1278424224273661954
1278424598367932416
1278425342215180289
1278425610545659904
1278425654598434819
1278425910681763840
1278425964607922180
1278426129435701249
1278426574375866371
1278426624745234432
1278426817205022722
1278426888319442946
1278427627490074631
1278427627494297608
1278427805613686785
1278428159390744578
1278428350344724481
1278428372905922561
1278428516552445953
1278428565705576449
1278428692008574981
1278428894727733248
1278430009938644994
1278430390995296262
1278430444556554241
1278430576257708036
1278430975358361604
1278431217558446081
1278431603715452929
1278432019479957515
1278432248489021446
1278432262858686469
1278432513254400005
1278432637103808514
1278432675880153095
1278432811557453832
1278432954033811457
1278433162574606336
1278433923933052936
1278433938571231237
1278433971639107585
1278433990014373888
1278434241534144514
1278434329086083073
1278434402515771393
1278434623350026240
1278434671362179075
1278434994277494784
1278435018516373506
1278435303548686338
1278435663847833601
1278435742579134464
1278436435486560260
1278436838131355656
1278437231309529091
1278437399329214464
1278438172205223938
1278438208234311680
1278438671260291073
1278438728780873728
1278439113901867014
1278439338058174465
1278439462717067277
1278439690954313731
1278439858512572416
1278439902653419523
1278440656202092548
1278440691631362048
1278441186760568832
1278441388540133377
1278441523600863234
1278441816241700864
1278441868049747971
1278442119322120193
1278442324897550336
1278442379603828736
1278442618549161987
1278442931557367810
1278443147194961922
1278443347972063233
1278443509586984961
1278443607473741825
1278443649441955840
1278443695579299841
1278443888525656070
1278443958616686592
1278444040929845250
1278444148182470657
1278444290679672832
1278444492098584579
1278444615700492290
1278444852888379398
1278444899914911744
1278445100557893632
1278445315948007426
1278445374844305411
1278445478795976705
1278445941767487488
1278445960901857282
1278446036671922179
1278446188853956615
1278446195917144064
1278446227839909888
1278446268646383619
1278446645609410564
1278446857908293633
1278446882063343616
1278447225153171458
1278447414672863232
1278447884455882753
1278448000529022977
1278448067000311809
1278448375818567682
1278448686192877568
1278448933946171393
1278448935376498688
1278449056415657985
1278449148170248199
1278449410859565057
1278449475552452610
1278449849566924805
1278449906563387401
1278450048976728065
1278450762914377731
1278450797269839872
1278451336871325697
1278451581151633408
1278451581999091714
1278451850153508866
1278451888904691714
1278452164633997313
1278452179171373056
1278452404367876106
1278452424240517121
1278452874339647492
1278452913216598017
1278453349566885889
1278453408790429699
1278453795257815046
1278453859627737088
1278453967987458048
1278453968683892736
1278454000140955650
1278454778369097730
1278454856747855872
1278454923575918597
1278454991007690752
1278455099602264064
1278455293156954114
1278455306058514433
1278455580739469317
1278455800097394688
1278456436746530817
1278456572461473793
1278456826951094272
1278457350882422785
1278457766764589056
1278458152841863169
1278458917622865922
1278458999780683776
1278459041816035331
1278459045419069440
1278459095973068802
1278459352353931266
1278459361149374464
1278459826910236673
1278459834162122764
1278459977322180608
1278460187800670208
1278460216636473344
1278460564503658497
1278460684179775490
1278460748734386179
1278460770104336388
1278461369604550656
1278461558734143490
1278461702447792129
1278461729962373121
1278462467832795137
1278462480495362048
1278462683604324352
1278462753791975433
1278463245284708352
1278463315853877251
1278463379829637121
1278463429402136577
1278463466186170372
1278463470862770177
1278463472926429186
1278463768784179202
1278463778032623620
1278463941119741954
1278464108745166850
1278464213971763200
1278464782010589186
1278465191034753026
1278465206696448001
1278465347251822594
1278465519507603458
1278465767462383618
1278465848970293248
1278465937860177925
1278466035448868864
1278466088339042304
1278466111781179393
1278466130445828097
1278466483706892288
1278466588937682945
1278466893700116488
1278466946888019970
1278466989464457216
1278467396332859398
1278467455023792129
1278467780489158658
1278467964036091913
1278468054377209862
1278468145133436929
1278468234786811904
1278468324230389766
1278468398557663233
1278468709733085189
1278469146427232256
1278469619993493505
1278469632316313600
1278470414386237441
1278470608062382080
1278470692300881920
1278470793844965376
1278471200776302593
1278471890840010764
1278472580622622722
1278472606656548864
1278472838350016513
1278473001068113920
1278473012770201602
1278473333797982208
1278473606729793541
1278473638698717185
1278473826385498112
1278474149749555207
1278474306679459840
1278474370512564230
1278474540230770689
1278474927784542209
1278474930829643777
1278475908127457280
1278476136847212548
1278476250688958469
1278476264467128322
1278476279763726336
1278476400081678337
1278476486048190464
1278476560882896898
1278476733537071104
1278476971387879425
1278477408191025152
1278477552387055616
1278477572981088256
1278477719945261057
1278477874685607936
1278477950124527622
1278478134610923520
1278478213728153602
1278478213891710976
1278478536106541059
1278478634290827264
1278478634622218240
1278478657879707649
1278478663638487041
1278478806551052290
1278478846954782726
1278478880442126342
1278479040551120896
1278479151607898112
1278479388301053953
1278480872354844675
1278481172369195009
1278481741389238272
1278481987913887745
1278482206525198338
1278482908559192065
1278482984509812736
1278483045952167936
1278483159852572673
1278483861337509888
1278483961262551040
1278483981865037825
1278484734759362561
1278484740430008321
1278485325027905536
1278485342346248193
1278485413171286016
1278485427582898178
1278485834682060801
1278486142673997824
1278486731680026624
1278486790421299205
1278486883258052610
1278486934902304768
1278488094543622147
1278488160281006080
1278488427915284482
1278488517560217601
1278488600611557377
1278488722976243714
1278489171385036801
1278489202770894848
1278489455708344320
1278489623203844102
1278489641184870401
1278489714228629505
1278489745367146496
1278490291176079360
1278490507241566208
1278490675261169667
1278490743494135808
1278491853172682752
1278492336247304192
1278492488760786945
1278492714418528256
1278492845863653376
1278492856001462273
1278493453710757888
1278493476397543424
1278493477479657472
1278493726239854595
1278493961754206208
1278494072680976385
1278494616279539712
1278494624273829888
1278494958664642560
1278495198834819077
1278495616008482820
1278495783860363264
1278496162274856961
1278496358090059776
1278496432387796994
1278496484904906753
1278496630866456577
1278496993699078144
1278497433081839616
1278497726918004738
1278497777878806550
1278497778054856705
1278498088949370881
1278498098407518211
1278498150890733568
1278498599878512642
1278499293557600257
1278499353410375680
1278499368551751681
1278499476550963201
1278499491490955264
1278499624068808705
1278500287792193536
1278500372714270725
1278500611999371267
1278500678638370818
1278500760397975557
1278500853557706752
1278500865104625664
1278500923367493633
1278501339904061441
1278501359772368896
1278501409785249792
1278501659392593920
1278502036594622464
1278502316283441153
1278502701601452033
1278502890831822848
1278503064945778688
1278503385835220992
1278503720465113088
1278504012569104384
1278504030264754177
1278504587176140801
1278504861471068162
1278505252661141505
1278505565656952833
1278505866380161024
1278506098870358017
1278506220865888256
1278506382283726848
1278506390894653441
1278506421517275138
1278506866184724482
1278506947126464514
1278506970618777606
1278507149627359234
1278507506365616131
1278507889749975040
1278507948734427137
1278508169027821569
1278508309524418563
1278508594191892483
1278508707907657735
1278508710168457217
1278509085525266433
1278509098791768065
1278509174389968896
1278509240064278529
1278509665261740032
1278509757180063744
1278510092028194817
1278510126148849664
1278510269631811585
1278510375244378113
1278510731294584832
1278510939353079808
1278511032198144000
1278511066255896576
1278511069712060416
1278511327158448128
1278512005817696256
1278512430302351360
1278512690596634624
1278512756694581248
1278512834863927296
1278512872721653762
1278513001968971777
1278513799226630145
1278514532638265344
1278514769591365633
1278514831721725952
1278515474058358784
1278515489061384193
1278515538734415875
1278516073856471042
1278516465440718849
1278516526262386689
1278516613541769221
1278516772736577537
1278517444793991170
1278517542072602625
1278518030314725377
1278518241640493057
1278518280341372928
1278518360574222339
1278518430631628801
1278519017142132741
1278519088516562945
1278519140387557383
1278519155801698304
1278519253029847041
1278519267701526530
1278519818799525893
1278519877662203906
1278520026308513792
1278520055890927623
1278520070503792640
1278520154775838723
1278520732813852677
1278520741466685440
1278520939890618369
1278521328312758273
1278521755183824897
1278521919269212160
1278522165600673792
1278522171216855045
1278522291173724160
1278522335151226888
1278522581138632705
1278522680703156225
1278522791482896384
1278522923771293699
1278522924480163842
1278522963676012544
1278523010857738240
1278523160522919936
1278523411497615363
1278523541739233280
1278523925597749249
1278523932551843841
1278523982048829442
1278524050310959106
1278525230789677066
1278525398473719809
1278526092769406976
1278526737589116929
1278526893751443456
1278527439061364738
1278527771829035008
1278527990549405697
1278528025190154241
1278528146531287040
1278528582592036864
1278528665945604097
1278528845080117249
1278529032087384069
1278529096906092544
1278529586276585473
1278529613476528129
1278529808197189635
1278530007292358656
1278530462038843393
1278530468871364609
1278531859660640262
1278531866203688963
1278532043140329473
1278532164842332160
1278532372003201025
1278532542887411714
1278532958165614595
1278533020279062530
1278533764965163009
1278534213994786822
1278534310136594438
1278534345460985861
1278534953983238144
1278535009717100547
1278535074422628352
1278535980295782400
1278536754316935175
1278536770527920128
1278536896285728768
1278537260997029888
1278537406363435008
1278537895666565120
1278537896752852992
1278538909882908675
1278539079576158216
1278539200644681729
1278539264960139264
1278539615717163009
1278539792607784960
1278540575155736576
1278541583667933192
1278541801654288386
1278541806209126400
1278542063135371271
1278542274616373248
1278542686698553347
1278543200035143681
1278543348408729605
1278543631859752961
1278543762122330112
1278543906385170432
1278544076372086784
1278545522496663553
1278545646446936069
1278546309817958400
1278546476126416896
1278547575373795329
1278547795138543618
1278547838662782977
1278547855855235075
1278547874729660417
1278548108583088129
1278548112026599425
1278548177323515904
1278548378490634240
1278548660507336704
1278548707479355392
1278548716622942209
1278548820503203841
1278549489347891201
1278549618800955392
1278549849709789185
1278550000562208770
1278550319438462977
1278550330662420481
1278550433326383108
1278550514494369794
1278551043626930178
1278551162355175424
1278551180914888709
1278551390072311808
1278551410267893760
1278551724496547841
1278551970102591488
1278552469547728896
1278552689518039040
1278552757641887744
1278552854261882881
1278552891041763328
1278553119215894528
1278553126081925120
1278553127134703616
1278553129340948480
1278553251244314625
1278553273432182784
1278553718036860928
1278555508295622656
1278555879500140544
1278555953093390336
1278556137449639936
1278556161701302273
1278556204541906945
1278556325191041024
1278556398633304070
1278556566665428992
1278556727781339136
1278556813970083840
1278557115599196160
1278558093937442817
1278558273365585921
1278558599984427008
1278558650903277568
1278558753210748928
1278558754980708353
1278559274755555329
1278559365373612032
1278559735328002048
1278560018565074944
1278560668933750784
1278561163580551169
1278561701437243397
1278561776309874690
1278561849013870592
1278562261880254464
1278562302506209281
1278562358227546116
1278562390653599744
1278562559700824065
1278563186422083590
1278564176340955138
1278565017118552065
1278565139655114754
1278566104495845378
1278566395782070272
1278566600787079169
1278566711160078337
1278566974679846913
1278567454193713152
1278568223747657730
1278568224120958976
1278568225270140929
1278568509363105792
1278569022934712320
1278569110285287424
1278569315571306499
1278569315609063424
1278569375247683584
1278569974198448128
1278570114728603648
1278570119229173762
1278570304865013760
1278570717781639169
1278571413314637829
1278571767074746368
1278571828949196800
1278572232181198849
1278572666052587521
1278572892637315073
1278573086691012609
1278573332682719232
1278573443823394816
1278574352192155649
1278574647106252807
1278574876044013568
1278575305653923841
1278575306811551745
1278575379402444802
1278575513519325184
1278575602665127936
1278575652309000198
1278575947025973250
1278576314883211265
1278576409313775616
1278576560891670528
1278576599907082240
1278576755033485312
1278576857529626624
1278577015826927616
1278577068553486337
1278577223361073153
1278577783669694464
1278578139837464576
1278578478397509633
1278578537230815232
1278579119710711809
1278579158206033920
1278579908839641088
1278579913801584640
1278580042877095936
1278580061092950017
