1281445649997799424
1281446225674489859
1281446459070709761
1281447407918755841
1281447595060203520
1281447759481122822
1281448026863804416
1281448550145110022
1281448916651782146
1281448918140755968
1281448936973258753
1281449274002362368
1281450492246331392
1281450557539065856
1281450624547270656
1281450641047642119
1281450911869607938
1281451714449555456
1281451778102501378
1281452140251058179
1281452406044110849
1281452644804919296
1281452693014433792
1281452803387342848
1281452948908904448
1281453072414396416
1281453235870429184
1281453368230043649
1281453460240687104
1281453536669241345
1281453739119800320
1281454158592315393
1281454314465173505
1281454489300398081
1281454522766893059
1281454660805697540
1281454849830379521
1281455269076180993
1281455948876439552
1281456514578907141
1281456684528001024
1281457776422789120
1281457781611036672
1281457977522892800
1281458070078578695
1281458136436670464
1281458397850869767
1281458534576726018
1281458649743990784
1281458969299517441
1281459045128458240
1281459243690987523
1281459288439877632
1281459399077310464
1281459521991380999
1281459639213871104
1281459918688653312
1281460343697551360
1281460898113228801
1281461124391723008
1281461549446594561
1281462552128565248
1281463503258300416
1281463625845288960
1281464818952699904
1281464870051950592
1281465157013483521
1281467020702171136
1281467185777582080
1281467378455519237
1281468077784182790
1281468193081626625
1281468192917946368
1281468512985391105
1281468848005361668
1281469171616940033
1281469213496901635
1281469262893395969
1281469337895866369
1281470455803719681
1281470898592251904
1281471204889698304
1281471339019284482
1281471644595298305
1281473071019425793
1281473709635665922
1281474167708291072
1281474313745567745
1281474763274297344
1281474909689065472
1281475092883607553
1281475096524316672
1281475203827150848
1281475255211397121
1281475847258398722
1281476278596640768
1281476618565955584
1281476627126509571
1281476775911067649
1281476851484053508
1281477420017750017
1281477459225935872
1281477934205865984
1281478071791554562
1281478848933240832
1281479545808453633
1281479715774238720
1281479809437249538
1281479858564947968
1281479981370089476
1281480065847455744
1281480253387485186
1281480332361990147
1281480357334986753
1281480404311121920
1281480623891374081
1281480661338075136
1281480736533622784
1281480767051268097
1281480945632186369
1281481083666735105
1281481434289582080
1281481529047363584
1281481741820198913
1281481815379910656
1281481978303467522
1281483366630674438
1281483560205967362
1281483781296267264
1281484401306632192
1281484440301076481
1281484493325557760
1281484674611675136
1281484932163002368
1281485456862060544
1281485861100691456
1281486349833580546
1281486625026052097
1281486991180406784
1281487013372407810
1281487170478448640
1281487255283130368
1281487291614146560
1281488220405080064
1281488364164845568
1281488841015091201
1281488842525040640
1281488843913347072
1281489259917017088
1281489570987728896
1281489765611823105
1281489875317948416
1281490005429563395
1281490118398717952
1281490318681092096
1281490441817534464
1281490600831975424
1281490871201013760
1281491299800100867
1281491507724328961
1281491574438985728
1281491832325709827
1281491879662620674
1281492007366660096
1281492118431838208
1281492673187270657
1281492708566151168
1281493229964349440
1281493286557974528
1281493322616442885
1281494016618528768
1281494107706339329
1281494563245391873
1281494687694548992
1281495000224878592
1281495015349420032
1281495626551824385
1281495778712866816
1281496472261992448
1281496977772105733
1281497127437426689
1281497275349557248
1281498138549813249
1281498272474050560
1281498611361239041
1281498752751153152
1281498922179899393
1281499130301493248
1281499284303523840
1281499285423452160
1281499944164241408
1281500051840409602
1281500074066038785
1281500125324554246
1281500130768818176
1281500279079305216
1281500903103660032
1281501517091090432
1281501534006792195
1281501827377373185
1281501897837481985
1281501910755708928
1281502175642783746
1281502210287898624
1281502211743383552
1281502375803523072
1281502380891222016
1281502383193960449
1281502495131353088
1281502726703255552
1281502955565449216
1281503559754776576
1281503736347721729
1281503900122505216
1281503931458293760
1281504269007556610
1281504445738692609
1281505234796281856
1281505253674737664
1281505298553942016
1281505537969000448
1281505552871415813
1281505995630481409
1281506023832989698
1281506410761617408
1281506588231192576
1281507251010904073
1281507591319773190
1281507626703085569
1281507713747312640
1281507928256765952
1281508409351770119
1281509193887907841
1281509617286225920
1281509743702487040
1281509995876683777
1281510025123569664
1281510571582672896
1281510726931275776
1281510745054863360
1281510884821663745
1281511081995726851
1281511348942147584
1281511695110803456
1281511789251919874
1281512044269899776
1281512298830393344
1281512312877117440
1281512355525013504
1281513376607277057
1281513698503335936
1281514006730047488
1281514385584709632
1281514539679469568
1281514608654680064
1281514639898140672
1281515219924078594
1281515221601923077
1281515464355651586
1281516111524233217
1281516461115289601
1281516653268926464
1281517294976487424
1281517422210478081
1281517540317986816
1281518017948647425
1281518411076390913
1281518413316145153
1281518516202610688
1281518621278310406
1281519184485085184
1281519191305023488
1281519492170952711
1281519551394570241
1281519687906594816
1281520315948990465
1281520829189283840
1281521065081081856
1281521759766880257
1281521845900988416
1281522057545580544
1281522919898832897
1281522953109331968
1281523074152542208
1281523259457048576
1281523371755188224
1281523524113489920
1281523599485132801
1281523687808737281
1281523789424136193
1281523869178830850
1281523949650628608
1281524014545088514
1281524043410268161
1281524395173974016
1281524473313755137
1281524510622015489
1281524863455375360
1281525291337216000
1281525329870413825
1281525750013865984
1281525769634820096
1281526010647736321
1281526239346462721
1281526617861431296
1281526690280280066
1281526724014948353
1281526731279499266
1281526750283829249
1281526894677102593
1281527216749281281
1281527521394282496
1281527770665889792
1281527837053222912
1281528230617518082
1281528472247193601
1281528960115978240
1281529504045948928
1281529531107508224
1281529949434896387
1281530305317408768
1281530825260118016
1281530840007290880
1281531411267112961
1281531451394187272
1281531792554700801
1281531919881195521
1281531980295704576
1281532234793717760
1281532246160277504
1281532271569375232
1281532445565870081
1281532972210978822
1281533508494606336
1281533530665697282
1281533995436646400
1281534365420400643
1281534472077414400
1281534700998193158
1281534832233910273
1281534867642122240
1281535000744284161
1281535109217300480
1281535180596019205
1281535574810206213
1281535577964371968
1281535694062546944
1281535730787942400
1281536308414906369
1281536333828304896
1281536599591759873
1281536603572375552
1281537029365477376
1281537075674853377
1281537686340345858
1281537843840446465
1281538059373293568
1281539292137951232
1281539316943069184
1281539571562557442
1281539665426706434
1281539748075634690
1281540018729877505
1281540256152662018
1281540378475323392
1281540563863580672
1281541130551787520
1281541240492875776
1281541537491570688
1281542112975167489
1281542262548299782
1281542579834814464
1281543476308578305
1281543761487556609
1281544011942068226
1281544083274694658
1281544289005248513
1281544307917422599
1281544378218094593
1281544389710491651
1281544573714669569
1281544612029530113
1281545147172499459
1281545434486304768
1281545696580165632
1281546340623888387
1281546475961384960
1281546507443998720
1281546637396115457
1281546831131025408
1281546844221460480
1281547147461169153
1281547327308800001
1281548010229571584
1281548115695349763
1281548277473841152
1281548493287374848
1281548641837121536
1281548953595584512
1281549523236659200
1281549570888146945
1281549635165859842
1281549645685100545
1281549695777746944
1281551721408405506
1281552019367624704
1281552158991814656
1281552235860811778
1281552303816876034
1281552733481426946
1281552909717643264
1281553334860746755
1281553960327884800
1281554049805045761
1281555055213240325
1281555079338876931
1281555319756222465
1281555715023351808
1281555772497965056
1281555803296727042
1281557458398347266
1281557483388047361
1281557612815953920
1281557663650906113
1281557670084968449
1281557766881062912
1281557786380455936
1281558247837700096
1281558389869486080
1281559011440111623
1281559055073333248
1281559182840172544
1281559205732921345
1281559464160768000
1281559613436026885
1281559961588334594
1281560239083528195
1281560261317390342
1281560799388016641
1281560826252603393
1281561001163403264
1281561331385212928
1281561370731909120
1281561691386339328
1281561876963483648
1281561970647478272
1281562184842121218
1281562453910982659
1281563443355680774
1281563458022944769
1281563947959832581
1281564105363554304
1281564418891898880
1281564887123025920
1281564907356467202
1281565123518201856
1281565555359612932
1281565622527238146
1281565944867741696
1281566204910542851
1281566293095641090
1281566302029651969
1281566325870153731
1281566475090898945
1281566628803743744
1281566664908255232
1281566925575860224
1281567220066390016
1281567922461143040
1281567935824371713
1281568027234963456
1281568124714786816
1281568378654806016
1281568471617282048
1281568788513566720
1281568874182443009
1281568964863242240
1281569111445774336
1281569244891590656
1281569419580366848
1281569740230496257
1281570021500694530
1281570336031506432
1281570378884755456
1281570419988992006
1281570596099432448
1281571036794949632
1281571162779267072
1281571439452327936
1281571858110910464
1281571919829929985
1281572243504431110
1281572570807128064
1281572748251279360
1281573469231239169
1281573485068812289
1281573756637503492
1281574077828861952
1281574081758932992
1281574121629986816
1281574226181279745
1281574718894637056
1281574918405021696
1281575010675687430
1281575124488134657
1281575263466397696
1281575279563923457
1281575499672596481
1281575667444809728
1281575845979721730
1281575856842977280
1281576246334443520
1281576258959224833
1281576476496859137
1281576597934542848
1281576600585347073
1281577604663914499
1281577655796731905
1281577994881040386
1281578152511381504
1281578590077845505
1281578685372313602
1281578690447474688
1281578691626037248
1281579056383897600
1281579816383324160
1281579978312695808
1281580158470717440
1281580311030255617
1281580494338117634
1281580530660593666
1281580848870039553
1281581068332785664
1281581307701735424
1281581698967375873
1281581700980641792
1281582246374387712
1281582564801642496
1281582607927582720
1281582801649729536
1281583082131402753
1281583437975973889
1281583832769036288
1281584086881112065
1281584290560696321
1281584301486649350
1281585997864722432
1281586199677808640
1281586406805012481
1281586437318746112
1281586522362347520
1281586986063626240
1281586996083920896
1281587163298254848
1281587356852563969
1281587410531303424
1281587497861099520
1281587533424582657
1281588134413774857
1281588214671671296
1281588308737433600
1281588449225715718
1281588886993604609
1281589196419891200
1281589494953775105
1281589737942405124
1281590019069812736
1281590061600067586
1281590308635983874
1281590504916946944
1281590568116723713
1281590609262841856
1281590680545107968
1281590870274379776
1281590940797243393
1281590980056096774
1281591009164423168
1281591103951720448
1281591158809010177
1281591863565262849
1281591950437752832
1281592024949559298
1281592335370006530
1281592491054174209
1281593117662117904
1281593253268279297
1281593533355315205
1281593537117564931
1281593864176926720
1281594011602608128
1281594530836344832
1281594716841291776
1281594858428346370
1281595399719927819
1281595584848236554
1281595768772722688
1281596255098089473
1281596372123136003
1281596519456690176
1281596781273534465
1281596867273355264
1281596868091314176
1281596897111810049
1281596929449684993
1281597510541291522
1281597924036804610
1281597992009637890
1281598604457709569
1281598639048196097
1281598698850603010
1281598830769823745
1281599341870878720
1281599687896825857
1281599746352779265
1281600250323623936
1281600444758982660
1281600626292666370
1281600740025409537
1281601199955939331
1281601309171474435
1281601749845934081
1281601972370538497
1281602340248682497
1281602429755240450
1281602954638712833
1281603074923143171
1281603084515512322
1281603255672471553
1281603418516156416
1281603930364010496
1281604123255767043
1281604399794544640
1281604984589754369
1281605408130555904
1281605696103034880
1281605731796615168
1281605830647980033
1281606124937121792
1281606991983640578
1281607004587425792
1281607827262509057
1281607835172827136
1281608045802541058
1281608390217695235
1281608422509752322
1281608502289416193
1281608515002396672
1281608598855057413
1281608814274514945
1281608960970297345
1281608963969220608
1281609945255800833
1281610374379450370
1281611087062786048
1281611465980510208
1281611509538238464
1281611625754243072
1281611727772233729
1281611778359689216
1281611801168187394
1281612025660166146
1281612406922244096
1281612417257009154
1281612591484284928
1281612682219728898
1281613516718342145
1281613524347899906
1281613571177148418
1281613751104479232
1281613796046442497
1281613828833390602
1281613859506266112
1281614211605581824
1281614320384774151
1281614588916781056
1281614716209557505
1281615125049479168
1281615135367454721
1281615336744386562
1281615911506423818
1281616233637588992
1281616447979032579
1281616812484902913
1281616816486248449
1281616862716076036
1281616935172493313
1281617403869376512
1281617584471912449
1281617798343557120
1281617969324396544
1281618020343980032
1281618221225959426
1281618271079407616
1281618420598018048
1281618553968513028
1281618732498980866
1281618885310124032
1281619177661440000
1281619279557939200
1281619592075284481
1281619627894865922
1281619977775329280
1281620070247079936
1281620241924096002
1281620313126522881
1281620386241826820
1281620732817154048
1281620795605897218
1281621762380374022
1281621789274243079
1281621820639150080
1281622159018864640
1281622282150875137
1281622381979631617
1281622458420924416
1281622471054168064
1281622600138055681
1281622659189608448
1281623036207288322
1281623204411453440
1281623291665494017
1281623476990693377
1281623481008877569
1281623593651068933
1281624232661790722
1281624470676004865
1281624580973629444
1281624768001839104
1281624910163587074
1281624915234426883
1281624937246187521
1281625149851136002
1281625260270530560
1281625619562807297
1281625891399962625
1281625976565141505
1281626061206364160
1281626297022722049
1281626458042114048
1281626571896500224
1281626723671511041
1281626882413342720
1281627051548725248
1281627183769890816
1281627372878430210
1281627487647207424
1281627732678516738
1281627888622673920
1281627928355237890
1281627997934620672
1281628090683326465
1281628248766464000
1281628248804335617
1281628258086379520
1281628408930340864
1281628412541575169
1281628576593387525
1281628832294932482
1281628832202665987
1281628849655238657
1281628925471358976
1281629642428997634
1281629874331893760
1281629939591262209
1281629966195519488
1281630024685072386
1281630095912972293
1281630257456406528
1281630463426265100
1281630468778188801
1281630494317256705
1281630980231569410
1281631097168764928
1281631295584362496
1281631344653672454
1281632481830227969
1281632663602900992
1281633136108068864
1281633554594758658
1281633657443106816
1281634347225886720
1281634384882221056
1281634398488743939
1281634889704648704
1281634947028201473
1281635065064230913
1281635636089425920
1281635795112087553
1281636292007165953
1281636601249124352
1281636776369459200
1281636961086775296
1281637004380340225
1281637010097070086
1281637159296892928
1281637196664111111
1281637268436865024
1281637850677678080
1281638026364559360
1281638138977419269
1281638203498196993
1281638273732026369
1281638467101962241
1281638521434931200
1281639587282948096
1281639913088323589
1281640266290606081
1281640322347524097
1281640455483138056
1281640542749761536
1281641017146585088
1281641370000793600
1281641494726807558
1281641507691171840
1281642127437500416
1281642379628417031
1281642505750974468
1281642681358311440
1281642732243443712
1281643378380242944
1281643383291809792
1281643424496545793
1281643980078407681
1281644076819902469
1281644247091949568
1281644523420962817
1281644791147585537
1281644908626038787
1281645077249568769
1281645161181859841
1281645273391886337
1281645342191050753
1281645634781540352
1281646277562785792
1281646433905504257
1281646890413551619
1281647085406711809
1281647140788305921
1281647145947246592
1281647347500322817
1281647471626727427
1281647484729614337
1281647525968084992
1281647547593846784
1281647963094216704
1281648002239799302
1281648281131483142
1281648540691820544
1281648634866446336
1281648877645357057
1281649322774474752
1281650162566221826
1281650263489605633
1281650417688965125
1281650430863237127
1281650480444256258
1281650681368072192
1281651311222480899
1281651439622918146
1281651453854023683
1281651463190536192
1281651482362691585
1281651588256411648
1281651655277076480
1281651952871305216
1281652220484661248
1281652907616530432
1281652932899831809
1281652983785074690
1281653075720105984
1281653131760160768
1281653223019827200
1281653226337497091
1281653433833975808
1281653436425990144
1281653693469855745
1281654786920611840
1281654884438208512
1281655022179233792
1281655033445011456
1281655568101507073
1281656283687460864
1281656730573836290
1281656809082613760
1281656929455046659
1281657080793845761
1281657265322426370
1281657279339614208
1281657283659935747
1281657401666674689
1281657710841401349
1281657713949159424
1281657899815763969
1281658011518459911
1281658072809779201
1281658738076786688
1281658763733327873
1281658766774226947
1281658990095564800
1281659036534964229
1281659037503848448
1281659462739095553
1281659464786075648
1281659991783608323
1281660084276178944
1281660240900042753
1281660282570448897
1281660348152635392
1281660574338695169
1281660658824642562
1281660747391664129
1281660943609413633
1281661436494839811
1281661607869734913
1281661611711713280
1281661659208187906
1281661941719523328
1281661994613997571
1281662055108554753
1281662285719711745
1281662487595646976
1281662730341101570
1281662839481085953
1281663034595803136
1281663114719592448
1281663255119708161
1281663367787065344
1281663393695444992
1281663926242082818
1281664006315532288
1281664115258400768
1281664561293209601
1281664624446799872
1281664791912816640
1281664846241529857
1281664859197906944
1281665335763009539
1281665813456384000
1281665818351337472
1281665838643326976
1281665898500124673
1281666179455647747
1281666327434924032
1281666744302465025
1281667170532036609
1281667286051491841
1281667572564295682
1281667768820137986
1281667886264627201
1281668023355490304
1281668125562462208
1281668149230723073
1281668171246837760
1281668212187369474
1281668430693756929
1281668583983067136
1281668743169552391
1281668860827930624
1281669072699129862
1281669212033945600
1281669467546755079
1281669854572040192
1281670165097091072
1281670548658049027
1281670615745929216
1281670620611317763
1281670621601112067
1281670877701079042
1281671044739334144
1281671229355720707
1281671308699471874
1281671343184977920
1281671379696455682
1281671414605664263
1281671462806605825
1281671804281589760
1281671945998802946
1281672873896280065
1281673111687933953
1281673376029913088
1281673537342902272
1281673755572539393
1281673782160232448
1281674026163867648
1281674749626720262
1281675428185464840
1281675667944415232
1281675692141416448
1281675843597676544
1281676102344355841
1281676249488908293
1281676311895973888
1281676941830098944
1281677028819902466
1281677490176626688
1281677734821933056
1281677759853613056
1281678069326110720
1281678120756621313
1281678342278844417
1281678417105223682
1281678590506086401
1281679065372594181
1281679452808925192
1281679727212863493
1281679898726154240
1281679982864093184
1281680037197086722
1281680382706974721
1281680447366463490
1281680609283387395
1281680833431117825
1281681038381441024
1281681139481092096
1281681295987310592
1281681766751834122
1281681776897908737
1281681820011114496
1281681954606383104
1281682063029088258
1281682196445696001
1281682330889969667
1281682436129202179
1281682626772901891
1281682880729501696
1281683009591054336
1281683245587820544
1281683249656246272
1281683250734264320
1281683324545765377
1281684046133657600
1281684626126274560
1281684910705696768
1281684914564329473
1281685041894920192
1281685322355675136
1281685430539296773
1281686004777263105
1281686315747205121
1281686530537521153
1281686811811753987
1281687080356114432
1281687121733070848
1281687276020551681
1281687369880485888
1281687411463016448
1281687498775724033
1281687651163267072
1281687674181607425
1281687897981300736
1281688077564628992
1281688276760506368
1281688634664550404
1281688747617198080
1281688858602676226
1281689144356413443
1281689355841441792
1281689624046379013
1281689963587940353
1281690454686404608
1281690619363106816
1281690666217598977
1281690756638560257
1281690829426511873
1281690949576536064
1281691101238353920
1281691190816059394
1281691238794776581
1281691488842211328
1281691532446269442
1281691617154478082
1281692539016359936
1281693084909219843
1281693191675273216
1281693551663947776
1281693969265700866
1281694194248101888
1281694208848547840
1281694532162256898
1281694988808728576
1281695178416197632
1281695181633392641
1281695505005699072
1281695572374597633
1281695634526011394
1281695745234489344
1281695869553778689
1281695983714402305
1281696612167880706
1281696922177114112
1281697102482083843
1281697281809485824
1281698114064265216
1281698123719434240
1281698146372841473
1281698467644157953
1281698472400281601
1281698841251721217
1281698874298707968
1281698952568623112
1281699033329864711
1281699329862860800
1281699621048332289
1281699771640680449
1281699984207831040
1281700106547245056
1281700692944515072
1281700857537495040
1281701349261037575
1281701402381824001
1281701661623439365
1281701923016650760
1281701995355574272
1281702233210585089
1281702769653579777
1281702808111255554
1281703094439444481
1281703147463942147
1281703281283289094
1281703410736214017
1281703425709936640
1281703435318857728
1281703588201410562
1281703696557121537
1281703698822029316
1281703786780794881
1281703961788129280
1281704245436219398
1281704279254982657
1281704315183390720
1281704419462123520
1281704821142233088
1281705362861764610
1281705640579211270
1281706366336458758
1281707606361485314
1281707774838296576
1281707873752567810
1281707878445965320
1281708187046084608
1281708187167621120
1281708546267258880
1281708592744271880
1281708810751680514
1281709325145313285
1281709416589467650
1281709824452026368
1281709930756612100
1281709935663951881
1281710014173007874
1281710118195941377
1281710159602110471
1281710791155224586
1281710871102787586
1281711028347244550
1281711192457740290
1281711879178649605
1281711927606075398
1281712259505496065
1281712321656696838
1281712559876259842
1281712892996354051
1281712989587083264
1281713441116389376
1281713442756280320
1281713445251854338
1281713447923781635
1281713595387195393
1281714249874759680
1281714342379925504
1281714706311340033
1281715517577887744
1281715520979468293
1281715995065880577
1281716598643073024
1281716614409355264
1281716876775772161
1281717798876610560
1281717821551136768
1281717850345005057
1281718143849766913
1281718444468178950
1281718676635484161
1281718765256941569
1281718869518942208
1281719055263698950
1281719179960360960
1281719571762872320
1281719928408735749
1281720013985021952
1281720034071588864
1281720049619927041
1281720356336570368
1281720652026851338
1281720759942094848
1281720996383383554
1281721076251271168
1281721258908872704
1281721274448977920
1281721327423041539
1281721890973741056
1281722086420025344
1281722579775033344
1281722854539767814
1281722957404999683
1281723217971867649
1281723497354604561
1281723897490993154
1281723930609426434
1281724271832625154
1281724305202720769
1281724718756880390
1281725061829931012
1281725142062837760
1281726212004610050
1281727513929166854
1281727726777438220
1281728090528460800
1281728233982099457
1281728293981417472
1281728294673473536
1281728668746817546
1281728886615744512
1281729327231643653
1281729983090765825
1281730063617200129
1281730102867484677
1281730163726843905
1281730306387501056
1281730508796436481
1281730650865840128
1281730730582835200
1281731132250140672
1281731415772626950
1281731569976250370
1281731817914224641
1281731850071834624
1281732020599754752
1281732282122788864
1281732319603118081
1281732493780176902
1281732565045370880
1281732708788576257
1281732746935754752
1281732803172892672
1281733037206667264
1281733113509543940
1281733347752869888
1281733559875559424
1281733997282955265
1281734144599511040
1281734443191996418
1281734448757846016
1281734521910697990
1281734560557015041
1281734669608914945
1281734676512530432
1281734839721496576
1281735285907378180
1281735696030392320
1281735743413653507
1281735759935004672
1281735815408869377
1281736104685776897
1281736304435367936
1281736461524570113
1281736524095078400
1281736738956890114
1281737064111919104
1281737425581215744
1281738579362938886
1281738624866889728
1281738635809656833
1281738687882104833
1281738841049542656
1281739100945559552
1281739155995791361
1281739434682208256
1281739499026948096
1281739598725435397
1281739801516023809
1281739957355282433
1281740126184525825
1281740441797500930
1281740474504683520
1281740630293712897
1281740717245763587
1281741078807420928
1281741483637272576
1281742078561652736
1281742087285809152
1281742633673437185
1281742634822721537
1281743040886067200
1281743143021408257
1281743200932298752
1281743318943256576
1281743324542640128
1281743994565857280
1281744073448140805
1281744193648566273
1281744205866573824
1281745158107566080
1281745495082315776
1281746273280958464
1281746604354080771
1281746684834451456
1281747587083767808
1281747789299449856
1281747824204447745
1281748263226560513
1281748415072755712
1281748706094657537
1281748714332225536
1281748940032028672
1281749110413041666
1281749118688387073
1281749801185562624
1281750065145675779
1281750122783739908
1281750139368017921
1281750559771561985
1281750619989118977
1281750768580796416
1281750907655532544
1281751013511385089
1281751622087925760
1281751709497188352
1281751728061210624
1281752147407900674
1281752667103141888
1281752884569411584
1281753023879032833
1281753150811262976
1281753202816200705
1281753628144017409
1281753820230385665
1281753880913686528
1281753923930464257
1281753957673709569
1281754340609396736
1281754353938960389
1281754410473799680
1281754410868146179
1281754457664094208
1281754483228381186
1281754746408361984
1281754753941352456
1281754929896534016
1281754993675075586
1281755145613774849
1281755959518527489
1281756113537572864
1281756355582234624
1281756639356424199
1281757220645085186
1281757317189570560
1281757990534516737
1281757992690434053
1281758191601106944
1281758333813297152
1281758584510930944
1281758987881312257
1281759073004933127
1281759250293960706
1281759505471229952
1281759666326863872
1281759749877293056
1281760481062133765
1281760514956238848
1281760707248300032
1281761099428265988
1281761188179841024
1281761206793932800
1281761235793580033
1281761845024452609
1281761914167730176
1281762587496022017
1281763189189939203
1281763312204566528
1281763397214904321
1281763445088702464
1281763856394706945
1281764157465989125
1281764215733260291
1281764436945100800
1281764661562683392
1281765022910357506
1281765103847841793
1281765304758964226
1281765604081512450
1281765831916085249
1281766040213618693
1281766258640408582
1281766404178542598
1281766405025734657
1281766410998472704
1281766661511680001
1281766721498603522
1281767416402309120
1281767932335448064
1281769541891022848
1281769584291393536
1281769704353411074
1281769816588726273
1281770192884965376
1281770353753239552
1281770474058522625
1281770528621998080
1281770532401225728
1281770826166087680
1281770859032707072
1281771220304908294
1281771385761783808
1281772115138674695
1281772335117156353
1281772455158149120
1281772745362157568
1281772958512381953
1281774280989122560
1281774376833163271
1281774575857139716
1281774660477161472
1281775632159047680
1281775823687647234
1281776092030865408
1281776111253360644
1281776331479490560
1281776411678842881
1281776521200402437
1281776631661637632
1281777155135897601
1281777340050214912
1281777729118117891
1281778128692576257
1281778189748981761
1281778850872135680
1281779256218062849
1281779312643895298
1281779385599774721
1281779798122078210
1281780087814262784
1281780160535105542
1281780466379640833
1281781183186116608
1281781373376892931
1281781400581083136
1281781706270310400
1281782038207569921
1281782112551673856
1281782244491788288
1281782499941769223
1281782626169257985
1281782974531411970
1281783070866251776
1281783118815539200
1281783266778001408
1281783312118415360
1281783422403448837
1281783579119423488
1281783814704988160
1281783950390722562
1281784062596861952
1281784095455027202
1281784206369095681
1281784885741486085
1281784951524995072
1281785236163092480
1281785357269377024
1281785539796987904
1281785705862180865
1281786173484961792
1281786579141484544
1281786599177682944
1281786849380401153
1281786959912931328
1281787432954781696
1281787748354007041
1281787866926940160
1281788515248816128
1281788741636493312
1281788833584107521
1281788889213132804
1281788944351461378
1281788962449903616
1281789280814272512
1281789361542041611
1281789398544273408
1281789655713640448
1281789932198072320
1281790265859006465
1281790390639697920
1281790787756400647
1281790918283141120
1281791116883484672
1281791454847926272
1281791529007362050
1281791641553117186
1281791705390280704
1281791715465142272
1281791902334029825
1281792034844672002
1281792406413811712
1281792464668557320
1281792540094717953
1281793538095800323
1281793736889040896
1281793745541828620
1281793754261856256
1281793797819707392
1281794128762884096
1281794131837280260
1281794145124847616
1281794171410493440
1281794305271771143
1281794425149173765
1281794459425034240
1281794801923489792
1281794842037813248
1281795157806010368
1281795221567700993
1281795263124905984
1281795679900311553
1281795989163008000
1281796501325279235
1281797050787561473
1281797096438366208
1281797431907225600
1281797452744589318
1281797483610480642
1281798058167197696
1281798344789155840
1281798541241966600
1281798653464793090
1281798745173237760
1281798812097552384
1281798815817830401
1281798997925965825
1281799280366424064
1281799521903816705
1281800298055512064
1281800579610812417
1281800924839772160
1281801150803718150
1281801228343742465
1281801280839704577
1281801582355546114
1281801956252672005
1281802043183763457
1281802160469086209
1281802265385472000
1281802403365388288
1281802797676064768
1281803268256157696
1281803287994396672
1281803297876303873
1281803333561286656
1281803596984725504
1281804106747858945
1281804470213660678
1281804591726645248
1281804599729381376
1281804941187850243
1281805818829176832
1281805910621528071
1281806968164933633
1281807153167294464
1281807277440356353
1281807501332185088
1281807926018150401
1281807957056004096
1281808305002774528
1281808509827452932
1281808646314262528
1281808901915238400
1281808995838197761
1281809077367119872
1281809154991173634
