1284347756979552256
1284348692577824768
1284348812341936129
1284348919728807936
1284349709415587840
1284349772015558657
1284350203408060416
1284351959152107521
1284352335360253952
1284352336199114752
1284352343480438784
1284352727032659971
1284353631865757696
1284353685674438657
1284354262827438080
1284354330515079168
1284354534748254208
1284355411324424192
1284355472938749953
1284355807916593154
1284356059109392385
1284356141926035456
1284356582827077632
1284357196969463809
1284358268366839808
1284358642964271104
1284359005842931712
1284361372982145024
1284361591715172352
1284362649023721472
1284363830743592960
1284364394445467648
1284364411369447430
1284364414343233537
1284364419321995265
1284364420768923650
1284365001302724609
1284365811012890625
1284366821542502401
1284366852953706496
1284367303124099075
1284367466739765248
1284367578316574720
1284367761221865472
1284367952196902912
1284368413972979712
1284368819486629890
1284369351219523584
1284369461470998528
1284369596422725633
1284369725326229505
1284369845585207296
1284369996983021568
1284370218563907585
1284370410843312128
1284370911089565696
1284370915346849792
1284370992836403201
1284371539341828102
1284372293947289600
1284372417599746048
1284373397414215682
1284373745315061761
1284374888703315969
1284375210662277120
1284375663621931008
1284375751219974144
1284376237704536064
1284376586335092736
1284376744774885376
1284376962681540609
1284377222069944321
1284377301094809600
1284377482590904320
1284378440272142337
1284378824508145664
1284378923636346880
1284379147234676739
1284379381163409409
1284379474549604352
1284379637137788933
1284379662316118017
1284380061903269888
1284380063732047872
1284380386844442625
1284380716029980672
1284381350640807943
1284381491712098304
1284382265548648449
1284382774519005186
1284383346563313664
1284383521658806272
1284383673027100673
1284383864408793088
1284384080138829824
1284384091375378432
1284384279036923904
1284384320904400898
1284385300886642688
1284385801158062081
1284386004078596096
1284386766414319617
1284386869384536064
1284386899918852096
1284387107394519041
1284387130777772032
1284387151040389120
1284389157608075264
1284390098432393216
1284390293350092802
1284390507628699648
1284390843483336704
1284391388512231425
1284391613905674240
1284391830973558784
1284392187040587777
1284392725434060800
1284392871857192960
1284393500080066560
1284393592904192000
1284394361145356288
1284394362214813696
1284394514195656704
1284394615349673984
1284394699508183040
1284395513132048384
1284395740941492224
1284395959397617664
1284396369462153216
1284397717633011712
1284397766148407297
1284397836998770689
1284397837254455301
1284397856917463040
1284398686257188864
1284398694024937475
1284398818285572096
1284399251775270913
1284399431014653952
1284399581313236992
1284399791431127042
1284400759036149760
1284400786416574464
1284400853672239106
1284401680281370624
1284401787064037378
1284402778283159557
1284403024132276224
1284403288537014272
1284403378165030913
1284404134506934272
1284404354712252416
1284405172832284673
1284405562277597185
1284405628945993728
1284405641575047169
1284406369928597504
1284406471346786304
1284406484781195264
1284407171879510016
1284407272656044033
1284407805143810048
1284408035197108229
1284408082156707840
1284408592360189952
1284408625113501696
1284408835176910849
1284409076953182209
1284409237385490434
1284409370407821314
1284409382206353408
1284409743835095040
1284409805248040962
1284410219456495616
1284410495487942656
1284410985231474688
1284411413956636673
1284412110177333248
1284412150686126082
1284412272627122181
1284413167251017728
1284413538619072513
1284413691899916288
1284413761164632065
1284413845079912448
1284414116480913408
1284414181689655300
1284414934730842114
1284414951654928386
1284415450508656643
1284415924880146433
1284415955855126529
1284415980031152128
1284416149153882112
1284416396676472833
1284416899082846208
1284416903751098372
1284417281364295683
1284417401942147072
1284417588353794048
1284417765152116736
1284417775033884672
1284418494642233344
1284418701148786690
1284418971186327554
1284419536587051010
1284421137896800256
1284421412296499202
1284422469030490112
1284423075359084544
1284423762683875329
1284424258635128832
1284424768071045120
1284426051532267521
1284426109354938369
1284426182461739008
1284426659584790528
1284426660725522433
1284427034316410880
1284427056181325826
1284428237024768001
1284428394952683522
1284428933858054144
1284429267431043072
1284430089569042432
1284430339612581888
1284431227144089600
1284432006462476288
1284432028826513409
1284432375926185985
1284432688129155072
1284433139067215873
1284433988841623552
1284434326126551042
1284434522717786112
1284434731241738241
1284435282318643201
1284435392645791744
1284435603816210432
1284435607528321024
1284435920939294721
1284435949561221120
1284436098727452674
1284436219062112256
1284436791643299840
1284437173710647297
1284437332511383552
1284437586723962880
1284437784455979009
1284437867721379843
1284438115323727876
1284438952645140482
1284439107394043904
1284439281012928512
1284439282174681088
1284439519811588096
1284439522936332289
1284439796463656960
1284440362996633600
1284440578160304128
1284440597139513344
1284440686763417600
1284440771375116289
1284440949729497089
1284441316575805441
1284441321298694144
1284441477947559936
1284441974708342784
1284442057231261707
1284442929759686658
1284443248170336256
1284443678098944000
1284443699003437057
1284443761242669056
1284444209949204483
1284444217649934336
1284444393529901056
1284444860053966849
1284445634548903937
1284445758087979008
1284446282958942210
1284446427930718209
1284446459052658688
1284446582805393408
1284447204334280704
1284447285737398277
1284447647080886277
1284448103920209920
1284448196354244608
1284448478609829888
1284448741366341632
1284448752078671873
1284448771561205761
1284449019423535105
1284449455496806401
1284449681624317953
1284449755351986176
1284449767565791232
1284449849707044864
1284450589775024128
1284450607793868800
1284450610373222400
1284450702903750656
1284450743504830464
1284450783816151046
1284451062896685057
1284451181021089793
1284451218937589761
1284451274973483008
1284451368607141890
1284453199563255811
1284453382128898048
1284453558692335616
1284454013711286272
1284454088311214080
1284454254502019072
1284454254933970949
1284454527245131776
1284454635164622853
1284454696237723650
1284454745856409601
1284455132214820864
1284455544892411904
1284455659426078720
1284455901412364289
1284456032371179520
1284456551961567237
1284457046490804224
1284457426180349953
1284457448598917120
1284457971322433541
1284458072719724544
1284458080521072641
1284458409215983618
1284458433530474497
1284458511729143808
1284458617404628995
1284458648060571651
1284458675713781760
1284458781703909377
1284458880962002944
1284459021890723842
1284459130585931776
1284459228418191362
1284459287104811008
1284459288245661697
1284459464268165121
1284459523546259457
1284459574184030208
1284459732485447680
1284459741910114306
1284459975583072256
1284460182672683008
1284460369520537602
1284460653525245952
1284460751499870210
1284460824392859648
1284460933046251520
1284461074885021697
1284461099023302662
1284461198377918465
1284461461478060032
1284461509310111747
1284461693800677376
1284461823501066240
1284462283666665473
1284462721199554561
1284462753877565440
1284462932093546496
1284463304786587649
1284463410835599362
1284463731733340163
1284463752583221249
1284463888138985472
1284463891100176384
1284463971114901505
1284464261855682560
1284464321842442240
1284464523395698689
1284464624541347846
1284464788303740928
1284464941190135810
1284465019162374145
1284465023109275649
1284465587331067904
1284465834228805634
1284465960976556034
1284466151582576640
1284466323276226564
1284466577488752641
1284467194424782848
1284467311114510338
1284467492547694592
1284467517038239745
1284467586722390016
1284467642154328070
1284467722672365569
1284467748056313857
1284467888552914945
1284468053187665920
1284468192535097344
1284468208599261185
1284468253822201856
1284468904795004929
1284469157074001920
1284469234769309696
1284469242923028482
1284469315815735296
1284469353186906112
1284469354277429249
1284469558959648769
1284469644422778883
1284469805643378688
1284469866985070592
1284470387875643392
1284470752918540295
1284470930027294726
1284471056783138816
1284471229664108544
1284471244109123584
1284471502079918080
1284471617427398657
1284471911527874563
1284471995103694849
1284472020944723970
1284472059805028360
1284472087202148353
1284472260816973825
1284472366119124995
1284473013740752896
1284473145810923522
1284473194947248130
1284473323628290048
1284473840790310912
1284474198077911041
1284474791580307456
1284474878528229376
1284474904641966082
1284474907456425985
1284475306263244801
1284475768819658753
1284475962319667200
1284476286862319618
1284476380730798082
1284476485861089280
1284476617503518720
1284476652479799296
1284477121914699776
1284477317520252930
1284477407294939136
1284477679962656768
1284477989758152704
1284478052659937280
1284478053729603584
1284478098055008257
1284478197309079558
1284478386652565504
1284478475445968896
1284478492202004481
1284478759979167744
1284478959246364672
1284479147834855424
1284479575586516992
1284482069242933254
1284482464757346305
1284482494968950790
1284482512882991104
1284482595401629696
1284482607573598215
1284482778818584578
1284482878961668096
1284482913988497408
1284483160110235648
1284483289328295939
1284483470450925568
1284483672872108032
1284483797455708160
1284483980155396097
1284484026229837824
1284484144190423040
1284484277254664193
1284484283772674051
1284484349434433537
1284484450634493952
1284484453390155777
1284484453545345024
1284484454598062081
1284484502929190912
1284484537347706881
1284484572768542720
1284485029037584384
1284485098939846658
1284485678504574976
1284485961443766274
1284486076921454594
1284486453767151616
1284486569257205760
1284486899571326976
1284486925747998723
1284487004240175104
1284487532575588352
1284487931282034690
1284488196286484482
1284488202645131266
1284488280889688068
1284488347713404929
1284488548767485956
1284488777499639809
1284489076176031747
1284489093548736513
1284489125211574273
1284489335706980353
1284489365222092800
1284489374600593408
1284489844949954564
1284489958464659457
1284490049988567042
1284490095115014145
1284490161691262982
1284490362879389696
1284491053563809793
1284491144454262790
1284491161260961795
1284491242383060992
1284491742566387712
1284491781267226624
1284491801466994688
1284491999815426051
1284492342599262208
1284492396831678465
1284492456436744193
1284492587030716416
1284492829377486860
1284492991189712901
1284493986758107138
1284494174960537601
1284494214244429829
1284494407060918274
1284494424383389696
1284494515794055168
1284495012177248257
1284495025649451009
1284495514369699841
1284495520224944128
1284495610276708354
1284495890338787330
1284496225933434882
1284496284129226753
1284496633561047040
1284496794618146817
1284496811294515201
1284496926721732610
1284497035807399938
1284497243211472899
1284497302242066432
1284497518332608518
1284497658929799169
1284497765490397184
1284498247667548160
1284498636500545537
1284498717563924480
1284499277969084416
1284499299053613056
1284499301092093953
1284499309157683200
1284499760926330881
1284499871207235584
1284500194529345538
1284500811104448512
1284500850300289024
1284501259303751680
1284501281986555906
1284501894468005888
1284501934087507970
1284501984993632258
1284502044292853766
1284502073107795971
1284502542815244288
1284502667071565824
1284502667469959168
1284502691016835072
1284502862584860679
1284503283189510146
1284503357500076032
1284503431290523649
1284503503604506626
1284503534227070977
1284503828092653569
1284503909646639104
1284504086411436033
1284504179126534144
1284504179269083144
1284504197967290370
1284504251339812865
1284504458005749761
1284504629359849479
1284504684645031942
1284504998299271168
1284505376499601409
1284505630619860992
1284505861721817089
1284506346746863617
1284506353407455237
1284506512304541698
1284507083493322762
1284507171439480845
1284507354923401216
1284507418823663629
1284507433587671040
1284507450872410112
1284508319365894144
1284508339624456193
1284508504817049606
1284508526224633858
1284508735424073728
1284508763723124738
1284508882421915655
1284508894451118081
1284509062277877760
1284509123795660802
1284509175410810880
1284509300833030144
1284509497394896896
1284509618094440448
1284509629691699203
1284509669185040388
1284509773501587456
1284509865851990022
1284509870784421888
1284510109922734081
1284510118684454914
1284510795108429824
1284510861567172608
1284511046678581248
1284511051090984966
1284511225393504258
1284511419581571073
1284511583490707457
1284511628118155265
1284511863083020289
1284512073435828225
1284512127991132160
1284512145909198854
1284512224715907072
1284512534280769537
1284512736416657408
1284512741089251328
1284512780654174209
1284513053741068289
1284513152277925888
1284513156220489729
1284513202097750017
1284513366401323009
1284513514661412867
1284513559846825985
1284513595661799426
1284513838843527170
1284513861656346626
1284514106687524864
1284514163591716864
1284514242352287749
1284514355099426816
1284514400468996097
1284514400523612160
1284514655822471169
1284514766069936128
1284514840372019211
1284515027546968065
1284515226898104322
1284515505370542081
1284515547326164993
1284515762762387457
1284515814167547905
1284515859860303877
1284515918249431045
1284515929204850693
1284515974268493824
1284516018656772096
1284516113104154624
1284516283887816709
1284516346068447233
1284516599609749504
1284516766945878016
1284516947099557889
1284517047972528137
1284517220379394048
1284517261160718336
1284517453704376321
1284517511426461697
1284517741802684416
1284517839060250625
1284517866042281995
1284517873633955841
1284518572971249669
1284518683440799745
1284518927616401411
1284519064187162628
1284519240192659456
1284519331343237121
1284519405267955713
1284519412909985793
1284519606376439808
1284519715839160320
1284519742657585153
1284519867463467010
1284519996673208326
1284520021327323143
1284520204546961410
1284520379843702784
1284520593832976385
1284520748887883776
1284520794136227841
1284520872879878149
1284521007580160000
1284521832721387524
1284521947850633218
1284522076263583746
1284522107083227136
1284522126268080129
1284522318488903680
1284522415255625728
1284522463259496448
1284522888587030528
1284522991909560320
1284523059974672385
1284523086700777477
1284523122067148805
1284523488892588032
1284523721835851777
1284523762277285890
1284523887640936451
1284524284015247360
1284524543562792960
1284524596524392448
1284524747397701633
1284524926351925248
1284524971566473216
1284525287020154880
1284525402719809536
1284525418461179906
1284525559146577927
1284525871995523079
1284525977742213120
1284526208127041537
1284526476390432770
1284526480941359105
1284526683618455552
1284526691453370376
1284526821770436609
1284527022929326081
1284527159919497216
1284527217855299584
1284527269747331072
1284527298461536256
1284527324415889408
1284527452606418944
1284528164551655424
1284528816027836416
1284529063600615424
1284529131196211200
1284529249987239936
1284529324973010948
1284529675629404160
1284529768113811457
1284529963375505414
1284530156166668289
1284530314405122050
1284530538368372737
1284530728416534529
1284530729448341507
1284530994297688065
1284531454509228033
1284531720667242498
1284531821368287237
1284532045096669185
1284532128907177987
1284532258188275714
1284532302668685312
1284532701928796163
1284532909924216832
1284533049179480064
1284533063976914944
1284533222714388481
1284533565787709440
1284533571886231552
1284533787087515658
1284533825587105792
1284533837326880770
1284534031242035201
1284534058958024705
1284534461233848320
1284534848288432129
1284535036285530114
1284535113229852672
1284535516986331136
1284535645818490882
1284535767960883200
1284535939436437504
1284536076757954560
1284536168034385923
1284536748874371074
1284536956031053825
1284537114772856839
1284537256439623682
1284537290598035456
1284537462203785217
1284537579443027974
1284537966245937157
1284538096256770049
1284538370153119744
1284538425186623489
1284538945997504515
1284538947360694278
1284538997029535745
1284539208992948224
1284539291981484034
1284539314496516096
1284539322427990016
1284539716793176065
1284540033647677441
1284540208822784001
1284540699233472512
1284540794305683456
1284541006009049088
1284541077853102082
1284541148904615936
1284541605425360896
1284541779811938304
1284541791123804162
1284541868915785729
1284542602231123968
1284542619423404032
1284542654185910272
1284542758997434368
1284542845748236290
1284543004041240578
1284543468312891392
1284543610789040128
1284543963240763394
1284544181969584128
1284544267600437248
1284544464774729731
1284544487553982464
1284544579748995072
1284544725094039552
1284544726218100736
1284544741548462080
1284544840596967430
1284544966501388288
1284545018259214336
1284545905505386496
1284546046123597824
1284546107058434050
1284546180093886464
1284546349183229953
1284546707502649344
1284547204439511041
1284547231345971206
1284547379723673605
1284547446903799808
1284547784046194689
1284548844294828033
1284549076655251456
1284549158465085442
1284549233404772353
1284549260885852161
1284549418214023168
1284549622527033347
1284549634023555072
1284549759219400705
1284549922625290242
1284550266293858304
1284550455855652867
1284550565251473416
1284550594846429185
1284550679315582976
1284550772928258048
1284550907271798784
1284550908815302660
1284550933561651200
1284551152743387136
1284551228727406592
1284551242795094016
1284551247161438212
1284551290778001409
1284551362320236546
1284551618466324481
1284551830861733889
1284551900885647360
1284552096315052035
1284552213004771333
1284552261306331141
1284552283670233088
1284552295871545345
1284552335784648707
1284552361273434116
1284552370936926209
1284552543150804992
1284552810068148224
1284552851151360000
1284552984773513217
1284553035507798016
1284553494779899908
1284553902516510720
1284553989757927424
1284554024788750336
1284554059874209792
1284554319073869824
1284554389101793281
1284554580550987776
1284554644958650370
1284554678278258695
1284554703729238017
1284554714181492737
1284554876941479937
1284555108802596865
1284555387837059074
1284555405134266369
1284555452081111040
1284555542686388224
1284555781627682816
1284555928365301760
1284556014847696900
1284556428795981824
1284556571662528512
1284556989155155969
1284557361500364801
1284557415590121473
1284557780381245441
1284557833372151809
1284557933838204928
1284558065279348736
1284558086372577282
1284558135294820352
1284558303855620098
1284558438186582017
1284558527084756993
1284558656672071682
1284558679489024000
1284558768697757696
1284558912298024965
1284559180603568132
1284559291798687745
1284559446778077184
1284559447847661570
1284559448971685888
1284559459977703424
1284559541846315009
1284559547462549505
1284559843039293440
1284559856196882433
1284559928426995712
1284559965529821184
1284560277422448640
1284560292471435265
1284560503335989249
1284560582381694981
1284561047374962689
1284561134083874818
1284561307967127552
1284561587974492161
1284561719386202112
1284561968070897666
1284562237894656000
1284562540945641473
1284562570444181509
1284562629302857729
1284562852548943872
1284563119390556160
1284563364690169856
1284563832900407296
1284563927507111936
1284563935052668931
1284564343825354752
1284564420979503104
1284564489120161798
1284564614387314688
1284564657840295938
1284564967304368130
1284565006286229504
1284565187199143938
1284565202902622211
1284565733750579200
1284565763542659075
1284565897521385472
1284565946091237376
1284566016769642502
1284566457800687616
1284566481900990465
1284566657290174465
1284566682510348289
1284566830112296965
1284567083057991682
1284567096685281287
1284567103559827464
1284567386365071363
1284567410348105728
1284567455738798080
1284567512592650247
1284567540824518661
1284567613046231044
1284568381384007681
1284568400182878208
1284568746757984256
1284569012530294787
1284569587103739905
1284569808776753152
1284570029321641984
1284570294733045760
1284570476266889216
1284570487134326785
1284570497162911745
1284570651630723073
1284570867645779968
1284570951481524226
1284571188078022656
1284571479842197504
1284571554492428289
1284571620510703617
1284571709165666304
1284571918520254474
1284572086036508678
1284572198628360192
1284572573532127233
1284573251147104257
1284573364909232130
1284573914266505224
1284573931505147910
1284574093237530626
1284574094944604160
1284574244509286402
1284574294886891522
1284574295578931200
1284574296648478721
1284574431197704197
1284574955439611905
1284575210641846272
1284575649697595395
1284575662125322244
1284575669524082689
1284575761559674880
1284575767364538369
1284576389233094656
1284576422485467136
1284576536453054472
1284576808441131008
1284576840359837697
1284576946668498944
1284577150373265408
1284577609008009216
1284577806165442560
1284577822737076227
1284577962205954048
1284578394059964424
1284578658380914689
1284578846935617536
1284578857689812992
1284578895367290880
1284579177295949825
1284579509006671873
1284579542498246668
1284579585481256960
1284579603395289093
1284579798627618817
1284579832832172037
1284580338744717319
1284580428440109058
1284580937351798784
1284580985410117633
1284581392882565123
1284581441746108424
1284581609409318912
1284582591899852803
1284582720694353920
1284583345414971392
1284583708960456705
1284583991685910528
1284584121369493505
1284584277569613824
1284584302911643648
1284585306747002880
1284585551539183616
1284585664038797313
1284585700403314696
1284585725476970496
1284586076322115588
1284586271625576448
1284586277078274048
1284586321433042944
1284586534931501057
1284586594884825088
1284586803316486145
1284586894827847680
1284587195345571844
1284587299200630784
1284587347779223552
1284587370399006727
1284587826894561281
1284588030959980544
1284588050513899520
1284588141945339907
1284588201529810950
1284589144899940352
1284589205696286720
1284589309023137796
1284589403285880832
1284589429840125952
1284589513319297032
1284589561595564032
1284589566402363393
1284589980946505728
1284590770985537542
1284590809808023552
1284590818645475329
1284590893715070976
1284591040264114180
1284591051982778368
1284591209835565056
1284591793158455297
1284591836628242433
1284591982187286529
1284592051535806464
1284592096926670849
1284592134134407170
1284592206976897025
1284592324660604929
1284592628768468993
1284592670845919232
1284593275052097538
1284593280135712772
1284594113317240832
1284594186357014535
1284594480553713664
1284594786805006336
1284595057518170114
1284595315258122241
1284595569122521094
1284595712357830656
1284595824224120832
1284595935406768128
1284596568465776640
1284596723621535744
1284597171992629249
1284597588751155205
1284597662134579200
1284597882465779719
1284598408444076034
1284598535510298624
1284598537561481216
1284598755883286528
1284598905662058496
1284598962629087232
1284599277944266754
1284599524758093826
1284599731302264832
1284600349341483009
1284600358174679040
1284600358225039361
1284600613943353349
1284600635606863872
1284600704062160896
1284600760735608832
1284600761964470273
1284600871146397698
1284601055028879360
1284601153213403138
1284601723567448065
1284601759978192898
1284602192079368192
1284602346811658240
1284602356873736197
1284602439463731200
1284602750916005889
1284602934160957442
1284602982051516422
1284603189740871681
1284603919826591744
1284603941431508993
1284604005772070917
1284604061392592896
1284604300740755466
1284604416017014786
1284604584959385600
1284604695479279616
1284604992641540098
1284605137051320321
1284605242630385666
1284605455080099841
1284605734345482241
1284606261351329794
1284606501307461640
1284606537474990081
1284606545603506176
1284606600578244613
1284606647730675716
1284606685412315138
1284606786050437124
1284606789841977345
1284607263114620929
1284607263865401344
1284607425191051270
1284607491129606144
1284608066709790720
1284608503210840064
1284608834892333062
1284608971135954946
1284609530882666496
1284609586192945152
1284609628098224130
1284609826421706757
1284609914292371462
1284610220602224640
1284610842395369472
1284611201473945600
1284611221107257349
1284611367786487809
1284611641364144131
1284612807481270272
1284613244422946818
1284613456881164288
1284613833118699521
1284614246068826112
1284614443855486977
1284614535148646402
1284614780259569669
1284614800740360192
1284614810798362626
1284614825117716480
1284614987806380032
1284615304375685120
1284615356066213899
1284615740843327490
1284615951246385153
1284616068867059713
1284616174391574529
1284616267752787969
1284616489069355013
1284616871619317762
1284616885401718787
1284617030696665089
1284617038288363520
1284617225660506113
1284617444863152129
1284617974473785347
1284618136851853313
1284618420533764098
1284618765926371334
1284619215815577600
1284619216864161792
1284619217434636288
1284619380140236801
1284619476131078147
1284619750316924928
1284619761486356486
1284619986187816960
1284620080735813632
1284620394259857408
1284620901955272707
1284621129617940480
1284621273528705026
1284621288342945799
1284621527028314113
1284621649111928838
1284621862648127492
1284623459704872960
1284623672846815234
1284624363682242560
1284624478492864513
1284624633216536576
1284624821775740928
1284624922908618758
1284625316443553799
1284625371179229184
1284625565924851713
1284625710703759360
1284625716470902784
1284625735349665793
1284625794833084418
1284626035787608067
1284626420333936640
1284626550411784192
1284627027451170816
1284627328723824641
1284627420520353798
1284627563617366017
1284627832199622660
1284627832606343168
1284627972977315841
1284628279505362947
1284628355246174211
1284628475681206277
1284628544060928001
1284628639758376960
1284628968369422342
1284629084690157569
1284629117649002496
1284629273471590403
1284629727014055938
1284629728142471168
1284629779421949953
1284629840616927232
1284630301751357440
1284630338497654789
1284630469452144648
1284630825292771328
1284630962710732801
1284631342584598531
1284631828859514880
1284632065665839104
1284632358294036480
1284632752118272003
1284632787442688001
1284633216746487809
1284633354999074816
1284633534011932673
1284633784881680386
1284634075672674304
1284634185441988616
1284634228647497729
1284634279792840705
1284634411565277190
1284634512606076930
1284634576472727559
1284635173527658498
1284635192439615488
1284635670879903744
1284635793672241153
1284636246766243840
1284636803467816960
1284637177004134400
1284637281190584326
1284637604021968896
1284637766320521221
1284638646537261059
1284639118509711360
1284639693641076736
1284639883106058241
1284639981655543808
1284640137427681280
1284640246076932097
1284640416990744577
1284640656812630019
1284640701599363072
1284640718150086657
1284641204118925314
1284641333890686978
1284641350156263426
1284641364265840642
1284641561591128064
1284641873412403200
1284642105206374401
1284642392646221824
1284642521667244034
1284642555318149120
1284642662902095872
1284643111336058880
1284643665802137600
1284644060691460096
1284644096447897602
1284644556500238336
1284644563114696704
1284644641686671367
1284644711928659968
1284644832749789184
1284644861291921415
1284644967110127621
1284645398427185158
1284645511333589000
1284645718729396225
1284645860534620160
1284645868751269889
1284645885301846016
1284646084690706432
1284646236138680322
1284646298961027072
1284646532835274756
1284647238787104768
1284647511139942402
1284647530236608512
1284647723724144641
1284648222955380738
1284648661864058891
1284648856777560064
1284648932249919490
1284649081927761921
1284649165897646082
1284649207035379712
1284649421301526531
1284650089491902465
1284650214972952577
1284650261538013184
1284650398993784834
1284650743648202753
1284650833385345025
1284650887021985793
1284650915765587968
1284650955116511233
1284651005154594817
1284651202551189505
1284651242208161792
1284651447196540928
1284652017152032768
1284652281347145729
1284652381104476161
1284652393142145024
1284652632204890112
1284652863784878084
1284652940762976257
1284653695888760835
1284653762976464896
1284653944275435527
1284654037401571329
1284654140220739584
1284654442323890176
1284654644128444417
1284654834881372160
1284654985217806338
1284654994311065600
1284655370191933447
1284655427544707072
1284655438060032001
1284655773654679552
1284655915539390464
1284655990781116416
1284656339080413184
1284656651866378241
1284656868854575104
1284657721674006534
1284658227209216000
1284658918292103177
1284658928765284352
1284659338473345024
1284659561870372864
1284659784923447296
1284659846550192128
1284659855685373952
1284660112326451202
1284660165875130368
1284660310855516160
1284660669028225024
1284660812053909505
1284660931339988997
1284661034779910144
1284661398111477760
1284661562314240001
1284661708171153415
1284662174560944130
1284662328508776454
1284662993729527808
1284662997265326081
1284663090550910977
1284663095248539648
1284663334554546181
1284663642831630337
1284663944741818368
1284664068389965825
1284664083019595777
1284664135091814400
1284664385106071565
1284664575204511744
1284664772508573697
1284665144455266304
1284665257802096640
1284665262671896576
1284665416225349632
1284665500572639232
1284665515592626177
1284665538967412736
1284665644143845376
1284666407687340032
1284666505549033472
1284666796293922817
1284667351682572290
1284667380506005504
1284667816159977472
1284668682153558016
1284668701581533184
1284669443558248449
1284669516925083649
1284670137686274048
1284670564997705729
1284670607016300544
1284670925737254912
1284671004221071362
1284671362511011846
1284671460125138944
1284671609656287235
1284671885888811009
1284672266635300866
1284672632634380288
1284672923987521536
1284672932971720704
1284673372715196416
1284673516298579969
1284673672360464385
1284674736702857217
1284674798958731265
1284675096674807808
1284675206825443329
1284675573772689411
1284675606899240961
1284675699274657793
1284675916627693568
1284675992477474817
1284676279665479680
1284676318123167744
1284676738702807040
1284676808043044865
1284677342703616001
1284677456679579648
1284677632999796737
1284677897341435905
1284678232088903680
1284678265001705474
1284678661690531840
1284678971813175296
1284679234498121728
1284679236687589381
1284679236876300289
1284679331026014209
1284679418183639041
1284679574148636673
1284679577877569538
1284679593622994946
1284679594252042240
1284679747675529217
1284679765660663813
1284680456768819200
1284680475710300161
1284680595885436928
1284680642433875969
1284680697270218752
1284680999037661191
1284681837974106112
1284682312211468289
1284682478133948421
1284682598933913601
1284682841037602816
1284682941680029696
1284683948614795264
1284683981003190273
1284684001479995393
1284684012070420480
1284684023718121472
1284684647939465216
1284684653270638599
1284684719112642560
1284684779112333313
1284685006229495809
1284685050563321858
1284685252041093122
1284685252212989952
1284685394919845889
1284685528538001408
1284685562964856839
1284686003706494982
1284686901698457602
1284687221514280961
1284687522505854976
1284687738491543552
1284688063227191296
1284688150682570753
1284688403989233665
1284688592023977984
1284688902603841537
1284689280275808262
1284689653057097729
1284690346526597120
1284691210360119296
1284691312571285504
1284691328505438209
1284691493282820097
1284691853795889152
1284692226816147456
1284692334702137345
1284692372534820865
1284692438918078471
1284692616324489218
1284692992536858625
1284693215665360897
1284693279016132609
1284693465973100545
1284693506213191680
1284694118560604160
1284694223665733632
1284694313474154502
1284694437491355649
1284694456889991168
1284694526179848193
1284694660527644672
1284694722687180802
1284694861191446528
1284694931257405440
1284694973934383104
1284696416892289026
1284696550543851521
1284696694458851328
1284697061984628737
1284697444912168961
1284697612935987202
1284698140235436032
1284698412806549505
1284698815921094656
1284698946028179457
1284699557822111745
1284699797031661570
1284700122341871616
1284700255267651584
1284700546700541954
1284700881582260225
1284701241705209857
1284701247136845824
1284702083153788928
1284702224053084160
1284702243841859584
1284702546230153216
1284702596117065728
1284702891945549824
1284703041548169216
1284703668894302213
1284703725190213632
1284704429992808449
1284704489690337280
1284704804258942977
1284704877751541765
1284705055778594817
1284705126704390144
1284705187194703872
1284705564887580672
1284705730281472000
1284706018233131012
1284706180007419911
1284706261095809024
1284706487730868227
1284706506588344322
1284707044864466944
1284707407462043650
1284707792390168576
1284707802083205120
1284708560731901952
1284709367800041477
1284709740329816066
1284709872613953537
1284710270527578112
1284710517672747009
1284710661134508032
1284710705002737665
