1279222968535703552
1279222983022858240
1279223231652732928
1279223305879289856
1279223340956364800
1279223642145112066
1279223936765562882
1279224305562329088
1279225018006765573
1279225032242278401
1279225164480368642
1279225241928073216
1279225447180636160
1279225453115518976
1279225460317138945
1279226141254070273
1279226439615893504
1279226731832971270
1279227183911723008
1279227187078426625
1279227189175541765
1279227190211567616
1279227305001443329
1279227515769405440
1279228107942244352
1279228296308248576
1279228345104781312
1279229522815209480
1279229523037487106
1279229535612030977
1279229733465546752
1279230004765888513
1279230118225993730
1279230920692764672
1279231056407912448
1279231976017326080
1279232074965229568
1279232317169565698
1279232318956281857
1279233399400673282
1279233585992609792
1279234696271073280
1279234931709878273
1279235382521946113
1279235504542756865
1279235651544678405
1279236145348521986
1279236253616164864
1279236416694861824
1279236539114029059
1279237228229779457
1279238113894772737
1279238389955301377
1279238416203317248
1279238420452147201
1279238808177950720
1279239070963687425
1279239179294081024
1279239238240919553
1279239286840320001
1279239395565023232
1279239899867017216
1279240056423608320
1279240404773163008
1279240709304918016
1279241465902874625
1279241590465269762
1279242038190333952
1279242039222169606
1279242040375513089
1279242151751270400
1279242155467382789
1279242394723143681
1279242437819432962
1279242585446535168
1279242703994322944
1279242800123559936
1279242817957703682
1279242966326890496
1279243072304545794
1279243595854360584
1279243881687597056
1279244730887311361
1279244802412994561
1279245230840197120
1279245487455887360
1279245779845201920
1279246143302426625
1279246417333293057
1279247152250847233
1279247201605169158
1279247583152668674
1279247729932341248
1279248472701624322
1279248572500922370
1279248670454677505
1279248828772704257
1279249191823462400
1279249275319246848
1279249434530861056
1279249911654100992
1279250137127280641
1279250426236481537
1279250443420327937
1279250611167469570
1279251052856922113
1279251286588784647
1279251460035837954
1279251465199026179
1279251689112055809
1279251745005285376
1279251896222584833
1279252099369512960
1279252305712492545
1279252335118688256
1279252531915436032
1279252785922551809
1279252986519265280
1279253883781623809
1279254542215938049
1279254740530946048
1279254954629365761
1279255389914255360
1279255449896923137
1279255507061092352
1279255964768710659
1279256571130847232
1279256798990647298
1279257136720039936
1279257268479877120
1279257406955012098
1279257805631995904
1279257810811977728
1279257827379310594
1279257912532238336
1279258306138320896
1279258520320385024
1279259092092022786
1279259103064469504
1279259163592278017
1279259565842784256
1279259990616870914
1279260380292939776
1279260412257730560
1279260904798945280
1279261365530656769
1279261470627368960
1279261476688101376
1279261531318951941
1279261612252282880
1279262066696687617
1279263105537597441
1279263822822457344
1279264162267324417
1279264438047199233
1279264443394859009
1279264600421134336
1279265213716541440
1279265604202102786
1279265727330103302
1279266160538791936
1279266348170973185
1279266716770603008
1279266953690066944
1279267232204365826
1279267465504178176
1279268022704881665
1279268143626682369
1279268189306839046
1279268485693145090
1279269390794579968
1279269521338109957
1279269700510384128
1279269773524774912
1279269805636358144
1279270059400192000
1279270303546445826
1279270778215763969
1279271155136946189
1279271273210753029
1279272081025372161
1279272465785651200
1279272625869651968
1279272918950830085
1279272951993503745
1279273018376757249
1279274377297747968
1279274673109454848
1279274692411613189
1279274795851493376
1279275750512898053
1279276190113714176
1279276434066989056
1279276699583229952
1279277218120773636
1279277285493936130
1279277349343768576
1279277526276345856
1279277568135438338
1279278376642129920
1279278693760802816
1279279341155897344
1279279519501819904
1279280241584693248
1279280346761170944
1279280490927853569
1279280827755638785
1279281370607636480
1279281375338782720
1279281588623347712
1279281886481784833
1279281961635373056
1279282791730077701
1279282801020416000
1279282801372585985
1279283284422332422
1279283315560771585
1279283323232116738
1279283818483126275
1279283838678638592
1279284523881189376
1279284747156553731
1279285272392413184
1279285308996161538
1279285343309742081
1279285482313089024
1279285499413303301
1279285616933433344
1279286437360345088
1279286512069283842
1279286773613395968
1279286830890811392
1279286892878598144
1279287622641336320
1279287720309927936
1279287759048499201
1279287840116006912
1279287879311732736
1279287997842821124
1279288041996197893
1279288278861197313
1279288552099119104
1279289114429456390
1279289285032775681
1279289345539629057
1279289445032828928
1279289702030417921
1279289828249686016
1279289867193769986
1279290237013897216
1279290548977885184
1279290777848471552
1279290857326338051
1279291005448175617
1279291190064689153
1279291840122978306
1279293063169540097
1279293162029228033
1279293626267267074
1279294029474041857
1279294160328146944
1279294383507021825
1279294755289985024
1279294856339296256
1279295020105859073
1279295057481342976
1279295389556867072
1279295516782854145
1279295572713918464
1279296483192213506
1279296562292830209
1279296587466825729
1279297086798757888
1279298034120167424
1279298724368433152
1279298881273171968
1279299049716416512
1279299245498130432
1279299272186294273
1279299703872634880
1279300162981109761
1279300483656626176
1279300709083725825
1279300853485232130
1279300919323242496
1279301049321316352
1279301208835047425
1279301801808814080
1279301896445014016
1279302806768431111
1279302953774592000
1279303674783830018
1279303842404892673
1279304142050254849
1279304515393650688
1279304765243944961
1279304805060673536
1279304822685003777
1279305237002694656
1279305437800812545
1279305828982419456
1279305830114840576
1279305950965518338
1279306037913419777
1279306930805186560
1279307182991986688
1279308065901338624
1279308138097840128
1279308345543811072
1279308458752344066
1279309147645849600
1279309151219470336
1279310300202831874
1279310362425413632
1279311102036279296
1279311426402779137
1279311476331737088
1279312104571523072
1279312200713338881
1279312695586684931
1279312749105946625
1279312863862153216
1279312949409087488
1279313201335803905
1279313394387034112
1279313636541038592
1279313824173166593
1279313883954479104
1279314300801363968
1279314738535636993
1279314767073751040
1279314790826024962
1279315095286362118
1279315442243428352
1279315796213354499
1279315813657464832
1279316024081473542
1279316225605197825
1279316265304240128
1279316786568024065
1279316978881236992
1279317038503202816
1279317230858252288
1279317242518417408
1279317336219140096
1279317509783552000
1279317684484812800
1279317796208422912
1279318071539367936
1279318101872574464
1279318167664410629
1279318573966598150
1279318804447854593
1279319233076346880
1279319330950311936
1279319593832476672
1279319780655316994
1279320895752933376
1279321110052405248
1279322116626755586
1279323204021075968
1279323281804398594
1279323528517599232
1279323724664184833
1279324107205677057
1279324120132587522
1279324304283512833
1279324318116315137
1279324426866221057
1279324441621733376
1279324874201235457
1279325008947445761
1279325316905873409
1279325464843169792
1279325542752366593
1279325560922087424
1279325694003236864
1279325918155112449
1279325925054824448
1279326087680589829
1279326255679246338
1279326341460967424
1279326621376417793
1279326754067398656
1279326827937497088
1279326834967162881
1279326895147016192
1279327124172701698
1279327870649843712
1279327932008275968
1279327959652892674
1279327983304617984
1279328340458065920
1279328622281662464
1279328993318223873
1279329276244918272
1279329304170692609
1279329465823354882
1279329500438749184
1279329862352846848
1279330270139817985
1279330375689318401
1279330620582346755
1279330684763398145
1279331000586141697
1279331006676267008
1279331091485274114
1279331094421258241
1279331108065284096
1279331116554563590
1279331472214761477
1279331596441718786
1279331699290185730
1279331714809167873
1279332161649344512
1279332582786818048
1279332660360482816
1279332704832688128
1279332717528780800
1279332724071899141
1279333088707870721
1279333210367893505
1279333261945126912
1279333587238686720
1279333881829875712
1279334073874276353
1279334143286030336
1279334168191737859
1279334300991832064
1279334661764771841
1279334784850894848
1279335561547911168
1279335644872036353
1279335665289834498
1279335811352342528
1279335952280887297
1279335962322010113
1279336238663831553
1279336661965402112
1279336904417251328
1279336956422426624
1279337078233485312
1279337227521273858
1279337259523887107
1279338114474029062
1279338298759098368
1279338424189804546
1279338431085187073
1279338664833810432
1279338741912526848
1279338810875183104
1279339583352770560
1279339621168619520
1279339662897672193
1279339692719312896
1279339721056018432
1279340173994622976
1279340192898461698
1279340253166387200
1279340255905267712
1279340305674887168
1279340371781222402
1279340419126616064
1279340445366013953
1279340836438892546
1279340967921881088
1279341098733797378
1279341278413623296
1279341405819764736
1279341497830084608
1279341583150833669
1279342107673665538
1279342247876714496
1279342470447476736
1279342498226323457
1279342724169248770
1279342758319316994
1279342779211145219
1279343301112532998
1279343494990123009
1279343770815942656
1279343805817401344
1279344312732581889
1279344671903354880
1279344711820382208
1279344882306383872
1279345253439463424
1279345979980800000
1279346583096549376
1279346753737617408
1279346761568567296
1279346776902897669
1279347036509204480
1279347288960307200
1279347335819116544
1279347444795482112
1279347517365391360
1279347591466168320
1279347630896746496
1279347735599218689
1279347842738458624
1279347847452909569
1279348011873828864
1279348399247106053
1279348667254784000
1279348844451344386
1279349130100424704
1279349189269426176
1279349353501667328
1279349469365100546
1279349470413668354
1279349585287184385
1279350341864226816
1279350535334907904
1279350800196739072
1279350847521075200
1279351221032300547
1279351866422439936
1279352034630795264
1279352193003524096
1279352320086749184
1279352498550198278
1279352804449157121
1279352989912829952
1279353055620694016
1279353439336751104
1279354443880902657
1279354445499949056
1279355190072741888
1279355269408067584
1279355279721689089
1279355288621953025
1279355520550350851
1279355634123706369
1279355773395533825
1279355966312628224
1279356666174230528
1279356864434757632
1279357196405313536
1279357417445302274
1279357450869788672
1279357854697299969
1279357999719632896
1279358496329195524
1279358586989182976
1279358962631139334
1279359792520273921
1279360074729893888
1279360291059363841
1279360411951935489
1279360641279709184
1279360813476741120
1279361141597241344
1279361318147907585
1279361320886784003
1279361492727377921
1279361560323018753
1279361823863648256
1279361829546987520
1279361995884634112
1279362473494224896
1279362775530246144
1279362782513836032
1279362916152741894
1279363341262168064
1279364275429994496
1279364387770372101
1279364807054016512
1279365141604294657
1279365447582912512
1279365520383492096
1279365535357186048
1279366897604218881
1279366987706175489
1279367620106399746
1279368053294317568
1279368276456419328
1279368451589500930
1279368482426171392
1279368542790582273
1279368783942094849
1279368969879764992
1279369517106450433
1279369724049133568
1279369864164134913
1279370002760495105
1279370088056061952
1279370134809870336
1279370301449678849
1279370321531932674
1279370883006685184
1279371243175714817
1279371261865537537
1279371918852882432
1279372005964480513
1279372277939920901
1279372352015515649
1279372355031138304
1279372360467054592
1279372396340875265
1279372397934764032
1279372489915760640
1279372646329745410
1279372657486528512
1279372676956434432
1279372680869773313
1279372853608157185
1279373229870796800
1279373257133694976
1279373300611846146
1279373440403767296
1279373609631469568
1279373679793758208
1279374344997740546
1279374533619847168
1279374683331313665
1279374712041279489
1279374794119696384
1279374800364937217
1279374964186021888
1279375014655954944
1279375044905492480
1279375168637415424
1279375469209686016
1279375814773989377
1279375870675861504
1279376178676105216
1279376293964836864
1279376417952657408
1279376421912113154
1279376486181502977
1279376689240342531
1279376925484597248
1279376955708760065
1279377102542974978
1279377123078213633
1279377232742539264
1279377300463779840
1279377335272247297
1279377347377061888
1279377668891426820
1279378002900594690
1279378009162645507
1279378090855145477
1279378175575949313
1279378431696871425
1279378700132388865
1279378762250039296
1279378847402610688
1279379061752631298
1279379179461632000
1279379492050534402
1279379632249360384
1279379682442518528
1279379952304115712
1279380047682396162
1279380181497626624
1279380481734258688
1279380487576879105
1279380615641653251
1279381499066884096
1279381831511490560
1279381839975723008
1279381943482814465
1279382496187232257
1279382542366445570
1279382590412242944
1279382876459581440
1279382944059097090
1279383064272084992
1279383094357749760
1279383346313863170
1279383525335224320
1279383579622064128
1279383821419495424
1279384001703301123
1279384040949321730
1279384046754164736
1279384139028824065
1279384662197055488
1279384931874099202
1279384999821742080
1279385125311176706
1279385144948858881
1279385315875213313
1279385344295698433
1279385373068705793
1279385451103694848
1279385656511336448
1279385735733194754
1279385736840531969
1279385889257504769
1279386052713689089
1279386156958973952
1279386457388593153
1279386546093928448
1279386666009010176
1279386718156791808
1279386811983429634
1279386872704307205
1279387169199661056
1279387169044533254
1279387242318839808
1279387306793680897
1279387377455243265
1279387817685258240
1279387855177965570
1279388097533353985
1279388126197231617
1279388181398503427
1279388196221128710
1279388264055496716
1279388294904717312
1279388554712485888
1279388784719810560
1279389043923587073
1279389175838629888
1279389524318023687
1279389525656166401
1279389907245506560
1279390371466838017
1279390791262142465
1279391350182612993
1279391395359277058
1279391396466577411
1279391670472265729
1279391700138561537
1279391858217664517
1279392423412719616
1279392468312756225
1279392494468423680
1279392865756438528
1279393492473729025
1279393539802255366
1279393553815404544
1279393554952044545
1279393928882597889
1279393980514357248
1279394362493825026
1279394473106178049
1279394591901245440
1279394813750710272
1279395363733020672
1279395415234936832
1279395529789706240
1279395930400337920
1279396125041209346
1279396494039285760
1279396674822180865
1279396708754087936
1279397057564942336
1279397100325830661
1279397360112676865
1279397496372858881
1279397506305187840
1279397703932424192
1279397778230108160
1279397803412713474
1279398022615531520
1279398033562763265
1279398417060573185
1279398571989774341
1279398708392505346
1279399066602926083
1279399195539984387
1279399379703607296
1279399452164358144
1279400461465006080
1279400835726946305
1279400835433324545
1279400883017723904
1279401216238329857
1279401371092033537
1279401393678364673
1279401442588200961
1279401562335567872
1279401780355330049
1279402360180289536
1279402779195461633
1279402843510722561
1279402951031894018
1279402993679503360
1279402997588598786
1279403139469389825
1279403418621292544
1279403420550680577
1279403450971893760
1279403691494309888
1279403777003597824
1279403817424035840
1279403861925597189
1279404164775317504
1279404213316050944
1279404447022624769
1279404492895612928
1279404851718426630
1279404955682701315
1279405089023832065
1279405096888152064
1279405169705455618
1279405193478766593
1279405551407988736
1279405660036386817
1279405786167422976
1279406086844448768
1279406375257272320
1279406376809160705
1279406393813086208
1279406477015486464
1279406514516619265
1279406803843940353
1279406863969370113
1279407101346041856
1279407131641483265
1279407278064652289
1279407288994852864
1279407503575601155
1279407587390349313
1279407677945323521
1279407861316096001
1279407931461636101
1279408101981147137
1279408251633905664
1279408314019872768
1279408347935055874
1279408533306593280
1279408695718424576
1279408954565689344
1279409165425938432
1279409206425202689
1279409213077426176
1279409263476183040
1279409422801031169
1279409653881823233
1279410033810386945
1279410105365278720
1279410124034105349
1279410150558896128
1279410316334501892
1279410590310686720
1279410638645854209
1279410783353528320
1279410884658499585
1279411279363559424
1279411601469247488
1279411614974967810
1279411695761457153
1279412056786157569
1279412433388535808
1279412478888292352
1279412480561864707
1279412499977306120
1279412604113260545
1279412889733005312
1279413036856401930
1279413113222283264
1279413164694802434
1279413220126658560
1279413409902022657
1279413618820300800
1279413654027472898
1279413727603888129
1279414572856815616
1279414887333191680
1279415088450076673
1279415332684234757
1279415334290755584
1279415725141241856
1279415788877893633
1279415876756922368
1279416348444110850
1279416448008544257
1279416562714173441
1279416589268529155
1279416706952310784
1279416820622073856
1279416864540700674
1279416954495909888
1279417188320006144
1279417345967034373
1279417505530839040
1279417577156956162
1279417593179148289
1279417927381417986
1279417969681010690
1279418027424067585
1279418283066896385
1279418333884903424
1279418754192023552
1279418887289929730
1279419765761736705
1279419805867655168
1279420443091501059
1279420720917995521
1279420999860137984
1279421031619403777
1279421396930551809
1279421466593771520
1279421467696881672
1279421468590215173
1279421662354649092
1279421841426317318
1279421974167654401
1279422251545374722
1279422345183182849
1279422465199005703
1279422582199107586
1279422822515904512
1279423442878713856
1279423660005249025
1279423879438532608
1279423954822840323
1279424023290617856
1279424421103644672
1279424428091285504
1279424474346127362
1279424763526512641
1279424898667098116
1279424902559219713
1279424990966943745
1279425113125982212
1279425502319652867
1279425537530908673
1279425707127472128
1279426274319052803
1279426277016064001
1279426798552563714
1279426857105055745
1279427398912573440
1279427415027089411
1279427502646210560
1279427741591523335
1279427847367667712
1279427938048512001
1279427968511557633
1279428413007282178
1279428459845083138
1279428721678704640
1279428801135607809
1279428944811429895
1279429156300886017
1279429280934563840
1279429589266313219
1279429609889632258
1279430343322406914
1279430654959267841
1279431056479879172
1279431152424685569
1279431212000518144
1279431279235100678
1279431288911360000
1279431322784628736
1279431534294863872
1279431888906579968
1279431890504572928
1279432067995045888
1279432102489001989
1279432200010727424
1279432742414008321
1279432922487898116
1279433015588945922
1279433135705387008
1279433270967533574
1279433404627537923
1279433584013688834
1279433609011699712
1279433853782896640
1279433861705785344
1279433877757591552
1279434112600879106
1279434465622790144
1279434496123850752
1279434606723379200
1279434725522841600
1279434896767926273
1279435087222890497
1279435124401229826
1279435488223547393
1279435598487486466
1279435610630037504
1279435738094985218
1279435790649405441
1279435909688176640
1279436362165485571
1279436401046675456
1279436441374691328
1279436441886449671
1279436907101990912
1279437103231729674
1279437316529049605
1279437326725373953
1279437620158836736
1279437762765217793
1279438123768913920
1279438224931393537
1279438310486704134
1279438429290455040
1279438472391069697
1279438487272464385
1279438804793929731
1279438883487395840
1279439011623260160
1279439544828469248
1279439593977327617
1279439662369603584
1279439856238813186
1279440102398332928
1279440117946515456
1279440560592490498
1279440771255537665
1279440961802731521
1279440968291438594
1279441356285456384
1279441373041696773
1279441437868916742
1279442126007394304
1279442258668982273
1279442275492417536
1279442304915451909
1279442661171224576
1279443085647380481
1279443180400914433
1279443344964440065
1279443398819287046
1279443482822807556
1279443483397324801
1279443522664497153
1279443585310621703
1279443675215527936
1279443740113977344
1279443774192705537
1279443773903319041
1279443810116947968
1279444251399671811
1279444275131027457
1279444473693581312
1279444703985856512
1279444812425560064
1279444922391760906
1279445354673471489
1279445379818217475
1279445458914619392
1279445962042281984
1279446168792174594
1279446459960758272
1279446772167909376
1279447306190938113
1279447707686522889
1279447778436034565
1279447893850685440
1279448000411172864
1279448098054512640
1279448475701088256
1279448653988577280
1279448731490889728
1279448754421067776
1279448794258714625
1279449096269582336
1279449165920112641
1279449304957140992
1279449325496610816
1279449327321186306
1279449519961366528
1279449536365309954
1279449631252975617
1279449706817454080
1279449830021124096
1279449947574804481
1279450018290831362
1279450109382504448
1279450117410611200
1279450123026739202
1279450558332579841
1279450673512407040
1279450683649994755
1279450741107757063
1279450786179710976
1279450806912155650
1279451050089553920
1279451085262991360
1279451150329225216
1279451413618339841
1279451544350425089
1279451545428389889
1279451858424287232
1279452346926292992
1279452823869161472
1279453302053310464
1279453465924624386
1279453487177371654
1279453821102510080
1279454062174367745
1279454250163220480
1279454289329610754
1279454420330319874
1279454456971739136
1279454647263125507
1279455132128808960
1279455283958423555
1279455746674089984
1279455845093453825
1279456125759492098
1279456189038952449
1279456365271035909
1279456381221945346
1279456384669700101
1279456430291136512
1279456603759153153
1279456639930769408
1279456782012895241
1279456812165500929
1279457005258899459
1279457010375897089
1279457327666454529
1279457451788599296
1279457629727870979
1279457819905884160
1279458041243545601
1279458169081810947
1279458364184027136
1279458567649734657
1279458702202998785
1279458864140697600
1279459836728692739
1279459933466112007
1279459997198548994
1279460109970739200
1279460134566203393
1279460278204354561
1279460391710609410
1279460457502441473
1279460594840752130
1279460639669395462
1279460729209401344
1279461073528258560
1279461183427395584
1279461874279604227
1279461900007419905
1279461971419529216
1279462109718343686
1279462123664478208
1279462129813217286
1279462337544622082
1279462455232643074
1279462639618396162
1279462828504539136
1279462851388768267
1279463117408423936
1279464019481563138
1279464212281143306
1279464410222940160
1279464563554103296
1279464601587978240
1279464607753666562
1279464653077336065
1279464735738642432
1279465148411977728
1279465149796159488
1279465393044807680
1279465672993472512
1279465889457471496
1279465922902851591
1279465922919641090
1279465941303263234
1279465956033597440
1279466412856270848
1279466636378955776
1279466638950072321
1279466645690318850
1279466670772404225
1279466913928818693
1279467178392076288
1279467292280205313
1279467450388680706
1279467534513852418
1279467606605512710
1279467730077396994
1279468067156684801
1279468154301722625
1279468154549403652
1279468288679063552
1279468316625711105
1279468547811483649
1279468567424126980
1279468677939765251
1279468817966673920
1279468887906623489
1279469056320512007
1279469640066887680
1279469908569530374
1279470001062371330
1279470324090888193
1279470378474242050
1279470405934170113
1279470507902066688
1279470651380764677
1279470733232607235
1279470930985660416
1279470937180684288
1279471041727942656
1279471135567028224
1279471405705375752
1279471407622238209
1279471920531091458
1279472241475039232
1279472405832925189
1279472612591222784
1279472614940049409
1279472643561816064
1279472859107209218
1279473049801232391
1279473208400412672
1279473261873557504
1279473543063822338
1279473593773162496
1279473679773171714
1279474089770524673
1279474217940115456
1279475113382031361
1279475221959933952
1279475579159379969
1279475597677387777
1279475941782290432
1279476023730585602
1279476076708876288
1279476219440967681
1279476362319929345
1279476831037652995
1279476845671481346
1279476899631136770
1279477418546298881
1279477984924258304
1279478011356684293
1279478155007442944
1279478467113832451
1279478577092689920
1279478607090454530
1279478685221949440
1279478721947172864
1279478886057873408
1279479200533999616
1279479224299028484
1279479308684124161
1279479398182326273
1279479586770821125
1279479630341210112
1279479683461996545
1279479684934352896
1279479726885744640
1279479736184590336
1279479759957786624
1279479848491245568
1279480012438151170
1279480165190569986
1279480607215702019
1279480680968335360
1279480765617668097
1279481488371638272
1279481492196884485
1279481493300015106
1279481590054137856
1279481881361297408
1279482259364552705
1279482744200986625
1279482862857859074
1279483479005298698
1279483558105681920
1279483855523786754
1279483856836595714
1279484181148549120
1279484330352545795
1279484516281786370
1279484516013244416
1279484595755520000
1279484946885890048
1279485527733960709
1279485888565776386
1279486164840452097
1279486282410848256
1279486327667515397
1279486331660513281
1279486420378411008
1279486428385357826
1279486432294440961
1279486551857168385
1279486556361777152
1279486600842543105
1279486672950919170
1279486827745939457
1279486852265922566
1279487040216879109
1279487110475644928
1279487493650472960
1279487560251617282
1279487737838608385
1279487882839932928
1279488244309262343
1279488678226726914
1279489008322707456
1279489163478413319
1279489176916893696
1279489289592557568
1279489351416758274
1279489364788158464
1279489416755507201
1279489919640047618
1279489925629513729
1279489966251311105
1279490271009521669
1279490337086541825
1279490383941177347
1279490388940730369
1279490508449026050
1279490628569751552
1279490663160197120
1279490696190332930
1279490864969134080
1279490944874811393
1279491000193421312
1279491143395184640
1279491144532086789
1279491179130884101
1279491285267685378
1279491318000074757
1279491646191788032
1279491706564608006
1279491852064837633
1279491917840031751
1279491938735910912
1279492052493856768
1279492544255143936
1279492815681183748
1279492997831368710
1279493210797150208
1279493315017216000
1279493654823022608
1279493665816219648
1279493956271669248
1279494080179900418
1279494212619206658
1279494318261239808
1279494474259783680
1279494511853371392
1279494555969228801
1279494642392858626
1279494680279998466
1279494925059608584
1279495226093113345
1279495488807501824
1279495533435006986
1279495589244424193
1279495833210290178
1279495869155475456
1279496196877217792
1279496217991340032
1279496363047374855
1279496387940540417
1279496444509069316
1279496461290336257
1279496470647894016
1279496495906148352
1279496556710944769
1279496665305620481
1279497568834199553
1279497809964785665
1279497850746015744
1279497999618433024
1279498064403869698
1279498240602357767
1279498417920593920
1279498894116900865
1279498931265769475
1279499195821502464
1279499233117249541
1279499406224613376
1279499646893805569
1279499767425445891
1279499939664576513
1279500077225193472
1279500223186898948
1279500563567296521
1279500698607067141
1279500806522372096
1279500813979856896
1279500872515489792
1279500992481034246
1279501074953654273
1279501152875405314
1279501737452339200
1279501797170860033
1279501892641570817
1279501994718306306
1279502540963319808
1279502717195415552
1279502929871937547
1279503012730413057
1279503154325815296
1279503303064399875
1279503394433097728
1279503398069571585
1279503859203952642
1279504018591678465
1279504115999989760
1279504531533914112
1279504693660655627
1279504741723185152
1279505202077450241
1279505282360651777
1279505433946927106
1279505637441974273
1279505659583770625
1279506402181087234
1279506544653225985
1279506578232823813
1279506754838114304
1279507173463162880
1279507465072238594
1279507534722805760
1279507563244109824
1279507616058822662
1279507666323136512
1279507730445860866
1279507858598625286
1279507993659400192
1279508171820806147
1279508251978223616
1279508326309658626
1279508524658196486
1279508655113506816
1279508830901190657
1279508955354578944
1279509222078787585
1279509226558234624
1279509236578467842
1279509371064659972
1279509456993300488
1279509766696513537
1279509937639522306
1279510217147985921
1279510217651359745
1279510250329161730
1279510378465107969
1279510450493960198
1279510842694930434
1279510938702528513
1279511191052787714
1279511203568652291
1279511434901065728
1279511435983286272
1279511853903654912
1279511967787438080
1279511975425441792
1279512098662494208
1279512109446041608
1279512229902118914
1279512330485862402
1279512372831535104
1279512391483641856
1279512410785812482
1279512545942888448
1279512905705193472
1279512957748236288
1279512978585460737
1279513069987733504
1279513077734662148
1279513126090784769
1279513146689032193
1279513210895380481
1279513596641398786
1279513736773079040
1279513775222206465
1279513821980352513
1279513986333999104
1279514241112977409
1279514331093381125
1279514359996309505
1279514626577911815
1279515000898498567
1279515587572641794
1279515759346057216
1279515915844018182
1279516182035476480
1279516384985337861
1279516388588167168
1279516485015285761
1279517083773005825
1279517380427816961
1279517502704431109
1279517864735563776
1279518075864387584
1279518093497245703
1279518164167032835
1279518258606080000
1279518266927398912
1279518601972604928
1279518776367689729
1279518781400846340
1279518860153163777
1279518917854101507
1279518925764603904
1279519074087821318
1279519078047236096
1279519095214542850
1279519288265752577
1279519625353494528
1279519644844523525
1279520151956787200
1279520204565995521
1279520272408707072
1279520371172159489
1279520506530627585
1279520666040119297
1279520687389097986
1279521138197045249
1279521150557548544
1279521392686272512
1279521429374074880
1279521578808729600
1279521624044081152
1279521675432939525
1279521837110775811
1279521877971607552
1279522035056676869
1279522227608850433
1279522242364346368
1279522354905976836
1279522387382411269
1279523027714060288
1279523469303177222
1279523514190630913
1279523662727729153
1279524386043621376
1279524374270402560
1279524469019680771
1279524580172787712
1279524695411437568
1279524720434720768
1279524924277829645
1279525417251110912
1279525767026704386
1279525777101316096
1279525778556964864
1279525841244839936
1279525915953901573
1279526062582530049
1279526409313148928
1279526424144207873
1279526530272473088
1279526531484663808
1279526532529090560
1279526533560844288
1279526581766152193
1279526598954409985
1279526760917467140
1279526804496306177
1279526847253020672
1279526887778217984
1279526904580669441
1279526983244881922
1279527538184859648
1279527573433856000
1279528044252798977
1279528091627462658
1279528127975305219
1279528419739533313
1279528525939257344
1279528608445448195
1279528721909796864
1279528907755184128
1279529066882830336
1279529106317684743
1279529128102952966
1279529309217140741
1279529320898129921
1279529469351391232
1279529698922582016
1279529732506292225
1279530146735820802
1279530163395612672
1279530206420701186
1279530305695571968
1279530338830684160
1279530353145925634
1279530551205081089
1279530799579172864
1279530842306437120
1279530865823854592
1279530866226507776
1279531045621284871
1279531108590379008
1279531220649549825
1279531229235347461
1279531323837775872
1279531536212246528
1279531663916138496
1279531716898668545
1279531867314798594
1279532160861511681
1279532655768416256
1279532893728014336
1279532946295271424
1279533338928218114
1279533462450573312
1279533550501539840
1279533677333155840
1279533825408860161
1279534000026124291
1279534206331129856
1279534395435749379
1279534467447771142
1279534559097470977
1279534726240444418
1279534761221009409
1279535116944117760
1279535367096602629
1279535431462387716
1279535731745095681
1279536143994937344
1279536387528839168
1279536441203310594
1279536519339008000
1279537306010083329
1279537407436689411
1279537896752664576
1279537897478197251
1279537904038088704
1279537998347022336
1279538144862441472
1279538541106622464
1279538560404619264
1279538577072930816
1279538648329990144
1279538681364262915
1279538818975178752
1279539039352258565
1279539248144752640
1279539276095598592
1279539423269605376
1279539557042663424
1279539563673931776
1279539636558278657
1279539670431477771
1279539685279268872
1279539856310444034
1279540370586644481
1279540510311567365
1279540821289766912
1279540989510717445
1279541106137419776
1279541272743686146
1279541318830694403
1279541360610115589
1279541507540701184
1279541665267683329
1279541760054775809
1279541924630839296
1279541982512234507
1279542014728601602
1279542138695548930
1279542229867077638
1279542322808619010
1279542488752099328
1279542545157062660
1279542972070100996
1279543537575624706
1279543778651578369
1279544069862166530
1279544130985758720
1279544208328667136
1279544442215714817
1279544645572313088
1279544742712352770
1279544818956369925
1279544849126109186
1279544957292994565
1279545057876590592
1279545204513681414
1279545382897422337
1279545686103597056
1279545727887253507
1279545988282232833
1279546021312331782
1279546054552301569
1279546067009310720
1279546366516133888
1279546531864031233
1279546543503282177
1279546616735846403
1279546744846548994
1279546822466375685
1279546884084895751
1279546946793988097
1279546947976781824
1279547003589070851
1279547338021842944
1279547461896474626
1279547588996456448
1279547779019243521
1279547807322562566
1279547838029053952
1279547904785633285
1279547946091139076
1279548619448881159
1279548859052679169
1279549062748962816
1279549658554085382
1279549892004896769
1279549972271321088
1279550001899876352
1279550006173761537
1279550521406349318
1279550576573939716
1279550821319892993
1279550878635229186
1279550906107863042
1279550917470236673
1279550920678952965
1279551480282955776
1279551659216121856
1279552483564675080
1279552484793626625
1279552734174285829
1279552810850365440
1279552854152351745
1279552864793382912
1279552990727352321
1279553464205443073
1279553865885548544
1279553956796985345
1279555341022384131
1279555511734730753
1279555595801157632
1279555605137629194
1279556018834411527
1279556220525961217
1279556260904476672
1279556392584691715
1279556512994770944
1279556599804198912
1279556609782546433
1279556640950251520
1279556899688636426
1279556958576574465
1279557122691301381
1279557133730709506
1279557381823901697
1279557876676210692
1279558137008267270
1279558228855136257
1279558920776880129
1279559328811401231
1279559521157988353
1279559857155248135
1279560258885578752
1279561268655992834
1279561294681686016
1279561419235758082
1279561962779803650
1279561974498631684
1279562024578625543
1279562095093219328
1279562178023116801
1279562770153902085
1279562863024107520
1279563117052264449
1279563292198014976
1279563487744851968
1279563753776971777
1279564197689507840
1279564296620576780
1279564673298436096
1279564695268028417
1279564732249317376
1279564865326198786
1279564952953552903
1279565049309298688
1279565425672667136
1279565466604838913
1279565658079051776
1279565761418194946
1279565902581727234
1279565953462939651
1279566143578148867
1279566170538967042
1279566241062150147
1279566501591289857
1279566552610877441
1279566806399758336
1279567141746941953
1279567298743894021
1279567388191703040
1279567399935672321
1279567825699516418
1279567905739374598
1279567932880613377
1279568062535143430
1279568289719562240
1279568539804934144
1279568707073773571
1279568712333475849
1279568934522535936
1279569023026581504
1279569065347026948
1279569205650735107
1279569274919682051
1279569432902356992
1279569719176105987
1279570010147520512
1279570073934540801
1279570214536056832
1279570693533949952
1279570850279276544
1279571078772191232
1279571081225891841
1279571106169487361
1279571122393096193
1279571662837551105
1279571767837802496
1279571848980844545
1279572025393233920
1279572607948533760
1279572773522812929
1279572795727532033
1279572997624541184
1279573581840646144
1279573859100962816
1279574288123781120
1279574700641751041
1279574825246363648
1279574968964198400
1279575076636164103
1279575324465004545
1279575919619977217
1279576394503270401
1279576649089126401
1279578589319528449
1279578669879488512
1279578685482455042
1279578709725532160
1279578789089959936
1279578885290692608
1279579011459371008
1279579424992776199
1279579591028473857
1279579649358606336
1279579809182552065
1279579815826333696
1279579968889131008
1279580264616751105
1279580416840798209
1279580438189813765
1279580720550330368
1279580798702632960
1279580851068690435
1279580938637377536
1279581129620639745
1279581276887023619
1279581509079498752
1279582026132152320
1279582170059665408
1279582313161031686
1279582452416221186
1279583051618627584
1279583461645434880
1279583557455937536
1279583934607736834
1279584282323935232
1279584731735220224
1279585145746534401
1279585458335346689
1279585728775835650
1279585735448899590
1279585926579011590
1279586011794767878
1279586118409703424
1279586134893486081
1279586142246129664
1279586450296766464
1279586515212001280
1279586762713640966
1279587061926899713
1279587215765573634
1279587399165714434
1279587575817216009
1279587616032264194
1279588033486917632
1279588100415672321
1279588173904052224
1279588437742534657
1279588624812646400
1279588648598548480
1279588678587867137
1279588806786777090
1279588981953486848
1279589095933501440
1279589625707630597
1279589785821159425
1279589977446330368
1279590019838160898
1279590269952970754
1279590276110209024
1279590324961083392
1279590442317815809
1279590701240651777
1279590751970693120
1279590880983146496
1279590883625746434
1279591128615006209
1279591147405561856
1279591244629520386
1279591448678105096
1279591561744048128
1279591727943294977
1279592471526326273
1279592621917310977
1279592674182471682
1279592773667172352
1279592901387878403
1279593235141332992
1279593305425223680
1279593917009276928
1279594454442278916
1279594516316655617
1279594545735512064
1279594916792893440
1279595013417119745
1279595155478261760
1279595677522092032
1279595739136634880
1279596654832713728
1279596658733408256
1279596666668978178
1279597101790437376
1279597854277935105
1279597904378855424
1279597922510868481
1279598260798337030
1279598485667487746
1279598531729403904
1279598582283276288
1279598596321656833
1279598919903858689
1279599502572302336
1279599639113592832
1279600013933522949
1279600110310010880
1279600111904047104
1279600237317951488
1279600332796878848
1279600567002824704
1279600655846518785
1279600899480936448
1279600902316281856
1279601496510824448
1279601550319513601
1279601813336010754
1279601941513895936
1279601984514011137
1279602048590381056
1279602065615044609
1279602197660078081
1279602787622535168
1279602913912868869
1279602915733204992
1279602917566304256
1279603242331189248
1279603284404289537
1279603988242010112
1279604322200956929
1279604393571168256
1279604409354371072
1279604483010498560
1279604514195214336
1279604601927450624
1279604922871418880
1279605093621477377
1279605182700142592
1279605470144102402
1279605770091483137
1279605926090211329
1279606020021669888
1279606377867067392
1279606730025033728
1279606769694760961
1279607841146441728
1279607930069962752
1279607977020764160
1279608122613436416
1279608497018220546
1279608592778346502
1279608765537488896
1279608845652942848
1279609544247848961
1279609859642703873
1279610383523819521
1279610532694298624
1279610581935427586
1279610674868629504
1279610746729627648
1279610888081850370
1279611151899295745
1279611530594541573
1279611847881027585
1279611951572758528
1279612151796322304
1279613118826582016
1279613146110418945
1279613493109547009
1279613854318833670
1279614091313778689
1279614140257128450
1279615096239644673
1279615326624382976
1279615514294259712
1279615736474996736
1279615855228334080
1279616506603671552
1279616641421266944
1279616723411447814
1279617303970226176
1279617578290290689
1279617853923172353
1279617892280078347
1279618035276566528
1279618075894169601
1279618148086546438
1279618417167945728
1279618876838416386
