1285793674161520641
1285793797301993474
1285794113636507648
1285794718908059650
1285795258454835200
1285795641139113984
1285796862658838531
1285796914529816576
1285797236300042242
1285797787183878145
1285798447208181761
1285798483501494272
1285798489461387265
1285798498953302017
1285798741505646592
1285798855116615680
1285799080640368640
1285799929206775810
1285800152142405634
1285800162342952960
1285800169083027456
1285800307990110210
1285801109710397441
1285801786838847488
1285801860696346624
1285802026924793856
1285802143174160385
1285802730649526272
1285803423905046529
1285803546877845504
1285803960746389512
1285804273675247616
1285804389840683009
1285804942754816000
1285805117938241537
1285805248532152320
1285805347630919680
1285806307505778690
1285806412472311808
1285807129069223936
1285808971714932736
1285808978228903936
1285809170600665089
1285809252016234496
1285810815799455745
1285810817103876097
1285811386975768577
1285811846167986176
1285811978804572162
1285812436227051521
1285813475042906113
1285814136283291648
1285814293078749185
1285814866364846080
1285814920844632065
1285815645523685376
1285816025792032768
1285816129714356225
1285816483709362176
1285817315351830529
1285817738175197184
1285818102740070402
1285818452251488256
1285818623827689475
1285818777184153600
1285818898596745216
1285819168269492225
1285819555428917249
1285820321094721536
1285820338098638850
1285821127231594496
1285821324783423488
1285821507327782912
1285821508036653056
1285823045316345857
1285823299310714882
1285824365230202881
1285824788947259398
1285824811948814336
1285824938797080577
1285825359926005760
1285825544618078208
1285825956398215169
1285826073058521095
1285826589427740673
1285826677751328769
1285827157919490048
1285827630319702016
1285828814170255360
1285828990566043649
1285830321368371201
1285830338988535809
1285830708263620608
1285831074493476864
1285831514681495552
1285832087057117184
1285832100890005505
1285832337536675846
1285832392842915840
1285832539945398272
1285832853545201664
1285833004770897920
1285833006398222341
1285833007388078080
1285833136526352385
1285833338331299842
1285833339518189568
1285833347403378689
1285833402718007296
1285833501032550401
1285833847670583296
1285834444511862784
1285835505934860288
1285835541649534976
1285835562587480064
1285835966154825728
1285836071230742528
1285836495903916032
1285836747645960192
1285836913195327498
1285837043499597824
1285837044535693314
1285837215642378246
1285837219094290432
1285837274576564225
1285837437428613121
1285837479589875712
1285837614755598337
1285838297479118850
1285838401489514496
1285838458917761024
1285838539004026881
1285838823453270016
1285839170817134592
1285839260361383937
1285839590075621376
1285839740684705793
1285840550176882689
1285840610570768384
1285841082446749696
1285841125316726784
1285841203238330369
1285842059631325185
1285842225243598849
1285842295087136768
1285842398124355584
1285842902057279489
1285843187819405317
1285843495396216833
1285843607627464704
1285843620768157697
1285843791778390016
1285845323995402241
1285845694901899266
1285845714728292352
1285845829333508098
1285846337628573696
1285846778970083332
1285847109476941825
1285847250179100673
1285847422959333376
1285847721266601984
1285848011571167233
1285848855544836096
1285849615930023937
1285850010748420098
1285850379465510913
1285850786476380160
1285851139095900160
1285851145991225345
1285851534320979972
1285851590314754051
1285851593510772741
1285851625517486080
1285852005035114496
1285852157254815745
1285852502768877569
1285852504417349633
1285852713289420800
1285852736056156160
1285852761813389312
1285852908957978625
1285853651936911360
1285854173716787201
1285854387617832966
1285854921087221761
1285855077329186816
1285855159394934786
1285855609670324225
1285855771453001728
1285856552503500801
1285856869626634240
1285856975088226306
1285857043501416448
1285857594150715392
1285857626136416256
1285858150718025728
1285858260080304129
1285858512283684864
1285859485462953985
1285859645777534976
1285860108107423745
1285860207315374080
1285860377285128192
1285860436160675840
1285860436945108992
1285860771457638400
1285861052337528833
1285861177143287810
1285861331904745472
1285861371649896448
1285861589581803520
1285862471283113986
1285862723637645312
1285863041741946883
1285863183173988352
1285863306964750339
1285863503954415616
1285864104893325313
1285864215681482752
1285864309835399169
1285864943833673728
1285865705674543104
1285865855813931009
1285865908930478080
1285865935719395328
1285865958486216709
1285866005751791616
1285866214623973376
1285866392454156290
1285866559844442112
1285866562583322625
1285866565074776065
1285866566219788290
1285866664261758994
1285866726115115011
1285867418540101632
1285867825144438786
1285867908585988097
1285868498191876097
1285869528644108288
1285869792235261953
1285870313281069056
1285870416213549056
1285871250670260224
1285871490286706688
1285871594347339776
1285871696700936197
1285871696700936197
1285872270913806336
1285872339062792192
1285872349661638656
1285872658375233540
1285872727405080579
1285872994330394624
1285873022830862338
1285873033400455174
1285873574113423362
1285873879706206211
1285873920470593537
1285874099080683521
1285874132106633218
1285874282887774208
1285874432695828486
1285874654775660546
1285874713819074560
1285874762137374720
1285874849693433856
1285874873496035328
1285875599379136514
1285875777104277504
1285876111738572801
1285876167573151746
1285876261622108160
1285876880621502465
1285877593829408770
1285877775203786752
1285877849782722566
1285878707014578176
1285878779617972225
1285879019402145794
1285879286008811522
1285879352966742016
1285879392305119238
1285879401905709057
1285879406297149440
1285879410877329411
1285879418611617792
1285879523708416000
1285879700259315717
1285879855335092225
1285880262413504514
1285880317874708481
1285880365442367498
1285880463555309568
1285880530458689541
1285880911666569217
1285881105586049024
1285881412264984579
1285882306000027649
1285882358629978114
1285883171305734144
1285883957339402240
1285884869994852353
1285884986743234561
1285886642213941248
1285887296844201985
1285887388993179653
1285887405044555782
1285887894494814208
1285888355767668736
1285888777148411909
1285889200575913985
1285889344973107200
1285889412212109312
1285889447695978496
1285889586170933248
1285889681759100929
1285890926234214400
1285891223945871362
1285891321731993601
1285891332205150210
1285891441508732935
1285891514191745024
1285891629509992450
1285891675634761728
1285892483407179776
1285892773283917824
1285893163601862657
1285893501545259008
1285893610412507136
1285893746010161154
1285893990928093185
1285894336874450944
1285895145934729216
1285895157167075330
1285895208136249344
1285895347366014976
1285895523648573440
1285895576576389120
1285896073924534272
1285896178916298753
1285896455094276097
1285896511272828928
1285898035998990338
1285898172263522304
1285898213208190979
1285898310897762305
1285898424613834752
1285898438274580480
1285898647008186369
1285898794685652993
1285899485265051649
1285899514600214528
1285899515162030080
1285900187970555904
1285900996745531393
1285901050604650497
1285901491484729345
1285901565614862336
1285901990153854976
1285902300310056960
1285902313241169922
1285902663557746690
1285902782789279744
1285902796957593600
1285903729250664451
1285903921966452736
1285904184420622341
1285904771552104449
1285904995846631424
1285905084325535744
1285905159680339968
1285905164977803264
1285905703308275714
1285905970389016577
1285906222626082816
1285906658808475649
1285907127874322432
1285907440110895104
1285907887446011904
1285908142010793986
1285908249930326017
1285908312442015746
1285908408214917120
1285908443736481793
1285908583868059648
1285908694241353728
1285908726327709696
1285908828781981697
1285909206516797442
1285909314067214343
1285909534586830848
1285909627020902400
1285909627645960198
1285911010683973634
1285911128959262722
1285911285184507904
1285911383192801281
1285911459923292162
1285911612465938433
1285911613631954947
1285911890137317379
1285911973251526659
1285912139635601410
1285912203892346883
1285912292429832192
1285912377045786624
1285912520977526792
1285912586391883776
1285912760610627584
1285912769196363782
1285912928399626240
1285912973610016768
1285913097513951232
1285913337734344706
1285913629582188546
1285913713975992321
1285914106889932801
1285914225186009088
1285914304991186945
1285914499346825216
1285914503847325697
1285914734508691457
1285914845460791296
1285914885998743553
1285915046334418944
1285915049274609673
1285915134943064066
1285915187095252998
1285915224009318400
1285915239704395776
1285915310281957376
1285915344343904256
1285915381073186816
1285915437612572672
1285915440452186113
1285915517333778438
1285915524942225415
1285915654785294337
1285915724834394114
1285915729787867138
1285915759848370177
1285916052682047492
1285916155274821639
1285916202800300033
1285916266998501376
1285916402050830336
1285916456899796993
1285916904629112832
1285916928473735168
1285917053380112386
1285917145369440256
1285917194145210368
1285917385837481986
1285917500048277504
1285918026173423616
1285918149712334849
1285918200081920002
1285918308651266049
1285918741201588225
1285918799909322753
1285919045951389698
1285919412592062472
1285919441100955650
1285919543949434881
1285919642637209606
1285919873151971329
1285920235929952258
1285920319769686017
1285920408525471745
1285920443879297024
1285920535944114176
1285920596619137025
1285920622904774657
1285920676797267968
1285920715170971650
1285920992989077512
1285921081786798080
1285921158685229056
1285921219204624394
1285921364889808901
1285921501418532866
1285921530120155146
1285921552928698370
1285922758631854080
1285922849643995136
1285922962206527493
1285923179257638913
1285923710436876288
1285923917937483782
1285924045997977601
1285924225820180481
1285924669942620160
1285924973933137920
1285925067579289600
1285925115612585989
1285925221934014465
1285925608392884230
1285925914388434944
1285926265409732608
1285926308828966913
1285926593253310465
1285926706176393219
1285926707396931584
1285926708701347841
1285926709313671169
1285927002671906821
1285927676998557701
1285927725329416200
1285928080276684802
1285928095510343681
1285928205573029888
1285928258677223424
1285928289291231233
1285928317737209856
1285928782440931328
1285928902200709121
1285929107340099585
1285929533154250752
1285929743892676608
1285929838071689216
1285930141496074241
1285930187318874112
1285930367648559106
1285930656271343616
1285930932583698434
1285930952540278786
1285931091602411522
1285931339515125763
1285931694411964416
1285931708957720576
1285931778398658563
1285931911358099456
1285932248571580417
1285932250912047104
1285932406940278785
1285932819185905664
1285932958176641026
1285932958650687490
1285933489947385861
1285933642041221125
1285933856886009856
1285934231357739010
1285934898293989376
1285935089768112129
1285935334614872072
1285935478802452480
1285935846684790785
1285935921389604865
1285935951043268608
1285936195789357058
1285937259649392651
1285937472954826758
1285937814304153601
1285937827004313605
1285937867877908480
1285938193704128514
1285938619476332547
1285938695670030336
1285938859352690689
1285939542956990465
1285939563177836545
1285939698104512515
1285939763112038406
1285939823669178369
1285940833049628673
1285940999353782272
1285941685944381447
1285941764373741572
1285941949204234242
1285941992535531520
1285942551644643328
1285942566643314690
1285942671324913671
1285942691369541632
1285943439809482752
1285943460399382531
1285943664452214784
1285944349730066434
1285944595579371520
1285944614118141953
1285945258904301568
1285945379125555200
1285945504761892864
1285945817497513985
1285946886994657285
1285946950228086785
1285946952992149504
1285946987981017088
1285947012500914183
1285947053869355014
1285947619450159104
1285948274357272576
1285948338869870595
1285948353818382337
1285948910083735559
1285948978740244482
1285949058658402304
1285949278175875072
1285949394597163019
1285949641629077507
1285949840212385792
1285950052234596354
1285950281902100481
1285950644356972547
1285950670210826240
1285951057965744128
1285951267014086656
1285951361478262787
1285951642639241216
1285951967295008770
1285952237504802816
1285952468984242177
1285953036427436032
1285953441295147011
1285953529870315520
1285954249751515136
1285954348518969345
1285954359805849600
1285954363853279233
1285954396954808320
1285954698827255808
1285954829618216960
1285954831694401541
1285954934358384640
1285954937801904128
1285955118693851136
1285955917842915328
1285956050747678728
1285956109757546496
1285956166686629889
1285956368877457408
1285956442458075137
1285956816665407489
1285956817818918912
1285956864975556608
1285956960664334336
1285957334771159053
1285957957935603719
1285958048251547648
1285958054824103937
1285958302338297856
1285958307300151297
1285958530034540544
1285958665359577090
1285958772104540163
1285959216927248385
1285959615788744704
1285959664719605760
1285959728586207232
1285960181575290880
1285960317084635136
1285961129332703233
1285961170269216769
1285961413622734854
1285961554832306179
1285961616375382016
1285962245785169922
1285962362827104257
1285962585016168451
1285962661268791296
1285962666796879874
1285963050063990785
1285963328813228032
1285963336752992256
1285963582505652224
1285964049767858178
1285964326101307392
1285964577436573697
1285964991351394305
1285965237439455233
1285965412866428932
1285965538435444741
1285965784288763905
1285965893076426757
1285966078821183492
1285966086278533120
1285966220127277062
1285966376297828353
1285966386209206274
1285966641856163842
1285966896723107840
1285967018328547329
1285967317864783872
1285967345840795648
1285967466963795968
1285967595145965568
1285967790415863808
1285967883009490945
1285968043559006210
1285968391019417601
1285968486452387840
1285968660956356608
1285968848450211840
1285969364257083392
1285969548366290944
1285970309997146113
1285970516067655692
1285970651027697669
1285970758695608321
1285970784234754048
1285970949586792451
1285971145775173634
1285971188573802498
1285971270161575937
1285971372641067008
1285971969788321792
1285972365529116672
1285972387368857601
1285972428821270528
1285972521452482561
1285972533976719365
1285973376599838723
1285973489455820802
1285973858659577856
1285973962661531650
1285974016419921920
1285974205218140167
1285974212969144320
1285974321089961986
1285974467135410177
1285974682496368640
1285974722019315713
1285974802809925633
1285974941813346304
1285975162349744128
1285975280977195008
1285975482584821765
1285975868058329088
1285976056453898241
1285976384435826693
1285976574320410628
1285976665118531585
1285977164517568512
1285977728433262592
1285977936655519744
1285978157900800001
1285978264356429824
1285978312666501121
1285978614786293762
1285978787298107392
1285978947134595072
1285979044610215936
1285979743016357890
1285979753296666628
1285979831335878657
1285979912109731841
1285980722721959936
1285980755156508672
1285981231423913990
1285981716860084224
1285981743783317506
1285981812683137025
1285981834040532994
1285981837983195136
1285982365890875392
1285982668388171776
1285982961716858880
1285982965546262528
1285983976608468994
1285984353374396416
1285984408663732226
1285984516696182784
1285984656630984704
1285984665732554755
1285985213860855809
1285985221704323077
1285985318634688515
1285985566333587457
1285985660701220865
1285986049387364353
1285987109132623872
1285987133115846657
1285987183577440259
1285987270563168257
1285987502726230016
1285987865113985025
1285987875545284608
1285987990028914689
1285988846044405761
1285988917729206273
1285989207844859904
1285989251126046723
1285989351890067457
1285989604705828864
1285989742501339136
1285989754262056960
1285989755692486657
1285989832393555968
1285990271763705861
1285990482468904971
1285990899969908737
1285990958350372867
1285991180761731074
1285991500418109440
1285991605284081664
1285991640176328704
1285991680404054017
1285991955361660928
1285992308987564052
1285992364637474817
1285992451405225984
1285992491251052544
1285992562617196544
1285992658909921280
1285992666203926534
1285993052604108801
1285993567425617921
1285993786146000899
1285993801891352576
1285993991960395777
1285994038647300097
1285994213428142080
1285994539199725578
1285994564264890370
1285994583449632769
1285994717948321793
1285994939160186883
1285994972668256257
1285994985280675840
1285995069279891457
1285995346158432256
1285995671691112449
1285995710442287104
1285996023265939456
1285996039988625408
1285996050566664192
1285996282914512898
1285996412526833664
1285996454998417408
1285996485490946051
1285996663958581251
1285996808720850949
1285997037347954688
1285997052355153920
1285997071657467910
1285997074388004865
1285997229531181056
1285997545248878592
1285997792461312008
1285997980785561602
1285998220565532673
1285998852214947841
1285998952748204032
1285999268206018560
1285999562503720961
1285999943497506817
1286000567853051906
1286000615383080960
1286000643476525056
1286000749432971265
1286001570627248136
1286001747312300032
1286002156194205696
1286002180655386626
1286002300889313280
1286002686941442048
1286002805669416960
1286003547331592192
1286003746993045505
1286003889960091651
1286003961011621888
1286004117131984896
1286004151613362176
1286004305573617671
1286004922975170560
1286004944097566721
1286004992630038538
1286005112654237697
1286005170208411655
1286005527533760513
1286005719553249281
1286005722220814338
1286005744211566596
1286005887291854848
1286005905566445568
1286006086173163521
1286006160366108672
1286006714391842816
1286006914162274305
1286007065534758912
1286007255708491776
1286007414534426636
1286007496285368325
1286007627818786816
1286007766893703168
1286008332160032768
1286008693562257413
1286008829432549377
1286008887754338304
1286008930259341312
1286009157506785282
1286009269645725697
1286009674593075201
1286009809729282048
1286010304380514306
1286010520060014592
1286010581229735936
1286010849661005825
1286010988991582208
1286011051218104320
1286011117727125504
1286012151933603841
1286012183831351298
1286012396667113473
1286012541060018176
1286012567870156800
1286012626900791296
1286012647746355200
1286012967126007815
1286013231325237251
1286013349470380032
1286013356613263363
1286013387198144513
1286013527698935808
1286013911444213762
1286014033200521216
1286014432229826561
1286014446758850566
1286014862716477441
1286015284076335104
1286015379328958464
1286015595876581376
1286015937251024896
1286015941558636544
1286015962735611906
1286016093824450561
1286016465603366913
1286016858790002689
1286016931309350912
1286016939618263040
1286017254967193601
1286017264895000577
1286017695159394305
1286018000043282439
1286018066191659008
1286018222786052102
1286018706146054147
1286019469052084224
1286019643308748802
1286019653857357824
1286019690838601733
1286019695368458252
1286019945554477059
1286020117021818883
1286020135036366850
1286020319820611585
1286020433112899586
1286020752169472000
1286020899154669568
1286020918804873218
1286021104994324480
1286021121721143297
1286021193166880768
1286021229262983168
1286021296195801089
1286021461296263168
1286021527570395139
1286021895444455424
1286022277113491456
1286022277461671938
1286022588980846593
1286022638570295298
1286022696787206144
1286022718299799552
1286022943156375554
1286022949166874624
1286023088073846786
1286023092758880256
1286023163839684613
1286023266969292806
1286023486398509059
1286024068077096962
1286024078227386369
1286024392493932544
1286024763316539399
1286025276347097089
1286025473810628611
1286025785271365641
1286025865365557248
1286025920306991107
1286025929928642567
1286025962988007424
1286026697729548291
1286026890311077888
1286027379123593216
1286027434098167808
1286027678760554496
1286027956674940928
1286028222463987714
1286028290017439744
1286028401120337920
1286028401787240450
1286028418442768384
1286028441679286272
1286028636315934723
1286028773494841344
1286028848316977153
1286029010326167552
1286029060682981378
1286029149379977218
1286029258683568134
1286029298999209987
1286029439344623616
1286029546026926080
1286029556449792001
1286029774217936900
1286029926362230785
1286030234588975105
1286030299198038022
1286030389564252161
1286030483420151810
1286030651435753472
1286030717093392386
1286030954197286915
1286031135756046336
1286031309731766272
1286031587117694976
1286031686610952192
1286031770761265152
1286031900109242369
1286031903464644609
1286031904513257473
1286032042652839938
1286032135850254337
1286032523550527491
1286032542383120384
1286032638550183937
1286032790438293504
1286032871514230784
1286032997028945922
1286032998673129480
1286033001890095110
1286033028721115136
1286033101391634433
1286033143208849409
1286033171797233666
1286033303146049544
1286033348943437824
1286033412659138560
1286033507819585540
1286033772899696642
1286033867464376322
1286033907989831680
1286034058221195264
1286034972239958017
1286035100988309513
1286035134999867392
1286036096489594881
1286036248340160513
1286036290937528320
1286036348974051329
1286036568260653056
1286036652410966017
1286036686430859264
1286036779796176900
1286037030363959296
1286037126480646144
1286037142226051072
1286037238065836032
1286037815730401281
1286038005417943040
1286038616788086784
1286038945885642753
1286038975468244994
1286039289290280961
1286039348513845248
1286039411432534022
1286039461416128515
1286039613723877376
1286039650348478465
1286039933837365248
1286039966229856257
1286040010874064900
1286040017618513921
1286041245505249282
1286041626754912257
1286041883379105795
1286042172605825028
1286042186434445316
1286042705987096579
1286042790665826306
1286043236507713537
1286043237434548224
1286043256678055936
1286043276601171976
1286043414195245057
1286043652146499585
1286043799286886400
1286043817674596352
1286043843385798656
1286043933911457795
1286044202627997699
1286044464604155904
1286044480143949826
1286044486003351552
1286044651082981376
1286044713791959043
1286045046450475009
1286045054960836614
1286045108706643970
1286045430288187393
1286045468842242048
1286045568318484480
1286045600396521472
1286045607094890502
1286045609066102788
1286045787097530368
1286045899450249216
1286045902340149248
1286046065909792769
1286046270419800065
1286046673144250369
1286046690458456065
1286046712675655683
1286046857479761922
1286047134052048896
1286047698098049026
1286047965950414848
1286048427760132104
1286048479844995074
1286048707507519495
1286048710150041600
1286049494732169217
1286049549564420100
1286049787880644609
1286050204798668800
1286050434386481158
1286050447770476544
1286050997861834753
1286051365706330114
1286051492068294657
1286051878166499332
1286051958487474181
1286052275266387968
1286052660714409984
1286052775697276928
1286052788447870979
1286052938809573376
1286053183618514945
1286053292120907779
1286053524061773826
1286053626537025549
1286053702252605440
1286053773320822790
1286053824147476481
1286053827465170952
1286054141442191360
1286054155434561536
1286054296279085056
1286054298405593088
1286054341661597698
1286054412717297664
1286054753265491969
1286055091712262145
1286055297170042882
1286055328254242819
1286055528809017346
1286055556776632321
1286055891834306560
1286056025833877504
1286056026891079686
1286056164497793024
1286056769584877569
1286056822231662600
1286057191561199617
1286057255855632384
1286057564011204609
1286057837932748800
1286058417958854657
1286058764706222080
1286059213253353473
1286059328714113024
1286059346929963008
1286059353917632512
1286059504367480837
1286059867275493378
1286060129511706625
1286060329705897985
1286060502104211456
1286061907301081090
1286061981523271680
1286062227850539008
1286062367374217217
1286063439438217216
1286063740849254400
1286063799791837184
1286063814207774722
1286063974551707648
1286064286499037184
1286064289250447362
1286064439259611136
1286064696433561602
1286064977070247938
1286065012822302720
1286065078018736133
1286065818896420866
1286066063680180225
1286066369302269959
1286066576719044608
1286066734261297152
1286066789235843078
1286066858529939456
1286066872069189632
1286067025207595008
1286067426992545792
1286067714356895747
1286067770602541056
1286067939423264768
1286067979675766785
1286068255036190722
1286068534989041664
1286068651993362432
1286068834437218304
1286068973843472386
1286069264793837569
1286069383849181185
1286069456771440640
1286069587289800704
1286069969642496003
1286070325680189441
1286070725800005632
1286070920830840833
1286071084375314432
1286071620642144256
1286071637037723648
1286071886804221952
1286072519095660547
1286073206647001088
1286073390407864322
1286073688501166086
1286073760328699905
1286073975890743297
1286074919089037314
1286075069660368896
1286075488612438016
1286075571441721350
1286075828757884929
1286075884512972803
1286075952435531787
1286076234204622854
1286076381852504065
1286076414937239552
1286076435069886465
1286076772979744769
1286076850008133632
1286076948003749888
1286076948880351233
1286076950549651456
1286077112676384770
1286077861229551616
1286078231544770561
1286078261869441024
1286078387237212160
1286078536642711557
1286078578937876481
1286078586256912384
1286078587699736576
1286078590430277632
1286078748534677509
1286078827366678531
1286079360559063041
1286079664562360320
1286080340138885121
1286080847343386625
1286081720094162948
1286081870669766657
1286082288976109568
1286082633517023233
1286082927777009666
1286083686341976066
1286083891065950209
1286083976088756228
1286084195958370305
1286084485298126848
1286084588733968385
1286084765347647489
1286085047934648324
1286085420187635712
1286085434091634690
1286085502744121346
1286085572637925376
1286085577629143052
1286085604388806661
1286086417492434944
1286086579518353409
1286086661424787456
1286087129349619717
1286087933842329600
1286088033259986945
1286088146820706313
1286088164545900547
1286088232313159681
1286088392321761287
1286088551965302784
1286088599818121216
1286088938168422403
1286088965548892160
1286089103700893697
1286089305027379202
1286089366683766784
1286089639615434753
1286089807056105472
1286089848122519553
1286089885007466496
1286089907224469504
1286089909074182144
1286089910940610560
1286090172803801088
1286090374658830336
1286090734869843970
1286090797595742208
1286090856550879232
1286091057764212737
1286091463873323009
1286091582832365569
1286091763036196864
1286091846943473664
1286091920251351041
1286091921371275264
1286092023100051457
1286092055614304257
1286092095166570496
1286092231968002048
1286092368425422848
1286092549590069250
1286092584390017024
1286092607798628353
1286092911738839040
1286093160771391489
1286093260973314048
1286093503496441857
1286093715652505600
1286093870913269760
1286094396061028353
1286094434208296965
1286094771698638848
1286094939332448257
1286094996182126593
1286095317939548160
1286095583183331330
1286096560632352769
1286096902124113922
1286096977055436806
1286097108517425152
1286097472599842816
1286097784786092032
1286098225259323393
1286098290539261953
1286098419644276736
1286098443333591040
1286098618651418624
1286098619972624386
1286098878610145281
1286099110291034113
1286099204205617152
1286099264444170240
1286099513346863105
1286099804653858819
1286100025349746691
1286100123714560001
1286101061900656641
1286101485546283010
1286101731898728448
1286101907178758144
1286102070374936578
1286102131032850436
1286102365683187712
1286102492980359170
1286102772224581633
1286102950696214529
1286103062667395072
1286103137250615301
1286103137619775489
1286103183278866432
1286103579078557705
1286103807441743872
1286104010399846400
1286104432011288583
1286104501997379585
1286104950196633603
1286105213258960896
1286105415726448640
1286105917600210945
1286106143522201601
1286106851021529089
1286106889483214848
1286106889546158080
1286106892109053959
1286106893333573632
1286106894407364609
1286107129645064198
1286107519614693376
1286107587197448195
1286107623734091776
1286108004010663937
1286108423399055362
1286108871396855811
1286109583455510529
1286109933428183040
1286109963178455047
1286110556601057281
1286110621478592519
1286111057694556165
1286111307461275649
1286111391569588228
1286111396644696064
1286111764367716352
1286112134926151682
1286112161304125440
1286112287602900993
1286112825874800642
1286112955566759939
1286115362191347713
1286115954083102725
1286116180885897224
1286116220652195842
1286116362323144704
1286116479461720066
1286116483303723009
1286117027917291522
1286117714621272069
1286118566761291777
1286118719513661444
1286118950498119687
1286119142886604805
1286119341084143616
1286119371576881152
1286119475381764096
1286119513562521600
1286119764130238464
1286120034268577793
1286120084004577280
1286120204536287233
1286120299356778501
1286120783346110467
1286121311224451073
1286121622223503360
1286121625402798080
1286121627864842241
1286122488750014464
1286122904053329920
1286122937276301315
1286123031979421696
1286123263622393857
1286123492136464385
1286124193650806784
1286124200177041409
1286124232234205184
1286124806941945856
1286125045081751557
1286125480031268864
1286125581021728770
1286125628325072897
1286125777096970240
1286126044064485377
1286126048539807745
1286126148485812225
1286126492456554497
1286126606654857216
1286126710786842624
1286126770169827328
1286126778419904514
1286127174894968834
1286127709832261632
1286127765197074440
1286127799993012225
1286128548009463809
1286128726636474368
1286128732764282881
1286128819041177601
1286128901752840193
1286128938612293634
1286129811006652417
1286130304625700867
1286130965811810304
1286131046094954499
1286131114562682881
1286131534056095745
1286131637634453504
1286131749232218112
1286131785865351168
1286132333272342528
1286132461198598145
1286132799838199808
1286132823502532609
1286132826799300608
1286132879425253377
1286133102117638146
1286133340324560896
1286133341641519104
1286134022540857345
1286134354348040192
1286134757235896321
1286134790685679619
1286134826781888513
1286135242512900097
1286135414500270080
1286135578526973953
1286135870899265536
1286135929162420224
1286136303306776576
1286136577861836805
1286136712482045952
1286136714960891910
1286136972826746882
1286137655667961856
1286138427113693185
1286138994900832257
1286139568098553857
1286139585601449986
1286140033389535232
1286140228214947845
1286140669929512960
1286140858522144768
1286140954211213319
1286141265118019584
1286141301881278466
1286143033185009664
1286143047013670917
1286143444319178752
1286143919198212096
1286144305011204096
1286144395180306433
1286144610952241156
1286144806608162816
1286145005518753792
1286145028390129665
1286145328173821953
1286145657506598921
1286145712636547073
1286146044364021763
1286146965806485505
1286147030365003776
1286147033028366337
1286147547820625922
1286147594004172801
1286147840582934529
1286148047861211137
1286150219932016640
1286150249321574401
1286151093190373376
1286151537635528705
1286151622373052416
1286151689100120064
1286151689095901185
1286151786399580160
1286152053346242561
1286152349258592257
1286152610215374848
1286153033248841729
1286153168095784960
1286153902279266306
1286154554330025986
1286154687650045952
