1273473119479640065
1273474470246846464
1273475591745024000
1273475670652317696
1273476320736010242
1273476715524747264
1273476783581433857
1273476938112339968
1273477448517259264
1273477473494335490
1273477546714238976
1273478065667137536
1273478953819226112
1273479342392311810
1273479483023142912
1273479644168122373
1273479791765848065
1273479927162003457
1273479951258353665
1273479959521251328
1273479968253636610
1273480000403124224
1273480075984297988
1273480196667179008
1273480208029495296
1273480377319878656
1273480600574443522
1273480640760090624
1273480872793042945
1273480909661011968
1273481086291652608
1273481201903271936
1273481474189205504
1273481801173012481
1273481828721025024
1273482003585826822
1273482160066920448
1273482644068667394
1273482890421194757
1273482956703698944
1273483148970655744
1273483160563613696
1273483723309068288
1273483734096936960
1273483770922967040
1273484271131357184
1273484339876114432
1273485543356203009
1273486016553385984
1273486514350161920
1273486662987808768
1273486778394193920
1273486795129393152
1273486966177304578
1273487022007541760
1273487226375192576
1273487926371004417
1273488556657270785
1273488924850245633
1273489682140200962
1273491124380893184
1273491361497374721
1273491592955990016
1273493029165256704
1273493030230568960
1273493457743622144
1273495881745039361
1273496073261256704
1273496165523300354
1273496300529434626
1273496300768464896
1273496341772144640
1273496541781688322
1273496796476530690
1273496797562851328
1273497776970555392
1273498578456059904
1273499048675127299
1273499239004409857
1273499571025575936
1273499709559226368
1273500952415346690
1273500965807820800
1273500976377364481
1273501013232824320
1273501354187767808
1273501392825716736
1273501861329469443
1273501908162863105
1273502314683199488
1273502331078770688
1273502664471515137
1273503104848105473
1273503251237761032
1273503782337482752
1273503799307653120
1273504989512687616
1273505536563167232
1273505786111709184
1273506175515066369
1273507073691725824
1273507381239058432
1273507478773420033
1273507481273188352
1273508009973387265
1273508157747167232
1273508563533643779
1273508590737698817
1273509215898910721
1273509259305771008
1273509856931184640
1273510051525922817
1273510320020099072
1273510409782341634
1273510950407213056
1273511718598127618
1273512700711104513
1273513171588874243
1273513417240961024
1273513763522482176
1273514120202072070
1273514461106589696
1273514791689048064
1273514870932221953
1273515465877401600
1273515548941455362
1273515574031552512
1273515850713182209
1273516317157572614
1273516786818965504
1273516800857300992
1273517436021637120
1273518333254647809
1273518381161906182
1273518455791202305
1273518676839477248
1273518768497610752
1273519120718454784
1273519369645993984
1273519591852068864
1273519600483909632
1273520328354848768
1273520667166560257
1273521053449453568
1273521531684032512
1273521753214590976
1273521858806194176
1273522189275475968
1273522257458008064
1273522324030009344
1273522403885436928
1273522408012439554
1273522981445099522
1273523404021383169
1273523658720292864
1273523799082795013
1273524333546094593
1273525437394796546
1273525961200467973
1273526142612328450
1273526186631667719
1273526246455083008
1273526262267555842
1273526306114764801
1273526540718845953
1273526765613395971
1273527127309238272
1273527782518280192
1273528015398584326
1273528799699894272
1273528803747397632
1273528959137914880
1273528997243125761
1273529512219852800
1273529886561513472
1273530097904103424
1273530814052040705
1273530834218364928
1273531193372352512
1273531224288460800
1273531254445690882
1273531599389425664
1273531667941068802
1273531730666893314
1273531835880898560
1273531942391218176
1273532244506918913
1273532402858635264
1273532710678679555
1273532713866158087
1273532870892478465
1273532884545089537
1273532934205706241
1273533202393632768
1273533394132099077
1273533456673394688
1273533516861579265
1273533591297970176
1273533820222881792
1273534272830406657
1273534377197211653
1273534483057250304
1273534833248006144
1273535189080104960
1273535197879906304
1273535595743260672
1273535630526631936
1273535813737828352
1273535916200648705
1273536458792620033
1273536480028303361
1273536500454641664
1273536839601848325
1273536896950587399
1273537068249931778
1273537194939109376
1273537237846720512
1273537451659636736
1273537986337083395
1273538166536966147
1273538190666862592
1273538303753621505
1273538579562508289
1273538603109449728
1273538764497989632
1273538940449030144
1273539373447987200
1273539418905890816
1273539691707535361
1273539942082392064
1273540150069354496
1273540705365839872
1273540882222821377
1273540976724721670
1273540979203563520
1273541214692937728
1273541375686930433
1273541596315742208
1273541948150894593
1273542231886925826
1273542480634408962
1273542864727924736
1273543179602542592
1273543407495864320
1273543731384328193
1273543818231545861
1273544978501906432
1273544995664846848
1273545029471145985
1273545050492985352
1273545062387941376
1273545146769031169
1273545202301497344
1273545580875116550
1273545874182823937
1273545876649259008
1273546489323798528
1273546835848769542
1273546846116311040
1273547269929910273
1273548366555856896
1273548553827217408
1273548595107676160
1273548601181065217
1273548986738237440
1273549552268619777
1273549584850202625
1273549931060617216
1273550096643350529
1273550414869344256
1273550443340316675
1273550636945149953
1273550907972579328
1273550910166192128
1273551123798847488
1273551543753678848
1273551573600415744
1273551801871216640
1273551933370966021
1273552394870075392
1273552550973919232
1273552585044234241
1273552843379806210
1273552930281381888
1273553134946844673
1273553242656509953
1273554117147922433
1273554224266313734
1273554402218061824
1273554535173066754
1273554577074380800
1273554649224630272
1273554860663685127
1273555194249437184
1273555228021919746
1273555281428066316
1273555313929707521
1273555322339287040
1273555562299453440
1273555658198052866
1273555735843127296
1273555768491544576
1273555938931208192
1273555981377720320
1273556001170419713
1273556110839099392
1273556910466314243
1273557074379599873
1273557115714637830
1273557167480672258
1273557245339545601
1273557308958740481
1273557329397592064
1273557347173097473
1273559107811721216
1273559131467780097
1273559216163139584
1273559731286745089
1273559842779774982
1273560437527924736
1273560692335968258
1273561704736030721
1273562099512467456
1273562298456694785
1273562774497636354
1273563259132575744
1273563344507723776
1273563501756182530
1273563647651045377
1273564197897584648
1273564883846602754
1273565262332166150
1273565302853435395
1273565303373361154
1273565579035770880
1273565630176739329
1273565676016267264
1273565819742584833
1273566559282302977
1273567073998909440
1273567272074952704
1273567482230571011
1273567631082164227
1273567641102364673
1273567845755105280
1273568322957783043
1273568366486315009
1273568942737575937
1273569147729960960
1273569706520317953
1273569767660683264
1273569891682070528
1273570395900297222
1273570441714700289
1273570610124226560
1273570882485714949
1273571427128619013
1273571488939929601
1273571762651967488
1273571940054241280
1273572047684136960
1273572048904679424
1273572050074886146
1273572084711665664
1273572217192775680
1273572386869256196
1273572617849430021
1273572985589452801
1273573137406480385
1273574054952415233
1273574278970163200
1273574616691171329
1273574902197628929
1273575187892498433
1273575606349967371
1273575756464041984
1273575859258044416
1273575884440530945
1273576056784551941
1273576331935207424
1273576346849906692
1273576465284677637
1273576934925119488
1273577161996349440
1273577511264432128
1273577696648482816
1273577702025543680
1273577983488528385
1273577993995202561
1273578402499436547
1273578689918312448
1273578765600411650
1273578784739000321
1273578836551229450
1273579361707462659
1273580231270555648
1273580296491892737
1273580445406425088
1273580696699723781
1273580757978677250
1273581108408356864
1273581261387452417
1273581300071497728
1273581955246948353
1273581974326837251
1273582314677768194
1273582402452013056
1273583172777914369
1273583374909665280
1273583389401120769
1273583549304750081
1273583671363198976
1273583788577210371
1273583933700157442
1273583969498431488
1273584299749433345
1273584810133540865
1273584812998131712
1273584940052090887
1273585260098281473
1273585312447582209
1273585386967662592
1273586012229427202
1273586153367539713
1273586167733256193
1273586442061721605
1273586715307831297
1273586877656788992
1273586889094619137
1273587146876522497
1273587146884972544
1273587580487909376
1273587675300233216
1273587698876514306
1273588055660789762
1273588533270323200
1273588698769174535
1273588861885648896
1273589169923584004
1273589278073913345
1273589658052485122
1273589961669906439
1273589989260038145
1273590006028918787
1273590455280820225
1273590523111055362
1273590551200366593
1273590996505255936
1273591296834207749
1273591832287612929
1273592566873821186
1273592874316320769
1273593533274955777
1273593766520160256
1273593879149842433
1273593898091372548
1273594120464936962
1273594145483956225
1273594319920861184
1273594468348952576
1273594663363055618
1273594788932202496
1273595029064482817
1273595108588388354
1273595207867494400
1273595576584736768
1273595579797516288
1273595616212455425
1273595723431448580
1273595861499547649
1273596311250644992
1273596448253378561
1273596638532120588
1273596914366218240
1273597196248760320
1273597219707318272
1273598045998002176
1273598152122208261
1273598250071674881
1273598425058013185
1273598825375109121
1273598875283095553
1273598896544124928
1273598998260011008
1273599228015763456
1273599275423817729
1273599276334166016
1273599281010823169
1273599461282009091
1273599694921273350
1273599992465416193
1273600068600229889
1273600133658075136
1273600353628352512
1273600747720994816
1273600781334138880
1273600903271063552
1273601121219538944
1273601136906211328
1273601151045427202
1273601269643595776
1273601606995415042
1273601862399336450
1273602038442721281
1273602240637480962
1273602310887936011
1273602386787856387
1273602437732085761
1273602484263694339
1273602551187980296
1273602816309854209
1273603184079122432
1273603258003513344
1273603279101005824
1273603443089956866
1273603707247169539
1273603915183874051
1273604048936226816
1273604227055714307
1273604492471173120
1273604521466478594
1273604788941254656
1273604998321049600
1273605220879171586
1273605596281962497
1273605695846387712
1273605718348709888
1273606895950069760
1273606896495271936
1273607251182395393
1273607416932790272
1273607683162148869
1273608033843757057
1273608162160107522
1273608419828805632
1273608563437588481
1273608828668559360
1273608831734550530
1273608923036123136
1273609310245916675
1273609555751038976
1273609641449185280
1273609790648987652
1273609910916431879
1273610146737008642
1273610613265227776
1273610682538373120
1273610826415513602
1273610907306909699
1273611222085062661
1273611613480910851
1273612082634727433
1273612179552505858
1273612228521009159
1273612271118364673
1273612403071168512
1273612745074634752
1273613039057670149
1273613052714332162
1273613472865980418
1273613549428973568
1273613700415369217
1273614049280880640
1273614222853881856
1273615019989704706
1273615149920694273
1273615435519479808
1273615588905160705
1273615679397203968
1273616263122731010
1273616339827961857
1273616558124724231
1273616668745441282
1273616717789478934
1273617040595660800
1273617082429685760
1273617101362610178
1273617224805126149
1273617255113334785
1273617785927524352
1273617836389339145
1273618047710961664
1273618109979430912
1273618418722377729
1273618551698591745
1273618744770584577
1273619021535932416
1273619153593778188
1273619335358136320
1273619394279739393
1273620508819337216
1273620720115998726
1273620829759135745
1273620841339781121
1273621111356510208
1273621516735954945
1273621670910062594
1273622128667930630
1273622184976699398
1273622393727209477
1273622583573917696
1273622913258860546
1273623132662894594
1273623949507792897
1273623968696713217
1273624004939649025
1273624318358851584
1273624321500557313
1273624803681931277
1273624853279621123
1273625003825729542
1273625074986344450
1273625342737965057
1273625424313098241
1273626149265059842
1273626209491070982
1273626391414620160
1273626448616513536
1273626533807173632
1273626856949002242
1273626987245043712
1273627041229869058
1273627546995875840
1273627570026807300
1273627894086987776
1273628463346397185
1273628714752806912
1273628717206601730
1273628870118268928
1273628888040566786
1273629058157461505
1273629151333883905
1273630022784495619
1273630056754155521
1273630200517935109
1273630234215165952
1273630261750583296
1273630316515622912
1273630416658935811
1273630455552671745
1273630655675588609
1273630675653079042
1273630832545144838
1273630838937333763
1273631010681499650
1273631376210886656
1273631483572486144
1273631485300477953
1273631487242448899
1273631588337754112
1273631665710039046
1273631914713325573
1273632081302523904
1273632245476139011
1273632344029704193
1273632447079477251
1273632451013664768
1273632645826502662
1273632704009920514
1273633322615418881
1273633408837550080
1273633579743010816
1273633643018272769
1273633742897242112
1273633852846637060
1273633915710984193
1273634095038443527
1273634346575036418
1273634573243551748
1273634751874772993
1273634858376577024
1273635147364130816
1273635249826775042
1273635506509811716
1273635605847695362
1273635627414753284
1273635638571675648
1273635644561072135
1273635722327556096
1273636062510960640
1273636329486716929
1273636403356880896
1273636475222056963
1273636642612482048
1273636687080538115
1273636697281003521
1273636770928898048
1273636810812526594
1273636864700887041
1273636936440320000
1273637076815228928
1273637101859409923
1273637170486575105
1273637380004761600
1273637447310721024
1273637721697902592
1273637724583591937
1273637865377980425
1273637906771349504
1273637963486892038
1273638005870333953
1273638025680113670
1273638280437907458
1273638393524731904
1273638450714103810
1273638659548344326
1273638802976919554
1273638841908432896
1273639371057631232
1273640160782176256
1273640197264211969
1273640258094223362
1273640305032663040
1273640318282457099
1273640763239391234
1273640935654592513
1273640937953153024
1273641086494351365
1273641305525104643
1273641456364814336
1273641587348824064
1273641599273250818
1273641623130423297
1273641766265196548
1273642061347028992
1273642073250463745
1273642168960376832
1273642907317284865
1273642953265811456
1273642964019970048
1273643071289294849
1273643193511432193
1273643302617780226
1273643340412657669
1273643399137103872
1273643697314451456
1273643704142700544
1273643734270345216
1273643755644600323
1273644194242998277
1273644593666502657
1273644820905459712
1273645289774166028
1273645305683156992
1273645329146093569
1273645719182880769
1273645818797608960
1273646490595086349
1273646563928178688
1273646847035400193
1273646981731233799
1273647312745705474
1273647690166013952
1273647943946567681
1273647965907947520
1273648187446870018
1273648219654778880
1273648295064281092
1273648426320826368
1273648478321811457
1273648575495503872
1273648791170813952
1273649116141236224
1273649250019221512
1273649252380684288
1273649308361986048
1273649433062842373
1273649449856897030
1273649560750080014
1273649599891243014
1273649659895054336
1273649951550119939
1273649956180692992
1273650093900562434
1273650167560847360
1273650221080285193
1273650253095407622
1273650532532584448
1273650595719757824
1273650948674592771
1273650951564517376
1273651095248801795
1273651334152105986
1273651708292411392
1273651824168443904
1273651935653003264
1273652033669693443
1273652151026421763
1273652267191873536
1273652318710480896
1273652335991029760
1273652383206313984
1273653032098676739
1273653075698495488
1273653546093875204
1273654099335135234
1273654386858889216
1273654633823690753
1273654674793664513
1273654928507056129
1273655270208499712
1273655553210945539
1273656250128044043
1273656322777587712
1273656476603682816
1273656783450656768
1273657098195341312
1273657278202347520
1273657298892795904
1273657306815791104
1273657406199914496
1273657429654462467
1273657455625605121
1273657504325607424
1273657542732926978
1273657829765844994
1273657918848729088
1273658300672946176
1273658622602432512
1273659739436654593
1273659822769135624
1273660232833609728
1273660337435430912
1273660373594447873
1273660518327296001
1273660533544288256
1273660559028826114
1273660629472153602
1273661057966497792
1273661097355218946
1273661421868462080
1273661583588237312
1273661957577379840
1273661965798383618
1273662171218694144
1273662724430577664
1273662787844218882
1273663206255460357
1273663294751080450
1273663502289383425
1273663532068995073
1273663539148980230
1273663627095146502
1273663637639639040
1273663652890136579
1273663942246662144
1273664027596673024
1273664043371429888
1273664622814539778
1273664714900492288
1273665108003168261
1273665212588134401
1273665486052626435
1273665499189014528
1273665751778562048
1273666341606653954
1273666568069799936
1273666735003127808
1273666873394171904
1273667113656385542
1273667281906630656
1273667396398702594
1273667430389354498
1273667584173490177
1273667820790964224
1273667871701381122
1273668114203529217
1273668158990278656
1273668264074379266
1273668337088815112
1273668463500898304
1273668514625343488
1273669026267516928
1273669410289573891
1273669416291614721
1273669474655318019
1273669492481146880
1273669540501692421
1273670345564852226
1273670514217824258
1273670518479216640
1273670535310913537
1273671101185503239
1273671115492274176
1273671153375199232
1273671348829794309
1273671530824810497
1273671669962477568
1273671982551269379
1273672417223815171
1273672465776967680
1273672824742346753
1273672870724620289
1273672904488648707
1273673099007930375
1273673140414173185
1273673760764198913
1273673786617933828
1273673890150170625
1273673926317662208
1273673971037138945
1273674138662645762
1273674227225370625
1273674294527213568
1273674405693046785
1273674415411257347
1273674486844456968
1273674554238480384
1273674558193709056
1273674946821206016
1273674947806797825
1273675327311622145
1273675472510095361
1273675618358566912
1273675821467734017
1273676141291765764
1273676271302651913
1273676487774765056
1273676712765784064
1273676752045264896
1273676904604807171
1273677179856003077
1273677271367368706
1273677519099703310
1273677572510035969
1273677633243537408
1273677705192538113
1273678020482662401
1273678449950015489
1273679017556803584
1273679227393470469
1273679263401676802
1273679552150192130
1273679560337481728
1273679599587799050
1273679788545314818
1273680088027082756
1273680262728232963
1273680720846880775
1273680725188005894
1273680775876153346
1273681020382928896
1273681106089521154
1273681142001004544
1273681203250507776
1273681368573251584
1273681433551425537
1273681632554373126
1273681654469492739
1273681672270155777
1273682133635268608
1273682506311782403
1273682748826411011
1273682994050543620
1273683328357543940
1273683789915451393
1273683812866822148
1273684153565876225
1273684514347286529
1273684635973812224
1273684932603371521
1273685087226343425
1273685287294709763
1273685333918584833
1273685506400845827
1273685608758743041
1273685957414457348
1273685987965763584
1273686265850998784
1273686269952962561
1273686287350931461
1273686354912739330
1273686443131428864
1273686451792818176
1273686457190887424
1273686488522293248
1273686633527881728
1273686654038036482
1273686659587018755
1273687176602058752
1273687178984460291
1273687495511887875
1273687665762852868
1273687681487306763
1273688168101969920
1273688272166928391
1273688323324862465
1273688436151652352
1273688529038725120
1273688599750418435
1273688652586123264
1273689157253160960
1273689601442488325
1273689665330122752
1273690350671081472
1273690477620068353
1273690497891160064
1273690841694048262
1273690881317638146
1273690916314845188
1273690921234837504
1273691240647794688
1273691318439620609
1273691460945117185
1273691734103461888
1273692286493343745
1273692836542713856
1273692867756806144
1273692994474999809
1273693078688276480
1273693108014854145
1273693185332649985
1273693277963853827
1273693479751876608
1273693699604692992
1273693738750152707
1273694220243664902
1273694281522429958
1273694428566302726
1273694522443259904
1273694529665761280
1273694533608517637
1273694970063605760
1273695609468452865
1273695714934022144
1273695792327467009
1273695826343272450
1273695875416625152
1273695995965198337
1273696032115904512
1273696120296923137
1273696232951644160
1273696237695447044
1273696365126676480
1273696465295204358
1273696616709529608
1273696687366852608
1273696777200447488
1273696919953510400
1273697185251688449
1273697227693871110
1273697542300196865
1273698164692967424
1273698896401903616
1273698904484253702
1273699236434137094
1273699364909744129
1273699484082544641
1273699624000331778
1273699970940633095
1273699980377808896
1273700332254777345
1273700339657687047
1273700360826368000
1273700620478959617
1273700865535365120
1273700869515759616
1273701142636244992
1273701291211055109
1273701453576757250
1273701793189543938
1273701891214643200
1273702008348971018
1273702453469499395
1273702501716570114
1273702614333566981
1273702644884869121
1273702758374354945
1273702967905062915
1273702967959486464
1273703218774769664
1273703245526044676
1273703282800766978
1273703310281904130
1273703362635104259
1273703722900750342
1273704086358175746
1273704172718678016
1273704227152543747
1273704362406285313
1273704551124738048
1273704689176100865
1273704954230902793
1273705153082929154
1273705298717483009
1273705310775984128
1273705343470747648
1273705458943979520
1273705537910312963
1273705611755245572
1273705654977511424
1273705754877480965
1273705786343120897
1273706267886919680
1273706542601244672
1273706552566972418
1273706807719088128
1273706851864100869
1273706873083039745
1273707079933612033
1273707233348669443
1273707332413927424
1273707362629619712
1273707556125409281
1273707559933956097
1273707701978136576
1273708009076797442
1273708023962370050
1273708056820486145
1273708591833325569
1273708594916208648
1273708842023563264
1273708977189277701
1273709443436470277
1273709580829315076
1273709830461587456
1273709963081396246
1273710075367088131
1273710087408955406
1273710205298073600
1273710424278675459
1273710528779759623
1273710544231583744
1273710557032570880
1273710872276242432
1273711014891204617
1273711145623453696
1273711189923684352
1273711692996841473
1273711778623631377
1273711800673087491
1273711823230054405
1273712190944575488
1273712277154410506
1273712341109145600
1273712810854428672
1273712989779214336
1273713030967308298
1273713093055590411
1273713149947121665
1273713374921134080
1273713642198966272
1273713714957619201
1273713804786970624
1273713963109429248
1273714057334468610
1273714154818482176
1273714226436222992
1273714677575540739
1273715043042054153
1273715050243555331
1273715079314374664
1273715165486288904
1273715823174189057
1273715991248359425
1273716255447560192
1273716543126470658
1273716892381990912
1273716949227319296
1273717100603990017
1273717202122878976
1273717315113226241
1273717806811545603
1273718069987364864
1273718270894407680
1273718300623671296
1273718472351125504
1273718563778502656
1273718589204332547
1273718955304194048
1273719004813758470
1273719174095941633
1273719265800175617
1273719288889847816
1273719308883984386
1273719488135991296
1273719717811945473
1273719915669860352
1273720121543008263
1273720368780455938
1273720498275454977
1273720954741555203
1273721736006156289
1273721845477507073
1273721859335471105
1273722000939323392
1273722019704713222
1273722540368822272
1273722577580634113
1273722809286623241
1273722814684692483
1273722989738156038
1273723285365231617
1273723760022114306
1273723988724908034
1273724297144664065
1273724825312387072
1273725076999979011
1273725183493394432
1273725600403001352
1273725900698378240
1273725955912151042
1273726059008139267
1273726097356722177
1273726139975032837
1273726224217628672
1273726458347782144
1273726524194205696
1273726594893438981
1273726602388606982
1273726676082532360
1273726754490707968
1273726835474522113
1273727485205766144
1273727604852494338
1273727744740921345
1273727864266010625
1273728100019449856
1273728665600299015
1273729618760151042
1273730179416948742
1273730500922937350
1273730640815566850
1273730794650054656
1273730822936440834
1273730939525500934
1273730987202097163
1273731008198856704
1273731306917068802
1273732035987804160
1273732079843450886
1273732491350769669
1273732526725627909
1273732605775474690
1273732836437172230
1273732993417383940
1273733244475899909
1273733411585380353
1273733600433844229
1273733678154354688
1273734445263196166
1273734705825841154
1273734709953146883
1273734890123558914
1273734921111179264
1273735302792851464
1273735379552817155
1273735405800652802
1273735411895074817
1273735550126751746
1273736193427955717
1273736261312876551
1273736285023358976
1273736381320310789
1273736575063646209
1273737037355548673
1273737186358198277
1273737276359618561
1273737731777183747
1273738021322362881
1273738063114653696
1273738798275452928
1273738918748467202
1273738962683727873
1273739138110500868
1273740225198555139
1273740349102530560
1273740390634532864
1273740426672037895
1273740682272878594
1273740799264595982
1273740975572221953
1273740992756297728
1273741068572536834
1273741229818347520
1273741313305907203
1273741689249726469
1273742270622203904
1273743324315295745
1273743432234799104
1273743625164374018
1273743773168799746
1273743838121787392
1273744532815974402
1273745188876439555
1273745419235921921
1273745471756959745
1273745678867615746
1273745794391248897
1273746247703318529
1273746652168364032
1273747063335944192
1273747204742807554
1273747479406804994
1273747696273297409
1273747978751180806
1273748748355751937
1273749308148453381
1273749376318537731
1273750384406921221
1273750957332062208
1273751075464646657
1273751468047241217
1273751775284269056
1273751863783907329
1273752061708992512
1273752200653791233
1273752556200755206
1273752993637167105
1273752998334717953
1273753125321572352
1273753398928687104
1273753925737480192
1273754106159435776
1273754350335246342
1273754706402254849
1273755247043907586
1273755355605057539
1273755898914144257
1273755924830867456
1273756384941584385
1273756731248607232
1273757737973952512
1273758153436532736
1273759144953012224
1273759607131967488
1273759719748964357
1273759832982650880
1273759875219292160
1273760408650821637
1273760592789110787
1273760711215382533
1273760857445601282
1273761003449331714
1273761393712472070
1273761462780153856
1273761507713732608
1273762597683281920
1273762620370280448
1273763107685490694
1273763189969375233
1273763523911442432
1273763933510197248
1273763990913658880
1273765628558671872
1273765924131221504
1273766048119095297
1273766111524331521
1273766591579279361
1273767572073316353
1273767752105369602
1273767929021108224
1273768184835907588
1273768284010184704
1273768434636075009
1273769383555366912
1273769427931185153
1273769827438600195
1273770167038816258
1273770233799426048
1273770365853073410
1273770561982869504
1273770864685854726
1273771119661715456
1273771357734449157
1273771391016415241
1273771634848038912
1273771656012533761
1273771851941064710
1273771878004543497
1273771920891265031
1273772453903425537
1273772487252287488
1273772558844911616
1273772955319894018
1273773434431029248
1273773531965403136
1273773661611327488
1273773672797528072
1273774481681588227
1273774775312228355
1273775111112400898
1273775134008946688
1273775304805359617
1273775387999236096
1273775861708345346
1273776055099240451
1273776060853870593
1273776072707002368
1273776467806216193
1273776814213804032
1273776853879328769
1273776886854946819
1273777115444412422
1273777557272440833
1273777743285702661
1273777802085568513
1273778043476213760
1273778208819810309
1273778444770426880
1273778577419440129
1273779071990878208
1273779790286331910
1273780086962085889
1273780361538011136
1273781100301688832
1273781217767325696
1273781563289767936
1273781593837113345
1273782159925555200
1273782401345486849
1273782827545432065
1273782917857185792
1273782981665136640
1273783765169471489
1273784147505487872
1273784325796794368
1273784549420544000
1273784749245509633
1273784844867309573
1273785162036326400
1273785479260000263
1273785985264955392
1273786789094928386
1273787051192745989
1273787070977323008
1273787168016805890
1273787730120630272
1273787740115648512
1273788098254700544
1273788475398139905
1273789188496920579
1273789202518478848
1273789271279898625
1273789309611577345
1273789511063998465
1273789559533338636
1273789570967093248
1273790111885529089
1273790532758749184
1273790617005494273
1273790657073754114
1273791348877987840
1273791501365940224
1273791802177400833
1273791819730616326
1273792134525652993
1273792302335623168
1273793358071304193
1273793421174624257
1273793522571902977
1273794134193496064
1273794332013875201
1273794355858493440
1273794482425782273
1273794670276096000
1273794860085100545
1273795194459164673
1273795670500151297
1273796150470926336
1273796152815575040
1273796250261958665
1273796470286811137
1273796531187904512
1273796532421062656
1273796631452946432
1273796651216277504
1273796708246355968
1273796830153904130
1273796954145914883
1273797008596316163
1273797019006570496
1273797434578255873
1273797591336128513
1273798442624659456
1273798535151042560
1273798570882281478
1273799163977891847
1273799320865779713
1273799519189303302
1273799623560310786
1273800308913774593
1273800640779739136
1273801477727846400
1273801560523333632
1273801688873349121
1273801701930254338
1273801768732954624
1273801967094116353
1273802423136587777
1273803223003009024
1273803274194489344
1273803566042374146
1273803613219979264
1273803673441914880
1273803731939852290
1273803859257896960
1273804127345221632
1273804497140187138
1273804534553497601
1273804815815135232
1273804823201284096
1273804893652910081
1273805307492392960
1273805497309765632
1273805650359975938
1273805687802470402
1273806142989312000
1273806351332978688
1273806731974512641
1273806753474412544
1273806802476507137
1273806919984177154
1273807661960695810
1273808019256729610
1273808237326893056
1273808634393309185
1273808991420911618
1273808994449199104
1273809656415166467
1273809972829224960
1273810128014397442
1273810235069693952
1273810316330250242
1273810480272998400
1273810486778384385
1273810796716457987
1273811062731784194
1273811121862881281
1273811122911510529
1273811335525122051
1273811388335558657
1273811452927922176
1273811499115589632
1273811715076100096
1273811755735515136
1273811874224709632
1273812292497485825
1273812505563820032
1273812777199636483
1273813013527740416
1273813236014596098
1273813670464753665
1273814251623325697
1273814313598418946
1273814333055737857
1273815010632962049
1273815489731584000
1273815499210739712
1273815931848974338
1273816857443741696
1273817184561741824
1273817741645004800
1273818119933394952
1273818952356040705
1273819357362163714
1273819722203660290
1273819752499220480
1273819939871182851
1273819992111407106
1273820064928710656
1273820081621958656
1273820244885344257
1273820320672165888
1273820391178452992
1273820421561946118
1273821114033229824
1273821322183729152
1273821436499701760
1273821605664378880
1273821916126744577
1273821950624829440
1273822461235204096
1273822492013088768
1273822928329682946
1273823169598586881
1273823195192229888
1273823334971723776
1273823460435861507
1273823831954612224
1273823837151518720
1273824312269602817
1273824690176434178
1273824871068418048
1273824897874132993
1273825347302313984
1273825515900723201
1273825846969548800
1273825848060067846
1273826155418664960
1273826405990744069
1273826446348357632
1273826655530868737
1273826724959014913
1273826726640926720
1273827587194785796
1273828435018698753
1273828477049933824
1273828528312782848
1273830068100489218
1273830205065437185
1273830260329476096
1273830937726537728
1273831128009506817
1273831255528706049
1273832064526270470
1273832428193251328
1273832836349472775
1273833348469788672
1273833626518593537
