1270211076253155333
1270211776735559680
1270211993069219840
1270212325598023681
1270213249154203648
1270213375356739585
1270214639658254336
1270214741730918400
1270214796433129472
1270215836813398016
1270216450507255809
1270217339783479306
1270217774506393601
1270218809476034566
1270218986739904517
1270219148614918144
1270219234354790400
1270219456887701504
1270219593601204225
1270219698437849097
1270221207170883587
1270221756616318976
1270222101413343233
1270222747356893184
1270223204829859841
1270223354339880960
1270223629662511104
1270223832402538496
1270223849397911552
1270224110493339649
1270224321865121792
1270224399879286785
1270224410155327488
1270224569501089794
1270224792176791553
1270224831158669321
1270224841258532865
1270225424195477509
1270226363069468675
1270226498751016961
1270226585753464835
1270226762979520512
1270226791798583296
1270227366682546182
1270228722189316097
1270229234896842752
1270229472881577984
1270229641052160000
1270230852547629056
1270231365150269442
1270231457299156993
1270231750472396800
1270231807015952390
1270232919576018945
1270232919534174208
1270232923527143424
1270234302085599232
1270234303725572098
1270235442416402434
1270237845970653186
1270237864706674688
1270237949683105792
1270238022110523394
1270238096261443584
1270239218208583682
1270239807717998592
1270240086798589952
1270240975743377408
1270240994685001731
1270241059759628288
1270242433507438592
1270242544006250496
1270244309833580544
1270244519481610241
1270244752810745856
1270245510864134145
1270245623556567040
1270246111811440643
1270246258792333313
1270247227685036038
1270247525308608512
1270247714132045824
1270247808235442178
1270247819086041088
1270247852678119428
1270248006147698689
1270248271294935042
1270249145794809856
1270249201230807040
1270250571707174912
1270250643442335745
1270251101187604480
1270252365593972738
1270254441917284352
1270254830578089984
1270255394334609408
1270255681661263873
1270256449881595906
1270257173814222848
1270259074400088065
1270259494547648514
1270259733451112448
1270260775253245953
1270261215944536064
1270261661509746689
1270261781857001472
1270261913985957888
1270262176071258114
1270262521933500421
1270263300060639233
1270263998693257216
1270263999817412614
1270264001276948480
1270264420204081160
1270264508003397632
1270264509119082497
1270264585992507393
1270264614475845633
1270264745455738881
1270265865007697920
1270267108060954624
1270267584978358272
1270267596894466048
1270268049631870977
1270268161661775875
1270268497927471104
1270270545888571392
1270270611080634368
1270271269544615936
1270272055464701953
1270274522990604288
1270274860183359488
1270276119456100352
1270277826512662528
1270278464621420549
1270279100549091328
1270279109688455170
1270279491097702402
1270280107144491008
1270280109220433920
1270280208336248835
1270280254528126978
1270280387550314496
1270281546226970624
1270282517103460352
1270282664986189826
1270283207854956544
1270283456912805892
1270284319865679872
1270284405114880000
1270284651882479618
1270285575006810112
1270287252413984769
1270287341513400320
1270289052835745799
1270289758581936129
1270290227467255809
1270290530220552194
1270290608683278336
1270290984673427456
1270292022700707840
1270292178737168384
1270292684318502912
1270292708951650305
1270292959653748736
1270293017916780544
1270293379864133632
1270294202186776577
1270294208402743297
1270294209451290624
1270295424763604994
1270295534385926147
1270297143769796611
1270297363022741505
1270298095360847876
1270298240399945729
1270300183457411078
1270300403461246977
1270300445249097728
1270300529281789954
1270301128500994049
1270301226077270016
1270301607394246660
1270301681255960582
1270301776617574401
1270301956150616064
1270302702354993152
1270303027807879171
1270304037443825664
1270304190166962181
1270304680439095296
1270304862450917380
1270305179053760512
1270305483627225089
1270306201662676992
1270307156332433410
1270307537229885440
1270307703919915009
1270308135580979202
1270308382000496641
1270308485570473985
1270308647596429312
1270309179098492928
1270309181510127616
1270309184676880384
1270309229816098817
1270310027975409664
1270310131373309953
1270310185437822977
1270310446726168576
1270310449129517056
1270310511591198720
1270310540414509056
1270310666453254148
1270310981122568192
1270311028971241472
1270311249176338433
1270311555180244995
1270311653259739136
1270312243050303488
1270313418394910721
1270313759836377089
1270313828064976897
1270313966305251328
1270314111155548160
1270315199434756097
1270318797937934336
1270319672156663809
1270320442461556737
1270321660672061440
1270321706079367169
1270321904486764545
1270322527659864064
1270323126207868928
1270323323000500225
1270323851088539648
1270323913487192066
1270323976997404672
1270324094932844545
1270324236352139264
1270324338252754945
1270324478765985792
1270324535842070529
1270324538090254340
1270324539977695232
1270324695317901312
1270324964894420993
1270325059887005700
1270325367816048640
1270325452293406721
1270325540822700033
1270325578919444480
1270325599735857154
1270325875624628224
1270326375929569283
1270326624400166913
1270326941095276545
1270327057176596480
1270327361800724480
1270328455444541441
1270328692355534850
1270329335464038400
1270329466380845056
1270329592784576513
1270329955952365570
1270330157484642305
1270330724650975236
1270330824999620609
1270331035197362176
1270331324864192512
1270331662950424577
1270332526641516544
1270332545536872450
1270333053001441281
1270333331356266500
1270333333885480961
1270333588937064450
1270334030467252226
1270334112180682753
1270334164617826305
1270334190488367105
1270334968745455616
1270335259335364614
1270336003182559233
1270336161375039488
1270336909835935744
1270336978630959110
1270336987766181888
1270337203588280320
1270337411776733186
1270338004578598915
1270338140620890115
1270338603940548608
1270339244746133504
1270339246075731971
1270339485440622592
1270340024144408576
1270340055673028608
1270340199529222145
1270340294077222912
1270340875416145921
1270341195084988416
1270341550489419777
1270341657301364737
1270341846460399616
1270342521059569664
1270342524406620161
1270342666207866882
1270342913638219777
1270343224780095490
1270343232799625221
1270343439713013760
1270344424711733256
1270344960924057600
1270345212620087296
1270345414248550406
1270345709821276160
1270345790557323264
1270346063334068225
1270346570085654529
1270346634766028800
1270346657587232768
1270346673605107724
1270347013142560771
1270347214615961603
1270347284723765248
1270347371126415363
1270347879866138624
1270348125589266432
1270348230371524608
1270348255491211267
1270348521158344706
1270348777950310400
1270348946750296064
1270349411453984770
1270349644585984000
1270350325652676609
1270350438437720065
1270350726611570691
1270350739962036224
1270351574766845955
1270351895966765056
1270352713495113736
1270352737851584514
1270353023693393929
1270353078961782784
1270353219005198337
1270353417806974978
1270354130306023424
1270354253333200897
1270354347684032518
1270354354701127683
1270354355791654918
1270354356911566848
1270354390923251715
1270354439753404416
1270354627167490048
1270354629923082242
1270354995687362560
1270355171529367553
1270355400240627717
1270355553810812930
1270355971349463040
1270356200199241733
1270356337059381250
1270356347494838278
1270356661736222720
1270356714911604738
1270356715888881665
1270356736352845824
1270357208790962178
1270357271273299968
1270358206884253697
1270358339814219779
1270359029332635649
1270359439581855746
1270359565142540288
1270359984723898369
1270360015468142595
1270360253054550022
1270360296436228098
1270360346021318656
1270360609813651458
1270360839548276742
1270361032884551681
1270361035636006912
1270361065029865472
1270361297960476673
1270361356202577920
1270361733211676672
1270363658690818050
1270364043685978112
1270364527184564225
1270364569131778048
1270364686949724161
1270364736002154504
1270364767899746304
1270364847834902534
1270365130916855808
1270365133206884353
1270365384353312768
1270365421624012800
1270365519502344197
1270365560581304321
1270365649210970113
1270365674649432065
1270365861971361793
1270365993810956288
1270366702501531648
1270367282976489473
1270367283408494592
1270367803170750464
1270367822355427329
1270367831071350786
1270367921911599113
1270367970720694272
1270368165621649408
1270368233003143170
1270368393934274563
1270368512280719361
1270368791533412353
1270368913826680832
1270369022815723521
1270369136254898177
1270369171923230723
1270369335249219584
1270370275847176192
1270370515551649798
1270370581968334854
1270370798772027399
1270370856590618625
1270370899611574273
1270370906079219713
1270371208777699328
1270372571352088580
1270372861576990720
1270372959060885506
1270373026664722432
1270373684369375243
1270373805282799618
1270373857082445825
1270374913484959746
1270375221896327169
1270376131133206533
1270376180030541827
1270376270765928450
1270376304223965184
1270376480300769284
1270376856563277831
1270377309254455297
1270377713606557701
1270377907379003393
1270377916665380865
1270378065663852545
1270378167862202370
1270378435848830977
1270378622512017408
1270378636043059203
1270379015078060032
1270379707226349575
1270380191068676097
1270380426675261444
1270380704870907904
1270380959624335360
1270381514044342274
1270381734773747712
1270381917221916674
1270381984599195650
1270382033580294144
1270382177675444224
1270382212601577472
1270382401877872643
1270382572783243264
1270382848650797056
1270382852979318784
1270382912563630081
1270383093317320704
1270383306144612359
1270384134070943747
1270384190241062924
1270384205231460355
1270384425004457985
1270384426321686531
1270384529488961541
1270384785932914692
1270384910109458432
1270385159850921986
1270385353514455040
1270385593772433416
1270386296867913729
1270386406641348608
1270386410302828545
1270386495585648640
1270386772292202496
1270387117684736002
1270387312405344257
1270387420157140992
1270387433625051136
1270387444295188486
1270387454596526087
1270387579523928064
1270387971947147264
1270388079174574081
1270388281373593605
1270388358208991233
1270388361811951616
1270388709112905728
1270388796379541504
1270388844723163136
1270389874252808195
1270389878983884803
1270390217971773440
1270390241199882240
1270390279565185025
1270390400230907906
1270390417377419268
1270390698056077313
1270390867594022919
1270391151963574274
1270391457107623937
1270391910209814530
1270392154242854914
1270392197372874754
1270392913470672897
1270393685927251968
1270393775102267394
1270393798116376578
1270394073631711233
1270394280528556032
1270394676756037634
1270394971728809984
1270395158312386565
1270395254659825665
1270395543316049921
1270395647716450304
1270395752930512898
1270396353181597700
1270396720569032707
1270397435085381632
1270397531722338305
1270397817912262660
1270397974888116224
1270398500413624320
1270398848918335494
1270399030107963396
1270399367996940288
1270399393053634560
1270399396740362241
1270399400158785537
1270399401282826240
1270399659434008576
1270399997973016581
1270400025168769025
1270400047633620993
1270400061978148866
1270400307844001792
1270400308234145797
1270400453549883396
1270400680365363201
1270400904420683776
1270401180653551624
1270401306188935172
1270401397100613635
1270401398132355074
1270401537156821000
1270401654978826242
1270401992767275008
1270403470164664320
1270403959451275272
1270404388205531136
1270404812715159552
1270404978079870977
1270405344708222976
1270405398361759747
1270405533229604865
1270405715023278084
1270406454768553986
1270406651292651528
1270406711824863233
1270407198489956352
1270407361556078599
1270407546197573632
1270407652825354240
1270408164509450246
1270408260340854786
1270408525693497345
1270408578482843648
1270408639929634816
1270409291384659968
1270409799302369280
1270409908635209730
1270410203532492801
1270410401445003267
1270410970683277314
1270411088841134081
1270411277681262595
1270411603838631936
1270411656242302977
1270411876250329088
1270411880931172355
1270411966268313601
1270412042550284288
1270412707192135680
1270412976323915776
1270413179147874307
1270413286203367429
1270413387164508162
1270413391769681920
1270413708238471169
1270414236737351682
1270414241883754496
1270414242726854656
1270414553847824384
1270414818776887296
1270414841988239365
1270414865874575360
1270415280922071045
1270415283027615745
1270415624850661376
1270415663732047872
1270415798599892998
1270415975402405893
1270416220072955905
1270416796399607811
1270417372537425920
1270417389809815555
1270418020444315654
1270418655365365760
1270419522026123264
1270419687000682497
1270419705480740864
1270419914034049024
1270419914575056896
1270420176291364865
1270420363814621184
1270420404105105411
1270420552067493888
1270421300171796480
1270422012729659392
1270422100701036544
1270422296889421824
1270422380041601025
1270423572264222720
1270423604555997189
1270423662554906625
1270424116718301184
1270424407396306946
1270424635423764483
1270425063339114496
1270425149368664064
1270425157279133696
1270425560573935621
1270425690521903105
1270426610294980617
1270426768839712770
1270426834052632576
1270427030174068737
1270427679603523585
1270427729679331331
1270428008088813568
1270428081858023425
1270428165144326144
1270428334971854848
1270428765806616580
1270428966428405760
1270428967510487047
1270428968525590528
1270429010380632066
1270429126369968129
1270429555866697729
1270429894829375490
1270429990560190464
1270430345930964992
1270430528865480707
1270430770516156416
1270430893002223617
1270431052474003456
1270431169914507264
1270431421853818880
1270431433127890944
1270431496881483776
1270431618658861057
1270431954329055233
1270431998360911874
1270432459679772672
1270432764869980164
1270433013831262208
1270433070680870916
1270433120341291008
1270433646076399617
1270433938717245449
1270434071236280322
1270434804958474240
1270434887158431744
1270434939054546950
1270435127965806592
1270435195875930112
1270435316512559110
1270435322837549058
1270435513640640512
1270435747200331778
1270436044974944257
1270436148851150849
1270437059241664512
1270437191169302538
1270437706028417024
1270437938632015878
1270438433312382976
1270438561612009474
1270438606574956549
1270439034930647040
1270439221489254402
1270439323507146752
1270439659626250240
1270439852522254339
1270440556179554304
1270440960309297152
1270441496785891330
1270441925259128832
1270441926706081792
1270441930564894722
1270442057124007942
1270442174115528704
1270442293477216258
1270442703172464640
1270443187509886976
1270443394150600705
1270443506943823872
1270444063339065344
1270444084184915970
1270444147028242436
1270444816174743552
1270445011642077186
1270445264839606278
1270445453893500929
1270445670453960704
1270445870178320388
1270445982287872001
1270446763992928259
1270446992687235073
1270447598932017152
1270447860346216451
1270447863131262981
1270447965715476483
1270448025639550979
1270448107998679040
1270448699101966337
1270448830736146433
1270449203496529920
1270449577519230977
1270449695337349124
1270450154504667143
1270450495828586497
1270450537738141698
1270450564489449473
1270450592276774912
1270451252950978562
1270451661601939457
1270451744435089408
1270451807760855056
1270451872411693056
1270451897896448006
1270451968431943680
1270451974815862786
1270452093430759424
1270452650564182016
1270452839165329414
1270454208307892225
1270454363245469698
1270454577813323776
1270454995385753601
1270455381366583300
1270455735730630656
1270455816987062272
1270456009585233922
1270456272157097985
1270456940733161472
1270457051307814912
1270457364865581056
1270457569987964929
1270457614401495045
1270457917850951680
1270458105193783297
1270458511961489414
1270458699874807809
1270459068696727558
1270459169674612737
1270459316634411008
1270459459844751360
1270459510491136003
1270459581353902082
1270460170783674369
1270460300618117121
1270460676226629632
1270460713677451264
1270460795160322049
1270461343762657280
1270461348518998018
1270461360376352774
1270461760944865281
1270461923272736768
1270462210209394694
1270462879167201280
1270463027184381953
1270463327093825536
1270463595449548801
1270463649728139264
1270463692967153667
1270463945615249409
1270464042671497217
1270464333282230272
1270464418007126016
1270464633724420096
1270464716251463680
1270465073312661504
1270465116790640640
1270465444193939457
1270465515362934785
1270465601115471872
1270466255363944449
1270466492778373125
1270466594054037513
1270466782092865536
1270467220154408961
1270467303906385930
1270467388862070784
1270467807013212168
1270467820426530817
1270468022180904962
1270468023732899842
1270468075314384900
1270468200141127685
1270468343569371136
1270468449039310848
1270469282938355712
1270469524261912577
1270470088781520896
1270470227185274880
1270470463576301569
1270470844444180480
1270470869178089480
1270470965261107201
1270471128079757313
1270471260527489026
1270471548818751488
1270471629630517255
1270471789726937088
1270472055465500673
1270472276228608000
1270472313323114497
1270472427395362816
1270472470156500993
1270472471087648769
1270472478138171394
1270472653007056896
1270472938039447553
1270473040682336257
1270473210828656641
1270473502592663552
1270473503959965698
1270473505205743617
1270473526617743360
1270473561711489025
1270474013727326208
1270474014796857345
1270474269080850433
1270474615727554561
1270474627685507073
1270474690922938368
1270474854068862976
1270474878861410304
1270475037506785280
1270475039511642118
1270475046428053504
1270475047770128385
1270475049909321730
1270475051989696513
1270475130637094913
1270475187004280832
1270475557441081345
1270475833040240640
1270476153174683649
1270476598572171269
1270476677584424961
1270476792030093314
1270476793074475008
1270476819112685568
1270476858182627329
1270477259086970886
1270477304637030403
1270477641208991744
1270478417486442496
1270478469873512449
1270478973428891650
1270479353667780609
1270479567233433605
1270479890203189251
1270480015722008578
1270480183955521538
1270480793295618048
1270480831405010948
1270481105477685251
1270481420562112512
1270481883344916480
1270481941570052099
1270482085858459648
1270482106452410370
1270482164870721536
1270482165801922564
1270482168003858433
1270482175322927106
1270482176367374337
1270482191110287361
1270482565766447105
1270482585437851648
1270483591571673089
1270483626346643457
1270483738770710531
1270483826783838210
1270484117080231938
1270484829453168640
1270485345138868226
1270485527423221762
1270486071692922887
1270486384894238720
1270486555824513024
1270486720493076491
1270487239320129544
1270487659941683202
1270488162243141639
1270488164147355655
1270488274382082048
1270488393475121155
1270488459598127104
1270488731363860480
1270488731498119168
1270488732446023680
1270488733523951616
1270488733779808256
1270488735637860352
1270488763102265344
1270488970485542912
1270489151444586496
1270489153864695810
1270489806368276481
1270489823627935744
1270489993555968000
1270490453348159489
1270490593769197568
1270490746064257024
1270490858828238850
1270491082153959424
1270491088470630400
1270491088894210048
1270491135140642820
1270491384554782720
1270491653002969090
1270493299695067143
1270493353126383624
1270493490112352258
1270494879802707968
1270495194467766274
1270495525649805314
1270495884606943232
1270496685874130955
1270497295469932544
1270498708900188163
1270499250044956672
1270499311894368257
1270499663158919168
1270501506098307072
1270501646796283906
1270501793928183809
1270501996513067008
1270502113249026050
1270502199240658944
1270502929523507201
1270503142287978502
1270503575735504897
1270503578734493696
1270503582006042629
1270503935254634500
1270503980012048386
1270504706679418881
1270504736937009152
1270505251938893824
1270505557988950016
1270505745818234881
1270505968145559553
1270506941136220162
1270507103757561857
1270507577789612037
1270507807922479110
1270507931159547905
1270508905035108355
1270509398000099329
1270510081310781441
1270510110054498305
1270510269073154048
1270510504826585088
1270510802462806022
1270511776392556545
1270512076176359425
1270512334558171136
1270512761311813634
1270512831742586881
1270513053432496129
1270513238753468417
1270513424179609602
1270513685404905472
1270514664447885313
1270514988281729028
1270515275503304705
1270515351470714880
1270516387279261696
1270516688157638656
1270516699159298048
1270516909486870530
1270517199728508933
1270517337335029760
1270518403284041735
1270518619533971461
1270518684130226177
1270518685178814464
1270518896810962945
1270519036284149761
1270519069654028288
1270519156769685507
1270519940362141696
1270520429829066754
1270520563140751360
1270521105107824647
1270521153153622016
1270521219180191744
1270521287048417282
1270521783133835265
1270521896816095233
1270522863511113728
1270522893282283520
1270523211797557248
1270523717802536962
1270523787205849088
1270523990361202689
1270524409527152643
1270525598235070465
1270525647677460480
1270526067045019648
1270526151568605184
1270526173093781504
1270526228273827841
1270526293843628032
1270527402540662784
1270527918687555585
1270528147214172163
1270528584923389952
1270528647879954433
1270529173220724743
1270530104377008133
1270530146932408320
1270530507298627584
1270530509559349249
1270530513120288768
1270530516668739586
1270530718574219265
1270530982588923905
1270531654466056192
1270531728273141762
1270532315073048576
1270532967505543168
1270533517269782529
1270533535296663552
1270533660307939328
1270533661478105089
1270533789404532738
1270534400682397698
1270534497662930945
1270534915264741376
1270535302512328705
1270536128068755456
1270536343920226309
1270536682094211072
1270537033887473665
1270538550971424774
1270539021949730816
1270539033106616324
1270539337491312641
1270539565074468865
1270539846516236288
1270540225857683457
1270540408703946753
1270540589172391937
1270541754308141056
1270542720138989574
1270543095101190144
1270543394532663296
1270543510710759426
1270543538623664128
1270544461777510400
1270544980025708544
1270545249702744064
1270545443504754689
1270545714641240064
1270545868316426245
1270547140628975616
1270549055026991106
1270549331574022144
1270550095310675968
1270550502757953538
1270550593023602688
1270551090765991937
1270551816724307971
1270552148032487426
1270552257294000128
1270552484365234176
1270552984234098691
1270553869240729600
1270554417440448513
1270554497123827718
1270555054454353922
1270555131751399425
1270555261648936960
1270555411771355136
1270555458517024769
1270555698779377664
1270556174555901952
1270556187830874114
1270556291400777728
1270557234443874309
1270557292564484097
1270558882503499778
1270559001693085696
1270559458406674433
1270560262878306304
1270560589191032832
1270561015491710982
1270563478256840705
1270563615557517312
1270563706812932096
1270563724936409088
1270563726739910657
1270564097298444293
1270564942094229507
1270565439257620481
1270565960072781825
1270566305280778251
1270566524944814080
1270569064260395013
1270569433107496961
1270569753753477121
1270569806903808001
1270570264062025728
1270570530895212545
1270572581033259008
1270573344820166657
1270573373161181184
