1268402726934851591
1268403041314566145
1268406507390955520
1268406511287459840
1268406513611075584
1268406515347517440
1268406605927890944
1268406774010392576
1268407046854107136
1268407175719813127
1268407221215539206
1268407476371820545
1268407948906319872
1268409106995580928
1268409279586787328
1268409992572518402
1268410539467628545
1268411187378761728
1268411597040635906
1268412169642639360
1268412171383222272
1268414353214038017
1268415461504491520
1268415795413102592
1268416220715536384
1268416522336206848
1268416804529082368
1268417633046663169
1268417988325244928
1268418067882704898
1268418351203786752
1268420327731855361
1268420710793437185
1268421365813542914
1268421366656598016
1268421368149757952
1268422325403254785
1268422427031240705
1268422612973236224
1268422870494900227
1268423643966644226
1268423688032079878
1268423927774228480
1268425590924668932
1268426062419066880
1268427036965523457
1268427682259390464
1268427974640099328
1268428926386352129
1268430467704946688
1268431184956137473
1268431853830180864
1268433030034731010
1268433421631619072
1268433800171868161
1268433814293868544
1268434228900921344
1268434269103325184
1268434708527935488
1268434857195159552
1268434904087506946
1268435987107123200
1268436335171219456
1268436335808765953
1268436338107269122
1268438097450217474
1268439650776920064
1268440778445127681
1268441123275472897
1268441124412116994
1268443819269337095
1268444498754850817
1268444756801175552
1268444936090910723
1268445943126462469
1268446664026730496
1268447014129471488
1268448133182296066
1268448631721463808
1268448944750768128
1268451508011454464
1268451669005627393
1268451681533956096
1268451682653888516
1268451686260985858
1268451690929197056
1268452095402770432
1268452103535710208
1268452453793648642
1268452795549659139
1268453066451218432
1268453067000709120
1268453286245543941
1268453609211117569
1268453871728410624
1268454266160766978
1268455037325303810
1268455473780600832
1268455712826339328
1268456026141057025
1268456112283627523
1268456899097305088
1268456945633107968
1268457064151388162
1268457095613034496
1268457697286017025
1268457949233655808
1268458206386421761
1268458220412157952
1268458489002811392
1268459114591633409
1268459513142747138
1268459613680091136
1268459678935273472
1268460621730918401
1268460783702245378
1268461503117549569
1268462049811709953
1268463044427988992
1268464329516617728
1268465856130027521
1268465861905584129
1268466801383337985
1268466803543429121
1268467606882836480
1268467977130856450
1268468494573678593
1268468696911163392
1268469763463958529
1268469990111444992
1268470409860730881
1268471026838634496
1268471449070731264
1268472449248587778
1268472903928029184
1268473166835462144
1268473608474710018
1268474171308355584
1268475203623038983
1268476674502356992
1268476910193061889
1268477458354966531
1268477956399280130
1268480310578221056
1268481753817088000
1268481755129892866
1268481755641569281
1268481758103629824
1268482698848452611
1268482992500084737
1268483845600546816
1268484590148227073
1268485420050010113
1268485467751755777
1268485809403056128
1268486161330253824
1268486266699624453
1268486428549414914
1268486695466475523
1268487556464816129
1268487710525861890
1268488315415654400
1268488386161106944
1268488820489621508
1268489798215520256
1268489799666671622
1268489842926780417
1268490193612537858
1268490400031019008
1268490537750978561
1268491782901379072
1268492063215099905
1268492638438776833
1268492881104384001
1268493031575097344
1268493205672046592
1268493351575343107
1268493607373340672
1268494179400740867
1268494192860368903
1268495116160958466
1268495165519466496
1268495225368043522
1268495353516453888
1268495424903667718
1268496000924160005
1268496426046275585
1268496604832641031
1268496859443560448
1268496860705992704
1268497190638452736
1268497242148745220
1268497548924379139
1268497801207582721
1268497807024979972
1268497895793328130
1268497980576980993
1268498107609812994
1268498209594175489
1268499246417874944
1268499856433307649
1268500890639572992
1268501154708717568
1268501871318241280
1268502076025339904
1268502137841090561
1268502308918308875
1268502410445676546
1268502596068634625
1268503532983861248
1268504036808015872
1268504095167524867
1268504109130190851
1268504487343390720
1268504558071930880
1268504575868354560
1268504585867427840
1268504813005922305
1268505228535640064
1268506476064186369
1268506536822870017
1268506995751084032
1268507050595794946
1268507242166280192
1268507546580631555
1268507839162732545
1268509228131631105
1268509282095337474
1268510363009593346
1268510446929285120
1268511107918041090
1268511457328668672
1268511744957100034
1268512260508381184
1268512333711601666
1268512367899443200
1268512562917838849
1268512582748581888
1268513059234107393
1268513130268831745
1268513337895260163
1268514609700515841
1268514693498494982
1268515279862185984
1268515720075321344
1268516161324531713
1268516789379612672
1268516871734808577
1268517117051076608
1268517523475095552
1268518119481344001
1268518120521531393
1268518530141519872
1268518632205754368
1268519466834579457
1268519810905882625
1268520292172824577
1268521245131317248
1268521521787461633
1268521651542667265
1268522031177297921
1268522240196382722
1268522268809785344
1268522605100830721
1268522805336985602
1268523234691108864
1268523314223493120
1268523626619420672
1268523658395504640
1268524841843535874
1268525584503771144
1268526733537554432
1268526927490375680
1268526934390009856
1268527271905767424
1268527328214179840
1268527388960399361
1268527424825851905
1268527491225997312
1268527571546697728
1268527577892818945
1268527617784918016
1268528066382442496
1268528165720383488
1268528830312046592
1268529489451122689
1268529625531060225
1268529626722242562
1268529877424070657
1268530603865112582
1268530734853230592
1268530993864093696
1268531109429682176
1268531689803874305
1268531824021639169
1268532391275982849
1268532440689229825
1268532509224194052
1268532750417526785
1268533540548984832
1268534668007215105
1268535080722616321
1268535482767548420
1268535843859263488
1268536130426863617
1268536330688040960
1268536340037226501
1268536353102409729
1268536434299789312
1268537119871586304
1268538561814573058
1268539165785886720
1268539297696751616
1268539861016940548
1268540109118492672
1268540538648702986
1268540701844922368
1268540784162172928
1268541555616501765
1268541597609844739
1268541653532520454
1268541655004692480
1268541660629217280
1268541941446213633
1268542038179446787
1268542457643491329
1268542463649742853
1268542878369939456
1268542958124621831
1268543208218378240
1268544123318996992
1268544965556277248
1268546025528201216
1268546316176691201
1268546440160317441
1268546864804175880
1268546887054999552
1268547095906136064
1268547651043237895
1268547759264669697
1268547997199142921
1268548382827712516
1268548512687546369
1268548542056054795
1268548943920738307
1268549261370765321
1268549347601526787
1268549579605258240
1268549602241851393
1268550007873064960
1268550123145048065
1268550212664070146
1268550809685557260
1268550897526865920
1268551881095340033
1268551897251807232
1268551938850918414
1268551962703921158
1268552295651913731
1268552389663117319
1268552610161836034
1268553150895665155
1268553354650714117
1268554122338410498
1268554390614523904
1268554473728770058
1268554580989796360
1268555169681362952
1268555725443391490
1268556752372371456
1268556753446121473
1268556827534516226
1268557013493198848
1268557666621820928
1268558342139662336
1268558447550836736
1268558676438245381
1268558867841024000
1268558907233853442
1268559079259037696
1268560548028874754
1268560634188357635
1268560895988416513
1268561381915230212
1268561470767403009
1268561686174355458
1268561912205381634
1268561914025648128
1268561926721687553
1268562012570820610
1268562410824249346
1268562874647052288
1268563788006952960
1268564045587611648
1268564676020973570
1268564896347611137
1268565033648377863
1268565098680942594
1268565251383087107
1268565335713562624
1268565485374844934
1268565543516360704
1268565848731549699
1268565933880078341
1268566188621279238
1268566389683392513
1268566517047676928
1268566746140758017
1268566960415145989
1268567583772606467
1268567790748708869
1268568155674144768
1268568835319164930
1268569052668145665
1268569548548198400
1268569588134019079
1268569964610555904
1268570530879324160
1268570747955556355
1268571238601023493
1268571727094788096
1268571729133137920
1268571730940792832
1268572187981606913
1268572481914314752
1268572651083218944
1268573182031773701
1268573551159885826
1268574008938835968
1268574566051446793
1268574624897536000
1268574831169150976
1268575108978708487
1268575166231166976
1268575310099906560
1268575327585959937
1268575364562907136
1268575513401946112
1268575558750949376
1268575614761676800
1268575761792974849
1268575839773483009
1268576145114619908
1268576529291849730
1268576595767431172
1268576637932666885
1268576679129202689
1268576708816502792
1268577020658749441
1268577135507070977
1268577302616694789
1268577511119691776
1268577790145769476
1268577958610034689
1268578067561185283
1268578418347716608
1268578477302833154
1268578488463716352
1268578549373513729
1268578604461555714
1268578653274857473
1268578817070845953
1268579110395273216
1268579249029595139
1268580105082806272
1268580290965856263
1268580793544105984
1268580949714845697
1268581003435675648
1268581147274952704
1268581569318604803
1268581608577253376
1268581817814323203
1268582254038724609
1268582991590195200
1268584276783542275
1268584617352839169
1268584788656562178
1268584987684679680
1268585436680724481
1268586445226287104
1268586581499117569
1268586586368696321
1268586669948710912
1268586916875812865
1268587049856180229
1268587151769337858
1268587805304815616
1268588083949105153
1268588124852158471
1268588872402907137
1268588886026063875
1268588921623121920
1268589135540948992
1268589326503460864
1268589369931292675
1268589541537075202
1268589601242800129
1268589888410091520
1268590541945614336
1268590893625466880
1268591575938064386
1268591931615055874
1268592502417747968
1268592617127702528
1268593203499991043
1268593385197142019
1268593388464594945
1268593417313038338
1268593494571900928
1268593800437514241
1268594219649769473
1268594258560368640
1268594313291722752
1268594512802320389
1268594646676131841
1268595225443909634
1268596024991518723
1268596397223354371
1268596745199550464
1268597747499831296
1268597972272635904
1268598000517029889
1268598848106217472
1268599545497337856
1268599737885876224
1268601427120680960
1268601549208449025
1268601573648797697
1268602091360129024
1268602368117137408
1268602384055439363
1268602397292662785
1268603143287422977
1268603216675180546
1268603481105014789
1268603518484713473
1268603859909435392
1268603876288143360
1268603879748333569
1268604184158302208
1268604560676970498
1268604728230977536
1268604770798968836
1268604869264408576
1268605072788779008
1268605161926283266
1268605368499752960
1268605459457544193
1268605877541634048
1268606332850057217
1268606357021904905
1268606475439669248
1268606649285173248
1268606675054886912
1268606910594379776
1268607902992019459
1268607955768733696
1268607990380232704
1268608267481051136
1268608270039568384
1268608303485124608
1268608345801400321
1268608583375171584
1268608887109943296
1268608938720874501
1268609238659522568
1268609478976512002
1268609818752925697
1268610155958206465
1268610452407418881
1268610485437337602
1268611258837852163
1268611279461195776
1268611517273927680
1268611522357596160
1268611667589357568
1268611710316937217
1268611741845352448
1268611893242937344
1268612121085923329
1268612716882788352
1268612766513807360
1268613123524591616
1268613850955481097
1268614638008070145
1268616246896898055
1268616272356376576
1268616369592926209
1268616707511169025
1268616903020273664
1268616904085626881
1268617900698394626
1268617973083697153
1268618142105780224
1268618162632704000
1268618229619945474
1268618293755035648
1268618475670401024
1268618531345559554
1268618568855240704
1268618629861408770
1268618698182385665
1268618928428732418
1268619869718630400
1268620406119903232
1268621030060249089
1268621585990086656
1268621879817846785
1268622186912182272
1268622530828316672
1268622814438813697
1268622855270522881
1268622857442979841
1268623418418769920
1268623733222256648
1268623752620802048
1268624123695116294
1268624829952991239
1268625250977304576
1268625725457862657
1268626970088108032
1268627094117859329
1268627501359734791
1268627543856484357
1268627641231433728
1268627659334049793
1268627960552013824
1268628089237536769
1268628880371441667
1268629096596004865
1268629884852744192
1268630023650578434
1268630029098942465
1268631113599078400
1268631884767981568
1268632567198167042
1268633000247545862
1268633078228008970
1268633126517051394
1268633371825115138
1268634264028889089
1268634608041635842
1268634650190270472
1268634739881250818
1268634765877366785
1268635222163066883
1268635224864444419
1268635356213239811
1268635368024428544
1268635456788463621
1268635554171817990
1268635633079267333
1268635657179709440
1268635766244212736
1268635809789419527
1268635905109213193
1268635987212668930
1268636016186802176
1268636151956606977
1268636341132234754
1268636430282166273
1268636638177091586
1268636951210532865
1268637025730732036
1268638205550768130
1268638293501108224
1268638318012465152
1268638405711343617
1268638469351444481
1268638645382254598
1268638820779646976
1268638821341593600
1268638846356463617
1268638997745733632
1268639040351252480
1268639174200082447
1268639262372704256
1268639557299273728
1268640380272234499
1268640650930663424
1268641036970139648
1268641059401134080
1268641062601572352
1268641125323231232
1268641301282553857
1268641317862748162
1268641477292371968
1268641653511933961
1268641829593010187
1268642005447520261
1268642093548941318
1268642161735524352
1268642342589923333
1268642523045494784
1268643471633444864
1268643801590984705
1268643868460961798
1268643880267853825
1268643956440666112
1268644132664365059
1268644206886543360
1268644307994439680
1268644308799967232
1268644484910325768
1268644555009724417
1268644662627184643
1268644710781870080
1268644838691475457
1268644898032451586
1268645055776133128
1268645534774054917
1268646293603115009
1268646700916375561
1268646788996763650
1268646958975070210
1268646965476196355
1268646970995863552
1268646976217681920
1268646977329221632
1268647017837969412
1268647141372833799
1268647318141767683
1268647494738751490
1268647596815499266
1268647671096541184
1268647689819951105
1268647759109898242
1268648012311650304
1268648509043073030
1268648630132576264
1268648781731389440
1268648944885739523
1268649173118865409
1268649533778604034
1268649621015990272
1268649622169403392
1268649745024561152
1268649799164846087
1268649976239972352
1268650152434307075
1268650219819773952
1268650329471664129
1268650505850454022
1268650584674111494
1268650594509762562
1268650616894615552
1268650620136783872
1268650849250803712
1268650921556422658
1268651762702942208
1268651764754120705
1268652369044221953
1268652637739720705
1268652668769021952
1268652814563237889
1268652814257000450
1268652826647035908
1268652936026038277
1268652990598197252
1268653166872199168
1268653191400509440
1268653289043877888
1268653343251062786
1268653431293718532
1268653714937708546
1268653777520930820
1268653791353745408
1268653827508428800
1268654048217124866
1268654150285393925
1268654190181724162
1268654348004921344
1268654853288493059
1268655068393472002
1268655205949808645
1268655294021808129
1268655470576832513
1268655474120916992
1268655647005999106
1268655823431098377
1268655932243927041
1268656000028094465
1268656176813813760
1268656265137475584
1268658041572003845
1268658048731451392
1268658129706848261
1268658131321716736
1268658307033526272
1268658484616196096
1268658661523587072
1268658743417454597
1268658838028390403
1268658897344253953
1268659014889504769
1268659024242675713
1268659103670435843
1268659546030997511
1268660081991864325
1268660347965190146
1268660845543698434
1268660878397902849
1268660966604013573
1268660983062560773
1268661143201026048
1268661315972841472
1268661319693107202
1268661463490625539
1268661495900102656
1268661672094433281
1268661679656538112
1268661704877060105
1268661707133661185
1268661848443891712
1268661936830459904
1268661941888663552
1268661943067226112
1268662352011984899
1268662432219623424
1268662979853082624
1268663098531090436
1268663171822358533
1268663187974393856
1268663189467656192
1268663454954487810
1268663710966562817
1268663799026003970
1268663840864174082
1268663910703521792
1268663916693016576
1268663975375405061
1268664151808901120
1268664327965413382
1268664504470159363
1268664550674612224
1268664584996450305
1268664680165388293
1268664760985411586
1268664768325390341
1268664924596813830
1268665228797120513
1268665632805044224
1268665789403496448
1268665876976267265
1268666013794488321
1268666298545983489
1268666317034455045
1268666475792994308
1268666542880940039
1268666631095488517
1268666807638011904
1268666814617341953
1268666861652111360
1268666870833360898
1268666983807160323
1268667126300250112
1268667160311758849
1268667243983929346
1268667336883650560
1268667513849724935
1268667602194309121
1268667618698952708
1268668005292048388
1268668482142580743
1268668521489276930
1268669614809968641
1268669615833415680
1268670134761263105
1268670467663069188
1268670756805914625
1268672029638656000
1268672161461473283
1268672164959588352
1268672167996260356
1268672573325230080
1268672582896713730
1268672793308286978
1268672906097131521
1268673879595274241
1268674695295045632
1268674718674157569
1268674841995083779
1268675111965519872
1268675439448535040
1268675970208337925
1268676160692592641
1268676517967597568
1268676668224307202
1268676755235225604
1268676953864835072
1268677010781425666
1268677043811540992
1268677045803905025
1268677048802766848
1268677543227469827
1268677594616074242
1268677690850193408
1268677729551028225
1268677799621070853
1268677987991347200
1268677994605957121
1268678098490257408
1268678359355097089
1268678530260512769
1268678997493325825
1268679332685324288
1268679333381574656
1268679616656486401
1268679673627672576
1268680199635456002
1268680243134504966
1268680463486509061
1268680547188047880
1268680797482934274
1268681065545203714
1268681140421959681
1268681172609110018
1268681302078820354
1268681691570360327
1268681947867279360
1268682722605707264
1268682956622540800
1268682981490651136
1268684420552278016
1268684621400678401
1268684814552621057
1268685122708127744
1268685165976485888
1268685424618283009
1268685509389438976
1268685582579965953
1268685890823610368
1268686095832752131
1268687001555009544
1268687283537842176
1268687400731062274
1268688360350023680
1268688626994614272
1268688894775767045
1268689111357014016
1268689289694461952
1268690456361213952
1268690693653962752
1268690703456055296
1268690869219188743
1268690964765384705
1268691403103764484
1268691530925178883
1268691985579356160
1268692024682676225
1268692025827749889
1268692028621193216
1268692152038625283
1268692176797663233
1268692378615009280
1268692441902833664
1268692461389361152
1268692575130537984
1268692820438769664
1268692863879122944
1268692985186836482
1268692994971987968
1268693833208004608
1268695385264074752
1268696204130553858
1268696735037128705
1268696928151207936
1268698575258759168
1268699436366147585
1268699439104843776
1268699826700632066
1268700040492650498
1268700634280349701
1268701872342343680
1268701970971463680
1268702222055100416
1268702954351140865
1268703301379506178
1268704011005329409
1268704271656255488
1268704860066721793
1268705808713486338
1268705885406314497
1268706109407105027
1268706973660467200
1268707549815074816
1268708167346765825
1268708627595968512
1268709164580249601
1268709174688481281
1268709196683530241
1268709691779055616
1268709711810981888
1268709756732092416
1268709830778171392
1268710007140503552
1268710266893668354
1268711144639750144
1268711362034794498
1268711523783831552
1268711840483328002
1268711896850427904
1268711897475346432
1268711897894776832
1268711899010498565
1268712317174366215
1268712379128459265
1268713144756690944
1268713307986202624
1268713388064018432
1268714038839525377
1268714565082083329
1268714809639436288
1268714962526093313
1268715273990832131
1268716043742007301
1268716367387205632
1268716625248878598
1268716701866131457
1268717599849951233
1268718178441539589
1268718235593121792
1268718378115530759
1268718482197266433
1268718551831064578
1268718823848521729
1268719704274882560
1268720098770067458
1268720626992324609
1268721422261764099
1268721478599536640
1268721714025791489
1268722812426096640
1268723007071059968
1268724109682200577
1268724252200624129
1268724432647925766
1268724833183023104
1268725249023016964
1268725838901542913
1268726045491986433
1268727503633281024
1268727800288227333
1268728227066937344
1268728401969516544
1268729091538092032
1268729897192742917
1268729992567042049
1268730931566850048
1268731528353374208
1268731802212016128
1268731944243781632
1268733483460984836
1268733823002566656
1268734699033198597
1268735368213540864
1268735756316663816
1268735932049620992
1268735943466516480
1268736175088578561
1268736692904538112
1268736693974085632
1268736960824086528
1268737073630117889
1268737381043253248
1268737595263127555
1268738454445228033
1268738749808115714
1268739578917195776
1268739605156806659
1268739661805092866
1268739838641135616
1268740349280661508
1268740839150419969
1268741243716218880
1268741703759998977
1268742953209671683
1268743881912250370
1268744085025816578
1268744377997852673
1268744872757989376
1268744903162507264
1268746675708997633
1268746679710289922
1268747657045929984
1268747805788692480
1268748411718819843
1268748478014009344
1268750146831093763
1268750546623778821
1268750572728901634
1268751656092684288
1268752359619833856
1268752769986502656
1268753022479409153
1268753294068871169
1268753539360309249
1268754395572908032
1268754674007638027
1268754758942277633
1268755196865282049
1268755586591539200
1268756202231644160
1268756227678486528
1268756819859566593
1268756823504384007
1268758453302038530
1268758527650250753
1268758882119299072
1268759169143898114
1268759345954766849
1268759464552706049
1268759935048912897
1268760467742261249
1268761242191253504
1268762189927776258
