1269490063005679616
1269490204118863874
1269490942240870402
1269490952965705728
1269491086122192898
1269491282856075264
1269491408844414977
1269491621273448449
1269491908692152321
1269494115928023042
1269494317816651776
1269494349156495360
1269494413530673152
1269494445394800641
1269494971452678146
1269495089358749696
1269495185517555712
1269495408176369664
1269496328859648001
1269496947741687809
1269497079048667136
1269497652032557057
1269498538523795461
1269500593351077888
1269501385009135618
1269501456421396480
1269502732257210369
1269503113829978119
1269503877503746053
1269505949905158144
1269506095086817280
1269506345415262208
1269508229182210048
1269508334165602304
1269508401903607808
1269508537954304003
1269508989684977665
1269509711696662529
1269509854659518465
1269509857033383939
1269510063032610816
1269510690253004800
1269510816941948929
1269511200091578374
1269511696063713280
1269512074800951296
1269512110431784961
1269512121475190784
1269512350417268747
1269513206910693377
1269513600684691456
1269515694699433985
1269516099374198789
1269516303359971331
1269516714749964288
1269516852830429185
1269516918865575936
1269517244981272576
1269517483964346368
1269517971854155776
1269517998848716801
1269518426755694592
1269518769279377408
1269518878763343872
1269519914785636358
1269521231532814337
1269522656916844554
1269522847703203840
1269523084756869120
1269524691645014016
1269525150132813824
1269526018894815232
1269526345870200832
1269526942979629063
1269528409480155136
1269529495461138437
1269530092310536192
1269531469426221056
1269531608551428096
1269532861117407232
1269533065165942785
1269534007131283456
1269534241676832769
1269534594380058624
1269535116419829760
1269535710043877376
1269536025816133634
1269536878547611648
1269537017563660288
1269537112963104768
1269537422313844736
1269538026058854401
1269538087941607424
1269538791460614145
1269539366080217088
1269539572217716736
1269539641855795201
1269539944353140736
1269540492632563713
1269541208965120000
1269541244142792704
1269541274253758464
1269541305190887425
1269541341253509132
1269541375218814979
1269541411327803393
1269541444756398089
1269541563723644928
1269541636683554817
1269541705054740480
1269541738689028097
1269541749803941894
1269542093644595200
1269543133043359744
1269544328675893248
1269544455675285504
1269544688035520513
1269544836828446722
1269545648224952320
1269545825710927873
1269545952051974144
1269546434174599169
1269546980415422464
1269547870891491334
1269547888528576512
1269548187607425024
1269549965162020871
1269550465601200128
1269550586682175489
1269551597660639233
1269551873599705090
1269552571351478272
1269552596651511808
1269553695441772544
1269556749809463296
1269557176843956226
1269557702923075584
1269557782505717761
1269558103957278720
1269558898253606912
1269559108744732676
1269559253217325059
1269559525708791809
1269559749135212544
1269559755632250881
1269560339248660481
1269561707409674241
1269561773415444480
1269561997621735424
1269562053376655361
1269562057378185216
1269562107692974080
1269562342611746817
1269562456495525889
1269562599764561921
1269562769021513730
1269562893357457410
1269563067295285250
1269563655991033857
1269563799557877760
1269563841173753863
1269564360059506688
1269564757075537922
1269565009010581504
1269565114270826499
1269565521789362176
1269565739528335360
1269565774798000128
1269566159814365190
1269566905985183749
1269567129264611331
1269568121892941824
1269568293293232130
1269568411081666561
1269568415917682689
1269568417872273409
1269568721598676992
1269569020384227328
1269569027090726913
1269569036905480209
1269569465425018885
1269569660564811778
1269569720187006977
1269570077160022016
1269570478299058180
1269570810785730578
1269571110321954817
1269571390354722827
1269571711063732224
1269571766441193474
1269571877145624578
1269572370664165377
1269572400489824256
1269572523529777159
1269572687535517696
1269573230034968576
1269573583547686913
1269573588173991941
1269574163116613633
1269574584627576833
1269574588767191040
1269574871089991681
1269575270677319681
1269575602346045442
1269575854016925701
1269576035126763521
1269576502309531648
1269577225579438080
1269577252876029957
1269577436016128002
1269578072380116995
1269578779288092675
1269579160923435008
1269579190841597953
1269579480869322754
1269580078775705600
1269580677130981377
1269580802037288960
1269581262630641664
1269581317722779648
1269581369165807617
1269581770070130688
1269582002929483777
1269582223553916934
1269582596670844928
1269584020049760259
1269584771648274432
1269584856889122817
1269585005350735872
1269586186085052420
1269586372886659072
1269586766215905282
1269586830397227008
1269587068457451520
1269587180273491968
1269587211823038465
1269587340722352128
1269587953350836225
1269588031180140545
1269588786775801856
1269589198497034240
1269590076176183296
1269590632638676992
1269590845772177410
1269591336027652096
1269591517162885121
1269591563182772224
1269591763485949952
1269591888559996931
1269592885885759493
1269593156745650180
1269593908201361408
1269594133372571648
1269594359143546880
1269596374737326080
1269596950510403585
1269597058433978368
1269598533474308096
1269599134492823553
1269599504245960704
1269599960850403328
1269600060377124864
1269600261309378561
1269600616860565506
1269601732713238530
1269601818209812480
1269601881980051462
1269602129989304336
1269602543434231810
1269603229639172096
1269604539419721728
1269604848095449088
1269605058267820032
1269605360932982784
1269606065701679105
1269606375484608514
1269606543709724673
1269606602405040128
1269606773893275649
1269606818122252289
1269607001417531392
1269607239511191557
1269607379332710401
1269607746011164672
1269608018980884481
1269608322669244416
1269608601330552836
1269608880339931138
1269609314202685441
1269610546766045186
1269610579414614016
1269610657952993280
1269610671760703493
1269611385073401867
1269611439595171846
1269612306549399552
1269612974873821184
1269613026010976257
1269613035292950529
1269615414377676802
1269615474679013378
1269615489073872897
1269615499522068481
1269616109088436227
1269616212507492352
1269616244988293120
1269616256354791425
1269616844891017217
1269617503094833154
1269617563354439687
1269617585475239936
1269618044864794625
1269618626962657280
1269618731921137665
1269619154904064002
1269619303562670083
1269620107501867011
1269620658423635968
1269621157805748224
1269621644185591809
1269622163033796608
1269622434237480963
1269622860508692490
1269623758702161921
1269624598733127681
1269624955379101696
1269625056562421761
1269625135843225600
1269625206110289920
1269625296912818180
1269625628715880450
1269625730897334272
1269625765588541443
1269625980097826816
1269626039778660353
1269626222709006338
1269627223528681472
1269627432245628929
1269627812216033280
1269628083428098048
1269628398659305473
1269628446960951296
1269628625097277441
1269628695360217088
1269629053650317327
1269629198899056641
1269629454126546944
1269629952338669569
1269630209831194625
1269630768252219392
1269631285623955456
1269631457468624896
1269631702546219008
1269631733919612934
1269631754173849600
1269632400809746432
1269632424125902848
1269632515268055040
1269632625829916673
1269633014079741953
1269633065883774977
1269633226361827328
1269633227553153024
1269633405442031616
1269634025523642369
1269634353363128328
1269634479846494210
1269635607774539778
1269635991897141249
1269636041289478149
1269636268532609025
1269636288522653696
1269636428784439296
1269636610124943362
1269636776680984577
1269637259508285441
1269637749025325059
1269637750757576705
1269637850447872001
1269637935869149192
1269637953766199298
1269638169252823040
1269639301026979841
1269639895204737024
1269639896819433472
1269640041736949761
1269640712821194752
1269640733834633218
1269640803422367746
1269641495440764929
1269641897842270208
1269642096429932545
1269642168077029376
1269643138353836032
1269643325348499457
1269643635009687552
1269644089991061505
1269644321034317830
1269644967095472130
1269645771458195457
1269646136547172353
1269646183175090178
1269646205962915842
1269646207820931073
1269646847641112577
1269647721872470021
1269647891116830720
1269648169610158080
1269648628739485696
1269649000124174336
1269649467378147330
1269649651617103873
1269649790977138689
1269649827056533506
1269650031340027909
1269650397288960001
1269650484614184962
1269650493732728833
1269650731348484100
1269650744199634944
1269650801582133249
1269651087327326209
1269651088363274241
1269651151013720064
1269651256806498304
1269651466853052416
1269651815974371328
1269651923105431554
1269651924128841730
1269652157227302913
1269652347757588482
1269652429697617921
1269652849513754624
1269652864470847493
1269652872452624384
1269652903863738369
1269653322660806663
1269653653687873536
1269653796977815553
1269654064708681730
1269654310981419008
1269654395463110656
1269654819414958084
1269655402519633921
1269655413454241793
1269655594031632386
1269656130851975169
1269656220706787328
1269656667014279173
1269657201787928578
1269657393677373446
1269657399339683842
1269657414371950593
1269657884301746176
1269658102040801281
1269658110228135936
1269658239081340929
1269658330596888577
1269659211555799040
1269660099565555712
1269660382873952257
1269660642459496448
1269660699086802945
1269660701209083904
1269660780061810688
1269661154369929216
1269661493311598592
1269661778880929794
1269662016001601536
1269662136482988033
1269662529174765569
1269663772295213056
1269664043452825600
1269664688389984261
1269665283091902464
1269665513355051008
1269665548583014401
1269665941199060998
1269665942511816704
1269665944407691264
1269666043590574082
1269666296632946690
1269666462530064385
1269666673017204742
1269666934565548032
1269667144964456450
1269667578667921408
1269667587518054401
1269667651569299456
1269668103136456707
1269668263929110528
1269668596785065985
1269668612719157249
1269668866952777735
1269669132955463682
1269669306620620800
1269669332583399424
1269669478666776576
1269669614981722112
1269670157414260736
1269670646834962433
1269671290270625792
1269671343055872003
1269671558802481153
1269672226212786178
1269672988040925185
1269673049223200774
1269673415499268096
1269673496231149575
1269673496390426624
1269674110076010496
1269674543280467968
1269674690366193665
1269675375619182593
1269675630750240768
1269675769699151878
1269675780990095360
1269675819166773248
1269676593028517889
1269676816043819008
1269676882376691713
1269676941654798341
1269677046151606273
1269677355775254533
1269677396472606727
1269677607034945536
1269677648760000514
1269677648881606656
1269677895124807683
1269678043313901575
1269678120853835776
1269678382389710849
1269678821986447361
1269678901728509953
1269678935048179716
1269679043772911623
1269679237155500032
1269679391065477127
1269680011843457025
1269680068965683202
1269680283118448641
1269680571405479936
1269680611620466688
1269680656990130176
1269680658080657415
1269680672437870594
1269681056598429698
1269681168309518336
1269681685316198400
1269681782200373249
1269682252365037570
1269682579130781698
1269682807963480064
1269682880441208834
1269683265390161934
1269683378250551296
1269683507607089152
1269683851963461633
1269683897341816834
1269684360166412288
1269684638643085312
1269684660075810817
1269684847158743042
1269684961038090240
1269685431383228419
1269685773433032705
1269685941804957697
1269686009433698304
1269686261461037057
1269686271699488788
1269686392763842560
1269686789729423360
1269687132890828803
1269687608864628736
1269687654397984769
1269687976306413570
1269688208771543040
1269688285837889538
1269688580680626177
1269688707088613378
1269688833001566209
1269689134685335554
1269689269054050304
1269689279523033090
1269689280588386309
1269689417280573440
1269689563364065280
1269689674689400833
1269689794570809344
1269689810895212544
1269690287712096258
1269690311917408257
1269690602968530945
1269691006653542403
1269691137595490313
1269691478755819520
1269691583848280066
1269691611430088705
1269691722101133313
1269692022694215680
1269692067573309441
1269692336382054407
1269692369600802816
1269692505706172421
1269692702557261824
1269692751647555584
1269692777220186112
1269692809105326082
1269693556056260609
1269693773497262081
1269693964824776704
1269694132479504388
1269695027174752258
1269695698766725123
1269695715393114112
1269695885971091456
1269695890052136961
1269696040288034817
1269696045249855488
1269696076141015042
1269696261373878272
1269696933528035328
1269697523397955584
1269697861266087942
1269697876676030467
1269698107765174272
1269698159787335681
1269698186521784321
1269698186790211584
1269699028624773121
1269699319835299845
1269699782097776641
1269699958996787200
1269700002668052480
1269700026059669504
1269700100667949056
1269700570488516608
1269700696359735300
1269701199604985857
1269701245289345030
1269701302465867776
1269701521043849217
1269701942420353024
1269702679908855810
1269703067303370758
1269703155648008192
1269703232944844801
1269703274866843648
1269703823347466240
1269704405290549255
1269704618679783424
1269705154460364802
1269705157354434568
1269705193450545154
1269705742858084352
1269705742157844481
1269706047918428160
1269706059217874950
1269707010427228163
1269707166321082369
1269707430906249216
1269707614818099203
1269707734221553664
1269707885052862464
1269708143275147276
1269708999995215872
1269709183601061890
1269709332943458310
1269709612359565314
1269710108948344833
1269710621894991879
1269710733761101824
1269710734792904704
1269710735786926080
1269711215732850688
1269711255419400198
1269711388672393216
1269712113842323457
1269712250299973639
1269712285255286786
1269712459662872580
1269713177769541632
1269713261777256448
1269713277434634240
1269713361056473088
1269713512051494914
1269713703605161985
1269714548837228557
1269714671109578752
1269714693679132672
1269715357398437889
1269715518279294977
1269715614496518145
1269715692170993667
1269716802336145415
1269716892387815424
1269717006066028547
1269717257510285312
1269717877743063042
1269718057791995905
1269718182429896705
1269718270313140226
1269719257195130886
1269721127481421825
1269721332264194052
1269722057148776449
1269722082541293571
1269722796889747456
1269722805035245569
1269722807824297985
1269722830754717696
1269723159693004800
1269723458306551814
1269723497162514437
1269723579446427654
1269724023849713667
1269724025665867776
1269724384727650304
1269725448684007425
1269725449761878016
1269725450818875393
1269725451812958211
1269725630226223106
1269725734987345920
1269725956408631296
1269726206888476674
1269726624276262912
1269727387014627328
1269728314358296578
1269728370864132096
1269728746413740033
1269729339148468225
1269729659782156288
1269730320317853697
1269730519882711040
1269730809185001475
1269730929016098817
1269731190501761028
1269731486388965376
1269732113139535873
1269732118927736834
1269732128604016642
1269732263572525067
1269733008677965824
1269733043738034176
1269733783676293120
1269733847098257408
1269734065688547328
1269734309021265921
1269734617780588544
1269734768582758402
1269734973373927428
1269734974447587329
1269735050758807558
1269735087152730113
1269735145667469312
1269735164847906816
1269735460642963458
1269735848611852291
1269735881780482050
1269736167232147458
1269736196743274507
1269736257908813825
1269736417434853376
1269736686243721226
1269736685513904129
1269737337057095681
1269737506947375104
1269737805984514051
1269738297099718656
1269738566952812550
1269738902400765954
1269739672361730052
1269739794222985217
1269740299196063746
1269740300315971584
1269740301398077442
1269741566702338058
1269741790522945536
1269741848467251200
1269741889370062848
1269742694017961989
1269743077532426241
1269743123007062017
1269743895895855105
1269744257818144768
1269744337472159746
1269744696630411271
1269744975287386114
1269745137388867586
1269745179201695744
1269745329420853249
1269745828484329479
1269745921962782723
1269746017794248704
1269746098240921601
1269746594598928385
1269746740971933696
1269747528842567681
1269747856308678657
1269747886713118720
1269748743051587584
1269749500719046660
1269749561246932992
1269749566926192640
1269749616888541184
1269749711046574082
1269750294877011969
1269750550641377280
1269750594048339970
1269750693776125952
1269750942121033729
1269751102511202306
1269751478505308161
1269752048066744327
1269752479991947268
1269752961770631170
1269753048240459776
1269753306353676288
1269753372938248193
1269753619089424385
1269754601198227458
1269754607800123395
1269755285112975360
1269755928921989120
1269756342589435910
1269756622504693762
1269756669518635008
1269757477765238791
1269758277102993409
1269759004999376897
1269759173727629313
1269759314190905345
1269759649055739905
1269759762922647555
1269760269191974918
1269760423294840833
1269760488646180864
1269760721233076232
1269760738098323456
1269760859313766400
1269761247563612170
1269761305646415876
1269762068669841409
1269763843254890504
1269765077973925889
1269765933788258308
1269766376299859969
1269766406192668672
1269766663911636995
1269766803829424128
1269766922389856264
1269767940028669954
1269769877834928128
1269770372817149952
1269770854230966272
1269770885407420416
1269770985864982530
1269771514158747648
1269771726184951814
1269772693345316866
1269772809498234881
1269772904943751168
1269773094421397510
1269773448030703617
1269775320699277314
1269775817145376768
1269775933214318592
1269776640072007680
1269776696577789953
1269777313945829378
1269777410620157953
1269778094862319624
1269778440867188736
1269779807874711554
1269779823037210625
1269780072162111488
1269780172632403968
1269781600419577859
1269781651720228867
1269781857866059779
1269781889541423104
1269782082940817409
1269782320485224454
1269782639965360132
1269783368763392002
1269784968370274310
1269785345849094145
1269785348051099648
1269785798473396225
1269786330780884993
1269786446719782914
1269786656065888256
1269786673459671040
1269788679611936770
1269788806095478784
1269789100695072768
1269789397496578048
1269789466903879680
1269789843380453377
1269790945115070464
1269791239571898369
1269791309293932547
1269791421118263296
1269791525904547841
1269791622717485056
1269791819748872194
1269791998610796544
1269792034187022336
1269792525381967872
1269792661130686465
1269792816563212288
1269793183711428608
1269793223263883264
1269793805747859458
1269793807345868800
1269794702762614796
1269795123178672129
1269795743533056001
1269796361127559171
1269796883171610625
1269797176051466240
1269797806228647937
1269798567004307457
1269799043292712960
1269799252022173702
1269799621762715648
1269799787387408387
1269799979067092993
1269800319275261952
1269800320281964544
1269800321292722176
1269800822700826624
1269800962761330689
1269801198774706177
1269801231234535432
1269802742471692288
1269802949271621633
1269803743295549440
1269803967128629248
1269804152420433923
1269804173756731392
1269804219382616064
1269804238911098880
1269804376115249152
1269804649785237506
1269804742345097219
1269804821470732291
1269804851988500481
1269804985484824578
1269805802690412546
1269805903072628738
1269805981849907200
1269806217095831552
1269806297442066433
1269807195887001601
1269807335255486464
1269807420433285120
1269807473306804224
1269807711828553729
1269808269607858176
1269808469462286337
1269808791022759937
1269808917787312129
1269809910566604803
1269809963095830528
1269810130671067142
1269811090952601601
1269811188608753665
1269811219856265222
1269812590290624518
1269812595608911874
1269812814966919168
1269812841390931968
1269814011505360903
1269814171060731904
1269814342284906497
1269814829235175425
1269815674584494081
1269815676337700864
1269815747590619138
1269815997697069056
1269816054303174656
1269816605036306435
1269818833092542464
1269819188597493760
1269820066335469573
1269820552597954561
1269820704746242052
1269821037941870592
1269821117780373505
1269822133560946688
1269822688798945281
1269823461095952385
1269823926257025024
1269824317245751302
1269826421301616640
1269826522522755072
1269827226947563520
1269827431633993728
1269828608064761856
1269828723919908865
1269829120222846977
1269829290897489920
1269829309964812288
1269830614485815296
1269830654004359168
1269830776364793856
1269831551480717312
1269831596540071937
1269832010610151425
1269833275914227712
1269833417258139648
1269833462049103881
1269833954208763905
1269834444413771778
1269834488294658049
1269834579298398208
1269834617604968448
1269837386654969856
1269837550677450752
1269838243811536896
1269838672431648768
1269839408502628352
1269839729509441537
1269839812183416837
1269840358755762177
1269840410685423616
1269840806434791426
1269840862894309376
1269840908733669376
1269841355699863553
1269841367577985024
1269841573505904640
1269841762962550784
1269843148920020992
1269844043682451457
1269844404531073024
1269845150110552071
1269845192011665415
1269845494391402498
1269845500578222082
1269846121985110016
1269846131195797504
1269846832789762048
1269846974284435457
1269847262370332673
1269847467488686083
1269847556265254912
1269847579266879494
1269847747605204994
1269848003189395456
1269848137075765248
1269848536289591296
