1274196777500106752
1274196905912946688
1274197576624025601
1274197720639705088
1274199095654178816
1274199541248638977
1274200360307965953
1274201570935107585
1274201576039542784
1274201722567757824
1274201806516740097
1274201861487198209
1274202612838141957
1274203080565784580
1274203502320005124
1274203534586785792
1274203742288719872
1274204038599409665
1274204067502460928
1274204102919061506
1274204395203428357
1274204497255022592
1274205360916697088
1274205419217522688
1274205451610177536
1274205700483317760
1274205813104656385
1274207456013451265
1274208919833980929
1274208969091940352
1274209641828954112
1274211504649273345
1274211755737186305
1274212257791184897
1274212718833217538
1274213700841410561
1274213739810652161
1274214295312764928
1274214433439518720
1274214456889708550
1274214655532191745
1274215331553296384
1274215398590775298
1274215657664634881
1274215864804487168
1274216043552989189
1274216514229547008
1274217230906114050
1274217300149731328
1274217409692479488
1274217550448955393
1274217563891945472
1274217930725765120
1274218217955831813
1274218602682605568
1274219184113831938
1274219256457187328
1274219520496893954
1274219578223144961
1274221200386879488
1274221203528417280
1274221621293707266
1274221805272797189
1274221930242072576
1274222207925813249
1274222438809731072
1274222767651663872
1274223258578157569
1274224611048202240
1274224646922145792
1274224696951791616
1274224959225765888
1274224989408038914
1274225223886270464
1274225227392643073
1274225520427913216
1274225540212363265
1274225630415138816
1274225820811309056
1274226883195023360
1274226997577670657
1274227530787172365
1274227531588173824
1274227962519457793
1274228173190975489
1274229046914830336
1274229081177980928
1274229219879538689
1274229545986486274
1274229893891592192
1274229946433634305
1274230507002363905
1274230550438588421
1274230726288760832
1274231139092385793
1274231364666171392
1274231487408287744
1274231816837357568
1274231924001779712
1274232038359433216
1274232187668385794
1274232383454228481
1274232901870276610
1274233686838456320
1274233803209392128
1274233890899726336
1274234295360643072
1274234437509820417
1274234746550312960
1274235236654682113
1274235595162816518
1274235637860892673
1274235677413179392
1274235739279065088
1274238509679812608
1274239204579573761
1274239235671961601
1274239993125502980
1274240199556464642
1274240421733031936
1274240757306667008
1274242055548567553
1274242183550373895
1274242538648547330
1274242631447580672
1274243307904827393
1274245015028432897
1274245622657421323
1274245715036962817
1274245731256340482
1274246038879113216
1274246517696729088
1274247214093815810
1274247687928532992
1274247794505797632
1274248138031878144
1274248447084965891
1274250007521177600
1274250370622070784
1274250850479812608
1274250986819895296
1274251252545794049
1274251481990828032
1274251558214123521
1274251755010830337
1274251781040717824
1274251835763765248
1274252483850915840
1274252561948778496
1274253014040219649
1274253199541755904
1274253232534106112
1274253453750087681
1274253472960057344
1274254139762118656
1274254624653029376
1274255553733124096
1274255563543556096
1274256222808662017
1274256502707179520
1274256576543678464
1274256701517004800
1274256702611746818
1274256703668666374
1274256863744397313
1274257175649665024
1274257308810436608
1274257364141723648
1274257602042609664
1274257989260607490
1274258079551553537
1274258430346305538
1274258613121495040
1274258961848365056
1274259361062420480
1274259557452263424
1274259971006509056
1274260487052627969
1274260722113933313
1274260742913605632
1274260830331252736
1274261727446786048
1274262013615706112
1274262508904341505
1274262626168643585
1274262832008265728
1274263467101487105
1274263470842818560
1274263940147613696
1274264158637187072
1274264648234274817
1274265025633542145
1274265050946158592
1274265124983930880
1274265136782589952
1274265994769379329
1274266364568633344
1274266485016453120
1274267470514335745
1274267922094075905
1274268060678066176
1274268352471601152
1274268888021127169
1274269357837889536
1274269407536189440
1274269641901137921
1274270060673142784
1274270162947055619
1274270396179603456
1274270400394883072
1274270464030969856
1274270536022069248
1274270883687923712
1274271083806547970
1274271180527149056
1274271414510587905
1274271760221962240
1274272042527756288
1274272044251672577
1274272410871750657
1274272598420000768
1274273574350737408
1274273667875299334
1274273697260421120
1274274439132327936
1274274442051543040
1274274672637628417
1274274756272021504
1274274839629627393
1274274979979374592
1274275011860275205
1274275439931002880
1274276188173864960
1274276471155101696
1274276541632057344
1274276606606028800
1274277238188445696
1274278160545300480
1274278239876374528
1274278732434374658
1274278753536020483
1274278953222578178
1274279192172134400
1274279483030351872
1274280861710659584
1274281438221918208
1274281518438010880
1274281597311741952
1274281734943715328
1274281783710945280
1274281797774381056
1274281813976985605
1274282083813392384
1274282110279450625
1274282390261661696
1274282481458520065
1274282728687534081
1274282861227540485
1274283071836164096
1274283373058498561
1274283481246334982
1274283881835847680
1274284046651179009
1274284054095986688
1274284119418167296
1274284205548003329
1274284260275507200
1274284515389734912
1274284691709931520
1274284923273216000
1274285508194185217
1274285537071976449
1274285795424288768
1274286483780898817
1274286639020494849
1274286878745751554
1274286920588242944
1274287536664383489
1274287729338179584
1274288163872288768
1274288268998213639
1274288331061370880
1274288434543280129
1274288477677420545
1274288926082113536
1274289822002229248
1274290006358712320
1274291034378448897
1274291153861566465
1274291355930501120
1274291508338921473
1274291514944954369
1274291549736706050
1274291650769162240
1274291653185019905
1274291782935814145
1274291789705416704
1274291917199638530
1274292091917656071
1274292218707181568
1274292296276750339
1274292357744254977
1274293133078036482
1274293301990944768
1274293604417224705
1274293615653720064
1274293618015174656
1274293663162646528
1274293709379641346
1274293767546318848
1274294779405307904
1274294945222922240
1274295858092298240
1274296105195442188
1274296104318877698
1274296105682063360
1274296106260848640
1274296121972740096
1274296190079840258
1274296950783741952
1274296952134332417
1274297106627518464
1274297253994344448
1274297259262435328
1274297816299515904
1274297981597081600
1274297984105230338
1274298042003394563
1274298092158738432
1274298124614406144
1274298456266485761
1274298647228932096
1274299108811923457
1274299446021500929
1274299755426873345
1274299790780702720
1274300223955914752
1274300710671265792
1274300741335875584
1274301065341669377
1274301126070931458
1274301352185921537
1274301639147638784
1274301724681998338
1274302010611957760
1274302282465673216
1274302483435630597
1274302584375951361
1274303090850779138
1274303416085463040
1274303501053472768
1274303950016122880
1274304077149753345
1274304207374430208
1274304229327491077
1274304515907387393
1274304989083598848
1274304991801597952
1274305133057376257
1274305495654895616
1274305841965998081
1274305880876613632
1274306431538409472
1274306721784180736
1274307148701405187
1274307233552056321
1274307436799832066
1274307473957142528
1274307615049355264
1274307946378334208
1274308061499478023
1274308271009075200
1274308605370605571
1274308696856621056
1274309283535032321
1274309318914048006
1274309874810306561
1274310256353574912
1274310588554973184
1274310810936975361
1274310842297782272
1274311147097915394
1274311417815085056
1274312551510052865
1274312648465756160
1274312652098080769
1274313045557350401
1274313151845187586
1274313308972019715
1274313350197972997
1274313461233856512
1274313530062376960
1274313551939846145
1274313779052937216
1274314033840238592
1274314353626558465
1274314491954630658
1274314492827127809
1274314494408298496
1274314497725992960
1274314505229611008
1274314550310027264
1274314582916464641
1274314603707666432
1274314632698777601
1274315048341647360
1274315324611952641
1274315593232113665
1274315863009746944
1274315880449499139
1274316076830953475
1274316263217664000
1274316338136322048
1274316454813409282
1274316553065021440
1274316579396706304
1274316586791231489
1274316870385127425
1274317165831827456
1274317402285711360
1274317405880270848
1274317446724358144
1274317448511193088
1274317449345859584
1274317450243452932
1274317451157745664
1274317452067954689
1274317456446758914
1274317508900773888
1274317600374358016
1274317767290707968
1274317785066278913
1274317880650354688
1274318036615540736
1274318790403198976
1274319030451605504
1274319325428678658
1274319326112288769
1274319335251640321
1274319382265704453
1274319521394733057
1274319701540249600
1274320044542111745
1274320094659858432
1274320309135519744
1274320393348829184
1274320687109472259
1274321114098012163
1274321137003122689
1274321364263088128
1274321454063071233
1274321923456086016
1274321962467315712
1274322195880251392
1274322871544938497
1274323193780715522
1274323254002487297
1274323581221179392
1274323626880368640
1274323829268103168
1274324049158721538
1274324396988149762
1274324885398065155
1274324957519060994
1274325350420557830
1274325360495276042
1274326183962988545
1274326398669381632
1274326783500914689
1274326985012056065
1274327119275929600
1274327405256151040
1274327428614234112
1274327674534723587
1274327945662861314
1274328096943083521
1274328254128762882
1274328322214895617
1274328393698496512
1274328419904507910
1274328665627770883
1274328830082256898
1274328983174250496
1274329179266392067
1274329309902245890
1274329621195116544
1274330008077639681
1274330137950072833
1274330261740761090
1274330295672516609
1274330688695742465
1274330870871134209
1274331516747821059
1274331553817137153
1274331589783281665
1274331841579945986
1274332948158808065
1274333030711267330
1274333353865613313
1274333411730231296
1274333531670548485
1274333616093437952
1274333700734541824
1274333858117193735
1274334060391870467
1274334132915646465
1274334239148949506
1274334425627725824
1274334517675859968
1274335275729260544
1274335611487424512
1274335683117830145
1274336013175980033
1274336148756860929
1274336362322374656
1274336368731336706
1274336504488374276
1274336558603284480
1274336578979143680
1274336715419901952
1274336988448071681
1274337172443869184
1274337233093435392
1274337233928163329
1274337238705455105
1274337812838522880
1274338047895748610
1274338113314271232
1274338167311798272
1274338580245221381
1274338872256757763
1274338998299877377
1274339269059006464
1274339506091671553
1274339638430314498
1274339695753912320
1274339755921113089
1274339974389907457
1274340128530608130
1274340175447916544
1274340409582510086
1274340496756944900
1274340513940815872
1274340927025397760
1274341010831794177
1274341385941012481
1274341446829703168
1274341552161263616
1274341808257056781
1274341834878144512
1274341872614297602
1274341927937282048
1274342017682849792
1274342062230560768
1274342547310157825
1274342598090657792
1274342687655821313
1274342868224704513
1274342913070247940
1274342929830678529
1274343181363171328
1274343364473819138
1274343791000985602
1274343814791147526
1274343887432187904
1274343985633468419
1274343985713164289
1274344172804243456
1274344427817926658
1274344652775329792
1274344898666340355
1274344930798903297
1274344956019314696
1274344965217402880
1274345144725233667
1274345224316293120
1274345475651637249
1274345671647166469
1274345710499045378
1274345720733147136
1274345872306900993
1274346151190224897
1274346471719088131
1274346543294951427
1274346641496178688
1274346829858189312
1274346952394772481
1274347030794711040
1274347285179183105
1274347680509165569
1274347773278781442
1274348045749096454
1274348079433617410
1274348144558592002
1274348204847501313
1274348388511817730
1274348413426061312
1274348453867520008
1274348496347430912
1274348553159106560
1274348925160284161
1274349026570272769
1274349082111287297
1274349149824172033
1274349165145985024
1274349237778690050
1274349534051737602
1274349606416121857
1274349654231126016
1274349981139337220
1274350141722501120
1274350386040770560
1274350430680518656
1274350670288740352
1274350831341572097
1274350905798819847
1274350907015249920
1274350931535159297
1274350948522000384
1274351141476880385
1274351516904808448
1274352033949265920
1274353296711364608
1274353390294892544
1274353597879390211
1274354071206584326
1274354104853291010
1274354117729714177
1274354307064836097
1274354509741948928
1274354752193773568
1274354905558454272
1274354926282555394
1274355039356751872
1274355192906031106
1274355293342875648
1274355560104824839
1274355934685474821
1274356038096035840
1274356279566368768
1274356435573444608
1274356475545223168
1274356640519786497
1274356740864249857
1274357052031320064
1274357189759688706
1274357369624047619
1274357417900494851
1274357469867802625
1274357580597518336
1274357814539026433
1274358048866344966
1274358731585785856
1274358876863954944
1274359056531161090
1274359092753113089
1274359399809789953
1274359436937658368
1274359449885585411
1274359908738240521
1274360159142371329
1274360455369285633
1274360465485938693
1274360819191443456
1274360836195332105
1274360948074168321
1274361626360233988
1274361937292341249
1274362128476983296
1274362130565758976
1274362181463805952
1274362501430415360
1274362522041298956
1274362670477643776
1274362761896759296
1274363393260961797
1274363477000425477
1274363517341032450
1274363805754101760
1274363861202800641
1274363887308148736
1274364099120582656
1274364222697136128
1274364590403379200
1274364639711813632
1274364677363884032
1274364891848151040
1274364986714882048
1274365259055345670
1274365410243162112
1274365913643593730
1274366026965307392
1274366159522091009
1274366244930629634
1274366298491949056
1274366424266477568
1274366491878658055
1274366638129807361
1274367038819991554
1274367820638425097
1274367955132964867
1274368112138301446
1274368117918105601
1274368146607136771
1274368211685912576
1274368509116592130
1274368587063595010
1274368737945190403
1274368859286523907
1274368902236196867
1274368911178416128
1274368957160488967
1274368988299042816
1274369249692340224
1274369268457537537
1274369353908195330
1274369676420640768
1274369910282616833
1274369961524367361
1274370276009168896
1274370295428759553
1274370329809506304
1274370460864700418
1274371277621428224
1274371497067515904
1274371551782146048
1274371606647889926
1274371675191156737
1274371973892710400
1274372099050737664
1274372197566631943
1274372334024097792
1274372720277573634
1274373326446575616
1274373881223090176
1274374211516203010
1274374558422831106
1274374699003371524
1274374790078398465
1274374814011187200
1274375061038927874
1274375272180125697
1274375279973150720
1274375384633671681
1274375408100806656
1274375421665202184
1274375716440850433
1274375890798030849
1274375970976399360
1274376055764193282
1274376163318784001
1274376534162395136
1274376726555090945
1274376816795324417
1274377481802223616
1274377485119926277
1274377535560835084
1274377772807438336
1274377798782717952
1274377880986726401
1274378213062557697
1274378236512829441
1274378252623196160
1274378375512145920
1274378415785861121
1274378493158207492
1274379021741101057
1274379405066932225
1274379588119003136
1274379623116140544
1274379870785716225
1274380385363910656
1274380535184470018
1274380554268487680
1274380743087661061
1274381203454464004
1274381203752222722
1274382110921457666
1274382472378187776
1274382599306317824
1274382951862669312
1274382997840633863
1274383026567471105
1274383052400144387
1274383279404265475
1274383307304730630
1274383437592485889
1274383625832759303
1274383664458223617
1274383742421929987
1274383747450716160
1274383885414158337
1274383897640534019
1274384205225607168
1274384474906791937
1274384808886571008
1274384968156938241
1274385216002502656
1274385280544448513
1274385739799814144
1274386314323021824
1274386478412464128
1274387065216663552
1274387089010851841
1274387330825105411
1274387430569848833
1274387606076370944
1274387736619859968
1274387882304733185
1274387972247429125
1274388007970316288
1274388010067427329
1274388071727931392
1274388091369861126
1274388195174686720
1274388430454169600
1274388588281712640
1274388680493260800
1274388783753027590
1274388951755784192
1274389039630729218
1274389694277734408
1274389775177277440
1274389775793913858
1274389928324055040
1274389941963960325
1274390455178924033
1274390558887366658
1274390818950791168
1274391079236894721
1274391161818488833
1274391195662221313
1274391196773888002
1274391368287150081
1274391602719580160
1274391669958418432
1274391694537043970
1274391705807196160
1274391717542838272
1274391774799310850
1274391799818342403
1274391897092567045
1274392053976309761
1274392143889604608
1274392167545540615
1274392206963441664
1274392208007811074
1274392209110917127
1274392214131683330
1274392237355532290
1274392363406950402
1274392364090621958
1274392515735695361
1274392574208475137
1274392638507102211
1274393180008402944
1274393276112609281
1274393433130577922
1274393478219345920
1274393558208970755
1274393680598704128
1274393736303214593
1274394061420605440
1274394063245107200
1274394072338358273
1274394330808098824
1274394709750943747
1274394773688930304
1274395100723007490
1274395110344732672
1274395217127489536
1274395274467782656
1274395334475755526
1274395456211214345
1274396636811313154
1274396805342642177
1274396933566709762
1274397015628296192
1274397768392626181
1274397787397001217
1274397820657827842
1274397900219482112
1274397917395193858
1274398127152390145
1274398495462621184
1274398600668340227
1274398785951670274
1274399119512043520
1274399275179544577
1274399686309359616
1274399841070845952
1274399867368951809
1274399871760568323
1274399972843237383
1274400101285408768
1274400132369461248
1274400355288260611
1274400364683550724
1274400368278097921
1274400478940585985
1274400629243416582
1274400741013311491
1274400878431264773
1274400985985748993
1274401136443895809
1274401146212421639
1274401389368807430
1274401560437706754
1274401645263282176
1274401841963565061
1274402157199011843
1274402160629907456
1274402359737823232
1274402736696590336
1274402830967877632
1274402970524925952
1274403292630654976
1274403372532105217
1274403675100807175
1274404267005280257
1274404418671214593
1274404420906860544
1274404676197376002
1274404745877356545
1274404828106629123
1274405431276908544
1274405545068261376
1274405583534374914
1274405699305590786
1274405771485368323
1274406317092999169
1274406362634747907
1274406378711461888
1274406677127798785
1274406904568123392
1274406924717420544
1274406937157869572
1274407553355710464
1274407561534615552
1274408204315869186
1274408385690157057
1274408548726956038
1274408559732641793
1274408812842225664
1274408882593554436
1274409004345720832
1274409298374938624
1274409521771737088
1274409773883101186
1274409916640395265
1274409944272506883
1274410197876948995
1274410205523165190
1274410604330201093
1274410729068773376
1274410849340358656
1274410855837233154
1274411314014760962
1274411896708509697
1274412302729543681
1274412334702788608
1274412389367189504
1274412638437617669
1274412746663170048
1274412747095191552
1274413052843249664
1274413082056503303
1274413442166857729
1274413685931466754
1274413691258245120
1274413707175616512
1274413796598206466
1274414605767491587
1274414630220300290
1274414792393076740
1274414904066400256
1274415070240440320
1274415088032788481
1274415130349092866
1274415159524589579
1274415210447716352
1274415621262979072
1274416215658766337
1274416489110679552
1274416527811514369
1274416676692516864
1274416781793398786
1274417032306532354
1274417258736091136
1274417878167584769
1274418152575811585
1274418610388295681
1274418710552461312
1274418967302606855
1274418982796308486
1274419118167506944
1274419244776722433
1274419373378134016
1274419382135992323
1274419478449852416
1274419614445862918
1274419840422420481
1274420166814773249
1274420205171638272
1274420304786448385
1274420619191484427
1274420758924713985
1274421055155814402
1274421246332198914
1274421269145010179
1274421281199476740
1274421291215437824
1274421749141123074
1274421796884840448
1274421907618660354
1274422012405075974
1274422142654963714
1274422334204624896
1274422716586737665
1274422862926041088
1274423095709892614
1274423261418438657
1274423307937382401
1274423480793038848
1274423671432654849
1274424385936388096
1274424491981103104
1274424622105190402
1274425010787155970
1274425204811366402
1274425237451481091
1274425672560246788
1274425888386547712
1274426022537166848
1274426336069607425
1274426458522497026
1274426775968403458
1274426832721502208
1274427085893832705
1274427151283077122
1274427305478295553
1274427418946789376
1274428521524445184
1274428571730292741
1274428630723104770
1274428688910745600
1274428883245432834
1274428954741522432
1274428987343876097
1274429263308042242
1274429461488906243
1274429558272524288
1274429956550987780
1274430060376870914
1274430150633979905
1274430167608446976
1274430434810658817
1274430517040070657
1274430693490253824
1274430725400469506
1274430883873816580
1274430928283148289
1274430975976583169
1274431307506946048
1274431427002675200
1274431706519556096
1274431729613312008
1274431780343418880
1274431782205734912
1274431826422104064
1274431968617402371
1274432049798156288
1274432107914420231
1274432145956786179
1274432508432703488
1274432765279252480
1274432916840484867
1274433409625047040
1274433647735603200
1274434214721654785
1274434355193163778
1274434402223865857
1274434644532957188
1274435006744735744
1274435107156135936
1274435632287363072
1274435657381928960
1274435878920708097
1274435911082639361
1274436210757378050
1274436418681688064
1274436497052069888
1274436498096439297
1274436499228901376
1274437196154572809
1274437248075935750
1274437279264768006
1274437376161443840
1274437406465429504
1274437842647818240
1274437854886866945
1274438031240499204
1274438079835566080
1274438169530859523
1274438192947769355
1274438772260773888
1274438977307770880
1274439176205660161
1274439262512001025
1274439285735907328
1274439714297253888
1274439947160862720
1274440153319145472
1274440248290926592
1274440379002163200
1274440867512811520
1274441034131439619
1274441236372430850
1274441282107179009
1274441483127529479
1274441662794567680
1274441725814149120
1274441870979072003
1274442015472848896
1274442185816096768
1274442393035694083
1274442483062247426
1274442941357006855
1274443091194400770
1274443121636638731
1274443202645446657
1274443308564127744
1274443309646262272
1274443400775901184
1274443618066018304
1274443740342554624
1274443854624645122
1274443984912384000
1274444125513887744
1274444194464108544
1274444285786624003
1274444474366734339
1274444550036164609
1274445016400879618
1274445186265997313
1274445750873862148
1274445966217826312
1274446445211508741
1274446449162543105
1274446538551500809
1274446923085340672
1274447194079322116
1274447759718993920
1274447772972912647
1274447858817695745
1274448075726172164
1274448317326544896
1274448680972701699
1274448919938899974
1274449309333889024
1274449758854287367
1274449825371688961
1274449955998990336
1274450128460566536
1274450482984038400
1274450511467610112
1274450710621499395
1274450824282980354
1274451130471403520
1274451180920410113
1274451345878073344
1274451785567043584
1274451819310219265
1274451833126359045
1274452227759976449
1274452525782126594
1274452681256509442
1274452836865146882
1274453256220160003
1274453316030906369
1274453358938664960
1274453688468242432
1274453720785391620
1274454271061372929
1274454272021757956
1274454274056032257
1274454423889117193
1274454786612563971
1274455024295383041
1274455098886959113
1274455219674533890
1274455225584230400
1274455291984297985
1274455530371768328
1274455564299501570
1274456124394221568
1274456404795981824
1274456690814001154
1274456889825406976
1274457132927238145
1274457216737820677
1274457361126694914
1274457398590259200
1274457851881193472
1274458302282256384
1274458344867143680
1274458828977799168
1274458900830486528
1274459028819783681
1274459235217289217
1274459348593528832
1274459495788314624
1274459844196667398
1274460187215224833
1274460352445665282
1274460549468823557
1274460600240873473
1274460719438802945
1274460804142825472
1274460934774444035
1274461170817171461
1274461587768840199
1274461963402326022
1274461971702743041
1274462162078109702
1274462235960782850
1274462290830557184
1274462441695588354
1274462473047945224
1274462667802054657
1274462703747305472
1274462852972150786
1274463114734505984
1274463314773409794
1274463465789362176
1274463603052228608
1274463826331742211
1274464138916515842
1274464175339814912
1274464230092267521
1274464302125236226
1274464693692837893
1274464909414338560
1274465073222889478
1274465161022242818
1274465170832658432
1274465503319334912
1274465517416431616
1274465556125691904
1274465561175523332
1274466032862838786
1274466249540599810
1274466286588825605
1274466357367709697
1274466574309535744
1274466575660154880
1274466576947769350
1274467086337785857
1274467316915408896
1274467800657125376
1274468005825720320
1274468389470248962
1274468580323663872
1274468625307570176
1274468648049094656
1274468803062136832
1274468875200090114
1274468975057997835
1274469056826015746
1274469247931035648
1274469268734820354
1274469309176336384
1274469836836536321
1274469971297554433
1274470003690164224
1274470181000163330
1274470203745882113
1274470508961181696
1274470633125093377
1274470808262410243
1274471072507875328
1274471107127652353
1274471511894773761
1274471635517661184
1274471942091878404
1274472006520573952
1274472360570208258
1274472524391297024
1274473081805901824
1274473281052184577
1274473733235838979
1274474278474387460
1274474307788443650
1274474526500405248
1274474642217095169
1274474702753402882
1274474958304022534
1274475067624341506
1274475147311878152
1274475289574289419
1274475308998148096
1274475338718945281
1274475452074262530
1274475552611741696
1274475573612609536
1274475725383401475
1274475809068253188
1274475939494350848
1274475961174700035
1274476333406531589
1274476971834171393
1274477897416392709
1274478212505120769
1274478215130763264
1274478232520327168
1274478372651966466
1274478589623369729
1274478609676349440
1274478864031498243
1274479109436047365
1274479276700532736
1274479963958398978
1274479974649651200
1274480061022965761
1274480154853638144
1274480206355615748
1274480278304677894
1274480726960939011
1274480798117384204
1274480892111699968
1274481537170370560
1274481539493945344
1274481654430482432
1274481701771771905
1274481766120787969
1274482327062827009
1274482341671469058
1274482586228834304
1274482711344930825
1274483620338597891
1274483703310356482
1274484028717051905
1274484242848890881
1274484823604760577
1274485035530440704
1274485090630893574
1274485320940167168
1274485496358604802
1274485766664708098
1274486176255279106
1274486249869451266
1274486296371761152
1274486318467178497
1274486533194682369
1274486703793856517
1274486881774903297
1274487595553210368
1274487758732644353
1274487949527318529
1274488523689652224
1274488530354548738
1274488685074042885
1274488690396540928
1274488793161248768
1274488946643394560
1274489013597077512
1274489078969401349
1274490044749758466
1274490710172065793
1274490819500740612
1274490942989299713
1274490980801052672
1274491101588721672
1274491136594317313
1274491257793007616
1274491472121913346
1274491550559621120
1274491566124609536
1274491778436128768
1274491868701736960
1274491920891379715
1274492271325589504
1274492437793312772
1274492589677449219
1274492886239903746
1274493103945199616
1274493619286585344
1274493932035063810
1274494121391140864
1274494151929839616
1274494974181224450
1274495014316302336
1274495018594562048
1274495052287541249
1274495375957807104
1274495418563518466
1274495432866103296
1274495649921273857
1274495668778930176
1274495759883235328
1274496264944513025
1274496263614984192
1274496368669855745
1274496802868338688
1274496959294976000
1274497201834688518
1274498833830031361
1274499134028951557
1274499238785884161
1274499396848308225
1274499640168153090
1274499810951864325
1274500974795722755
1274501144094613506
1274501268241887232
1274501619124711425
1274501646819745793
1274501765531078656
1274502106846814211
1274502220348825600
1274502512285016071
1274502550171967488
1274502784679903232
1274503076406231043
1274503745779503104
1274505147511713794
1274505683925434369
1274506240996057088
1274506285292060672
1274506479936999425
1274506648883781634
1274506980636405761
1274507068108570624
1274507587166203905
1274507595622080513
1274508096132378624
1274508381374623744
1274508595250552832
1274508711906750464
1274509106775306248
1274509861427064837
1274509903592292353
1274509913587359745
1274510052196519936
1274510211416559616
1274510265489514502
1274510288763617281
1274510826683207680
1274511042026958848
1274511485029376001
1274511489093648384
1274512304613269505
1274513855331348480
1274514032347746305
1274514199146827776
1274514870181015552
1274515191728869377
1274515303268069380
1274515431185924102
1274515535749959680
1274515683913629696
1274516106766671872
1274516403656278016
1274516552214347777
1274516627086880768
1274517119082934272
1274517335924183040
1274517539314376704
1274517753391730690
1274517760920469504
1274517761818009602
1274518047986978816
1274518078420893697
1274518728122695681
1274519184689463297
1274520508009242624
1274520935924740098
1274521023300411392
1274522093284098055
1274522231763329024
1274522346183782400
1274522402454716417
1274522496147034114
1274522894446583809
1274523159325224960
1274523369333915648
1274525018634911745
1274525226211119104
1274525476137185284
1274525746585841665
1274526015113637891
1274526160198737925
1274526313324449793
1274526346132295681
1274526467297120256
1274526635010797568
1274526673069912065
1274526805828001792
1274527074729025536
1274527075643383808
1274527154647203842
1274527350852661248
1274527948322877444
1274527977565564929
1274528077108961280
1274528120536793088
1274528997637054464
1274529093724377089
1274530884167897088
1274530941197864963
1274531681173676032
1274531824430170112
1274532173589164032
1274532217222504449
1274532372751450112
1274532480620494848
1274532496110215168
1274532579484602369
1274532643145748480
1274533694783381505
1274533817592631297
1274533988577816576
1274534632130859008
1274534910229970944
1274535921069838337
1274536187605200897
1274536259852140544
1274536363103326211
1274537028907143169
1274537304389046273
1274537514951421952
1274537696007008262
1274537738889498626
1274537799132176386
1274538347952771072
1274538713469591553
1274539011697192962
1274539200533147649
1274539236520267781
1274539671838617601
1274539742881857539
1274539818584879104
1274540431976562688
1274541385073524739
1274541599540809729
1274541867611443200
1274542075405635585
1274542324538900481
1274542442151399424
1274542556316160000
1274543086199324675
1274543147813679105
1274543208505184257
1274543831581679619
1274543963538587650
1274544030655959040
1274544328979943426
1274544799132024833
1274544943722303490
1274545056741982209
1274545103785398273
1274545323474653184
1274545386900860934
1274545552001302530
1274545755232108545
1274545884706078720
1274545954180521984
1274545971805016064
1274546131079495682
1274546374995070977
1274546383324938240
1274546471636008960
1274546641408835587
1274546862641594368
1274547974375424002
1274548046894903304
1274548461233455104
1274548527205691397
1274548732034506753
1274549471779663873
1274549550464798720
1274550093891411968
1274550360661778432
1274550490953637889
1274550695325245440
1274550702476603392
1274550727793348609
1274550747032621058
1274550847838531584
1274550971453095936
1274550999236128775
1274551255784972293
1274551634274762752
1274552165563056129
1274552537534906368
1274552544761712640
1274552645181739009
1274553965217222657
1274554126731534336
1274554123971674113
1274554645705224192
1274554647701680128
1274555455927472128
1274555596767969280
1274555657224675329
1274555764825296896
1274555787994693633
1274556037966843904
1274557161859776512
1274557633723338754
1274557755085422592
1274558549918724097
1274558568415604736
