1276372952473313285
1276373248939364353
1276373257294196736
1276373588333989890
1276374091931541505
1276374481209110528
1276375117967372288
1276375367159369728
1276375410088050695
1276375899437445121
1276376326304411651
1276376735790006272
1276377255023915008
1276377330219352064
1276377419805364224
1276377720964997120
1276378078713970688
1276378271874273280
1276378374282326017
1276378504884449280
1276379185502736384
1276379322962624519
1276379660293738496
1276379707207045120
1276380052150779904
1276380160997146624
1276380323052314624
1276381187397705729
1276381242993278977
1276381541703184394
1276382036778012678
1276382102414598147
1276382233570562048
1276382941615194115
1276382969004019714
1276383113942306819
1276383125304758272
1276384094776147968
1276384202531930113
1276384307964260352
1276385010409525248
1276385232690839553
1276385985694240768
1276386102937600001
1276387096081469441
1276387556423327744
1276387958405423104
1276388022880276481
1276388186852294656
1276388272298766336
1276388724595724288
1276388965566894081
1276389335793876992
1276389624504446976
1276389998636306432
1276390250940477443
1276390920406122499
1276391053650780161
1276391551309144064
1276392632843812864
1276392635259711488
1276392665580474369
1276392720127401984
1276393408823799815
1276393424275435520
1276393508887302144
1276394021439434752
1276394712971304962
1276394756369612800
1276395282725388288
1276395321778745344
1276395524300648448
1276395568865193984
1276396058382401536
1276396161813721093
1276396460842631176
1276396928474009601
1276397195110109184
1276397513466171394
1276397568658939904
1276397782874677248
1276398533197869056
1276398543477944322
1276399068437196800
1276399319294398465
1276399327989071873
1276399691610062848
1276400022779813888
1276400772394205184
1276401544301293568
1276401667806822401
1276401889244884992
1276402178182299649
1276402226215428098
1276403868323270656
1276404211618586626
1276404969193824257
1276405001942859776
1276405068086956032
1276405112689381376
1276405363592638465
1276405446111367169
1276405598305869825
1276405970902618114
1276407385775575040
1276407511973847042
1276407610921517057
1276407613945548800
1276407817268858881
1276407988090101760
1276409390531317760
1276409720744620032
1276410068234313728
1276410300091240448
1276410643621580802
1276410811670462464
1276411149240733696
1276412331010990080
1276412475823534082
1276412567661842432
1276412693579169792
1276412771182284800
1276412969904148485
1276413547652583424
1276414139964030977
1276414329408180224
1276414513479397377
1276414521528258561
1276414556085067776
1276414614037807104
1276415384346923010
1276415606690988033
1276415635182907397
1276416075547185154
1276416225258676225
1276416266417442816
1276416492670799873
1276417447201869829
1276417539581542401
1276417576864829440
1276417720418885633
1276418526618595329
1276418530146242560
1276419077708316673
1276419255605628928
1276419415190495235
1276419995019460614
1276420109901467650
1276420257188655104
1276421167830761479
1276421232016187392
1276421620064796672
1276421733407494145
1276421975284551681
1276422148832333825
1276422494950502400
1276422936480624641
1276423284490452994
1276423305306664960
1276423338567622657
1276423487247302656
1276423597469380610
1276423666532782082
1276423844006371328
1276424132759035905
1276424333255204864
1276424564952707073
1276424867487846401
1276425098191237120
1276425116340142082
1276425323870072833
1276425355608444928
1276425511951044608
1276425611033133056
1276425726317608960
1276425728003735552
1276426102773182464
1276426470152458240
1276427073477840896
1276427561988431872
1276427593626124288
1276427925433221120
1276428176135241734
1276428209102426113
1276428227389591553
1276428516154892288
1276428657637175296
1276428750645854208
1276428872691535877
1276428988861288450
1276429041109794816
1276429210836520960
1276429452621352961
1276429660251979776
1276429813692215296
1276429896542289922
1276429939617796098
1276430786993041409
1276431019583963136
1276431327504609280
1276431406512685061
1276431595944239105
1276431981228765184
1276432178088271872
1276432232463437824
1276432503419609088
1276432725784829952
1276432880282058752
1276432909637947393
1276433046556663808
1276433353730736128
1276433669947895808
1276433914471612416
1276434452726509575
1276434473530384384
1276434869409779712
1276435742030532613
1276435901820866561
1276435938332364800
1276435983412707328
1276435991708839941
1276436490214682624
1276436581453385728
1276436686818377728
1276436845413502983
1276436933267337219
1276437023885320192
1276437037546196992
1276437188419424258
1276437204538142720
1276438273468952576
1276438551396339713
1276439274720645121
1276439588089847809
1276439733598642176
1276439939127918593
1276440132741222400
1276440701853528066
1276440704135213057
1276441020830375939
1276441208596783104
1276441265463341057
1276441378906570753
1276441472498352128
1276441998564757504
1276442118102249473
1276442202982494210
1276442549994115072
1276443411176992770
1276443819970572289
1276444697314177024
1276444982509887490
1276445692844744706
1276445895433871361
1276446280781266945
1276446490928373760
1276446726983991306
1276446733891969024
1276446869300736000
1276447197773606913
1276448334576865281
1276448474200932352
1276448519210110979
1276449095843012609
1276449113656053761
1276449555853324288
1276449891502501889
1276449897437368326
1276450022863835136
1276450207639707648
1276450299478265856
1276450749451395075
1276450765293277187
1276451188972666881
1276451276184784896
1276451297076576256
1276451380417515521
1276451445605314561
1276451999593177088
1276452832338722818
1276452921392193536
1276453529079726080
1276453863000858626
1276453937504227328
1276453948065566721
1276454227838001153
1276454416699326464
1276454796216565760
1276454894115983362
1276454915758383105
1276455145543434240
1276455254138081287
1276455404906655745
1276455489031876612
1276455647089954818
1276455709429751814
1276455960748281863
1276456303355822081
1276457156489801733
1276457333678206976
1276457351512330240
1276457523340431364
1276458123532754946
1276458214838751232
1276458355507236864
1276458626719219713
1276459031666864129
1276459090781192194
1276459167004463104
1276459363465486336
1276459410701733888
1276459421862944769
1276459798033129472
1276459866538704903
1276460079982751744
1276460119157432322
1276460775150927872
1276460931292291073
1276460965844799488
1276461681896566784
1276461952894525440
1276461966869946368
1276462579422949379
1276462639384838145
1276462642576666625
1276462741935452163
1276463562223955968
1276463565382340608
1276463877484666880
1276464080941805575
1276464108947288064
1276464313125998593
1276464383846203392
1276464428536528896
1276464609738686465
1276465630284328961
1276465639897436165
1276465971557830657
1276466574627610624
1276466794753130501
1276466953947951105
1276467048122593280
1276467058243366913
1276467067982614528
1276467163621199872
1276467229132050432
1276467292554002437
1276467365530787841
1276467383591489536
1276469365916008448
1276469421071052800
1276469452192862213
1276469866879483905
1276470071234363393
1276470214335422464
1276470447044014083
1276470488211079170
1276470576874508288
1276470614614855680
1276470713017348096
1276470758768807938
1276470867388764163
1276470901517754368
1276470953866866688
1276470961307615233
1276471197874692097
1276471248474816513
1276471280749821958
1276471667196399618
1276472058235387905
1276472187445284866
1276472402411732999
1276472482569097222
1276472836824223752
1276472853785968640
1276473382482128897
1276473444612308994
1276473612149628929
1276473936126058498
1276473940236517378
1276474013917892613
1276474338233839616
1276474935762878464
1276475122858287104
1276475258694926342
1276476106162556929
1276476434756898816
1276476469062107137
1276476578772529152
1276477148560347138
1276477167745019904
1276477168080637954
1276477263932993536
1276477456329986048
1276477849248116737
1276478182833688584
1276478251339321344
1276478805360513025
1276478953293783047
1276479249709518848
1276479503611637761
1276479608615993346
1276479868662886401
1276479942029717504
1276479959964450817
1276480785051090945
1276480808304340993
1276481350107832320
1276482136791568384
1276482156613730308
1276482166118141952
1276482699172200449
1276483232037560320
1276483623378653184
1276483840370978824
1276483848159797251
1276483962794369024
1276484028938563584
1276484094680010754
1276484587213008896
1276484971759271936
1276485152680693760
1276485844833120257
1276486254398287872
1276486255602089986
1276486492869857281
1276486496313389056
1276486567733817346
1276486729067827200
1276486914955186176
1276486928523804672
1276487028125859841
1276487242320502785
1276487897965830145
1276487966836350977
1276488139272589319
1276488384840699909
1276488450703790082
1276488731042643972
1276488936567832589
1276489023524126721
1276489039512772608
1276489193569558528
1276489366559490049
1276489519789772803
1276490693742125056
1276491000299610113
1276491484611530752
1276492147735375873
1276492172595007488
1276492303180406784
1276492904568107008
1276493112454635520
1276493147648950273
1276494371672727552
1276494459270844418
1276494486978416641
1276494908782772225
1276494951346569217
1276495458127527936
1276495558610505733
1276495864580759552
1276496339203952640
1276496696143482887
1276496782973861891
1276497055951790081
1276497384827125761
1276497886964969472
1276497974391119872
1276497986206330890
1276499223651979264
1276499488396447745
1276499597251219457
1276499819385614336
1276499959395889153
1276500008779476993
1276500276497784833
1276500717054750726
1276500758444290048
1276501334787870720
1276502080686100480
1276502324022849536
1276502516696600577
1276503312465039360
1276503549283713024
1276503554081959937
1276503874585669633
1276504450904006656
1276504470378164225
1276504795201843205
1276505067064082433
1276505335721844740
1276505382438002689
1276505592207720448
1276505788052316162
1276505892998074368
1276506106634756096
1276506145369108480
1276506154332454916
1276506170241540096
1276506326286372865
1276506660136259584
1276507440104771585
1276507857584893952
1276508184568565760
1276508700006420480
1276508851483836418
1276509639627112448
1276510087624847362
1276510128674668544
1276510313848999937
1276510352600117251
1276510821330366466
1276510854285058048
1276510914347503616
1276511059998883840
1276511165473001474
1276511199820156933
1276511346855538688
1276512242708762625
1276512243518246913
1276512252888256512
1276512293950496774
1276512290565697536
1276512351534157826
1276512495021158402
1276513136598810631
1276513333777178625
1276513584978239488
1276513702200705026
1276514081932001281
1276514155051302912
1276514287842975745
1276514316137697288
1276515163143901186
1276515218902913029
1276515220790423553
1276515918470942720
1276516397741420544
1276516626641252354
1276517053491564544
1276517083992354818
1276517089000386565
1276517090891976715
1276517092041220098
1276517684163874816
1276517716816474112
1276517931535433729
1276517960098537473
1276518315259768832
1276518388496584705
1276518526426198016
1276519856599437313
1276519957174550533
1276520119494234114
1276520125143941120
1276520309223546880
1276520477175894016
1276520478140583936
1276520746693603330
1276520761239515139
1276520859210039298
1276520929577832448
1276521168279941122
1276521819269468160
1276521831978147840
1276522744834908160
1276522876510834688
1276523043939143680
1276523311435001858
1276523391584002053
1276523487180607488
1276523769885065217
1276524096428355585
1276524138736353281
1276524190766530560
1276524557638172673
1276524650680311813
1276525103862382593
1276525116533485571
1276525236347781122
1276525589948772353
1276525702637117440
1276525711709343750
1276525774682521600
1276525859625668608
1276525924599635976
1276526193450287106
1276526369854443521
1276526482366574593
1276526605742084098
1276526759475728390
1276527188997701632
1276527275790536712
1276527526538555394
1276527778070794240
1276527778251395079
1276527783221637120
1276527887605133312
1276527964113506304
1276527996405526534
1276528161203851264
1276528293878149120
1276529163810283520
1276529298070003712
1276529658557796352
1276529814816600065
1276530287791439876
1276530547141963779
1276530547267788800
1276530677702369285
1276530680688762881
1276530723579670531
1276531114216026113
1276531184466567168
1276531847774625793
1276531856482205697
1276531974031753216
1276532053559762944
1276532116101246978
1276532733204971520
1276533289197670400
1276533379131940870
1276534368907988992
1276535278056996864
1276535688121516032
1276535778429087745
1276536200690630657
1276536201693089793
1276536259800969218
1276536724856999937
1276536913856475136
1276536960648196097
1276537983475253248
1276538025531637761
1276538227420286976
1276538277131157506
1276538448170700803
1276539297294962688
1276540369778487297
1276540496928813056
1276540907236589572
1276541021342613506
1276541329678503938
1276542160322605056
1276542194422251521
1276542211728048133
1276542220317974530
1276542798372786178
1276542844149399554
1276542974059597826
1276543415791112192
1276543902317719554
1276545104740745216
1276545161141653506
1276545918544773120
1276546276692238337
1276546442761560064
1276546455294087169
1276546477255528452
1276546775097229320
1276547136289677313
1276547152651579394
1276547157449826307
1276547161266716675
1276547495716286466
1276547571561963522
1276547789548208137
1276547803603283968
1276547841910083590
1276547923678048257
1276548079857086465
1276548319284801536
1276548335273312256
1276548477556793345
1276548737679142913
1276548763268628486
1276548855077769227
1276549392749735936
1276549501390671875
1276550121589747712
1276550356021862404
1276550364540604418
1276550407381270530
1276551367222423552
1276551866315427841
1276551913455128577
1276552310861312002
1276552327797882881
1276552713996840960
1276552943483809792
1276553003722592263
1276553087898005505
1276553385399988226
1276553822760890368
1276554073924407301
1276554207110164480
1276554212244180992
1276554220796350464
1276554403374403585
1276554952148692993
1276555226976223234
1276555296928927749
1276555356261548033
1276563811932221441
1276564181433683975
1276564914497298432
1276565295860199424
1276565506506592256
1276565663155437568
1276572992655540224
1276573051950333953
1276573655502290949
1276574226837909505
1276574276339019778
1276574726215753729
1276574871665938432
1276575036653162497
1276575040486682629
1276575254031347712
1276576101431758848
1276576188484354049
1276576339676606464
1276576356906741761
1276576478860382211
1276576633139453958
1276577179476860929
1276577352558850048
1276577356178587648
1276577394011357185
1276577405763760130
1276577481861062662
1276577711457275911
1276577780013162499
1276577795888549888
1276577918525804550
1276578147719352320
1276578173321347073
1276578195270176770
1276578417685692417
1276578441773690880
1276578442306359297
1276578484526211072
1276578648263450624
1276578773844951040
1276579733120180232
1276579936057397252
1276580349590601728
1276580396780654592
1276580412311998469
1276580429617786881
1276580442603425793
1276581003839111168
1276581323264724992
1276581549677449216
1276581957825105922
1276581978066653185
1276582115426144258
1276582450756333568
1276582710845288451
1276582884569202688
1276582970988642304
1276582975816204289
1276583017322958848
1276583260089450496
1276583391484243970
1276583458857537537
1276583949821755392
1276584456648826880
1276584791354281985
1276584973105942528
1276585032476504066
1276585161342230529
1276585487784968193
1276585611168800768
1276585614125735939
1276585794807795712
1276586121548496896
1276586847574069249
1276586922949971971
1276587010585759744
1276587132468056064
1276587217327206401
1276587703606349825
1276587766495789059
1276588142661943296
1276588555154972672
1276589175861583873
1276589352303427591
1276590157446119425
1276590375122210816
1276591344862068736
1276592148775866369
1276592153028972549
1276592178622578693
1276592349750030337
1276592409795854337
1276592449805094912
1276592452040658944
1276592632483983360
1276592736355966976
1276592749001822210
1276593003507912704
1276593286627627008
1276593483768303617
1276593495134912514
1276593570766630912
1276593994047381510
1276594217406664704
1276594271060033536
1276594837157031937
1276594922603393025
1276595073526964226
1276595256172126216
1276595256524443661
1276595332051283969
1276595735815954433
1276596335664398337
1276596464333062144
1276596574601334785
1276596798098944004
1276596821448630274
1276597056933703682
1276597732250210304
1276597865683595265
1276598164674547716
1276598630342889473
1276598768331223040
1276599276039217152
1276599300215189506
1276599396923330561
1276599417794109444
1276599483678294019
1276599632978759684
1276599829305667588
1276599855331278848
1276599930380062721
1276600106754682881
1276600369783676936
1276600885259440130
1276601132874452992
1276601224851337216
1276601250063228932
1276601537507270657
1276601581941620737
1276601751345467398
1276602319052984326
1276602332143333377
1276602589262622731
1276602623228022790
1276602670049083399
1276602673815584783
1276603347840241671
1276603669551747073
1276603758487666689
1276603833855205381
1276604182066331654
1276604317546536961
1276604640780582916
1276604703044972545
1276605049616109570
1276605068863774724
1276605344672886790
1276605869610930182
1276605952842661888
1276606075245133825
1276606116760338438
1276606404988669963
1276606447896444930
1276606532491280384
1276607072822530049
1276607261767610368
1276607298199158784
1276607622519676931
1276607738131423232
1276607759836905472
1276607816514637826
1276607834655019010
1276608186628227072
1276608666804731904
1276609030832750595
1276609135015006208
1276609211133288448
1276609217294667781
1276609436975542275
1276609518147964930
1276609602562469891
1276609691108298753
1276609800055468038
1276609883824152583
1276609906687254528
1276610012761260032
1276610018008334338
1276610271448948736
1276610318727249922
1276610582440030209
1276610617995137029
1276611102831456257
1276611253507633159
1276611456901865472
1276611644202909698
1276611827766628352
1276611938466881537
1276612287776935936
1276612708977311744
1276612824031264768
1276613175434149890
1276613232531320839
1276613333794291713
1276613512656232448
1276613670080933888
1276614155773108225
1276614526197207048
1276614540105482241
1276614547642691585
1276614749330046978
1276615167451836416
1276615344241684480
1276615583858069505
1276615865023283201
1276615986448224256
1276616399536959488
1276617671728140290
1276617755270275073
1276618515714277376
1276618527613599748
1276618543941984256
1276619009681571840
1276619095002185728
1276619429326082055
1276619734004445184
1276619843807166474
1276620178797846528
1276620453717532678
1276620489251848192
1276620621938659328
1276620862154772481
1276621307648638978
1276621380218490880
1276621961142112259
1276621996726550530
1276622007128543232
1276622076456173569
1276622553096884225
1276622613687816193
1276622721540067328
1276623038998548481
1276623132829384704
1276623366158528512
1276623825531265027
1276623829088047106
1276623975171477505
1276624014283333632
1276624234807275520
1276624247876726784
1276624415443148800
1276624519868960768
1276624613657784322
1276624633924661251
1276624730804625408
1276624842528362503
1276625062607675393
1276625256459964423
1276625559888461825
1276625841850548227
1276625861689704448
1276625938508201987
1276625950051127297
1276626127499530240
1276626375861055488
1276626499265798144
1276626973654122496
1276627023532883969
1276627226742730756
1276627564421943299
1276627564933664768
1276627624316600321
1276627663772418050
1276627812774899714
1276628113091420160
1276628115884834817
1276628157056114689
1276628378733379584
1276628926463434752
1276629360317956102
1276629485689987073
1276629634969415681
1276630019700391943
1276630028109910017
1276630488669728774
1276630950743404544
1276631310501441536
1276632083490762755
1276633405975920642
1276633630471749633
1276633714651521025
1276634234250280966
1276634250389983233
1276634403133849606
1276634594943664128
1276634610961723393
1276634664107741189
1276634675335684096
1276634948577964032
1276635137460056064
1276635844959444997
1276636267653062660
1276636364289658882
1276636360334438402
1276636718364594176
1276636773897121792
1276636779760824321
1276637002750820352
1276637011101745152
1276637128827363329
1276637185735659520
1276637476241788929
1276637595452071936
1276637971903627264
1276638193765490695
1276638500977119232
1276638745262018560
1276639657233702912
1276640027385217024
1276640068841717767
1276640144620244995
1276640443871236097
1276641491067310081
1276642734007185408
1276642778974507009
1276642885329436675
1276643272253935617
1276643283700236289
1276643375572111360
1276643400532373510
1276643960895811584
1276644039110955009
1276644377352384512
1276644497233973259
1276645122181128192
1276645219014971392
1276646246439104512
1276646431596711936
1276646617651781633
1276646904500281349
1276646956891353089
1276647525378908161
1276647819160555521
1276647842317205504
1276648439988785152
1276649537654882304
1276650130435956738
1276650575795535874
1276650615746244608
1276650743492206592
1276650872534192129
1276651055594590208
1276651109419855872
1276651250969391105
1276651381286408198
1276651628569989120
1276651696471437313
1276651852902301696
1276651970510483457
1276651971588485120
1276651972762824704
1276651981507944448
1276652438351683586
1276652748981899264
1276653188557479937
1276654112457863168
1276654125246267392
1276654143977910272
1276654996927496192
1276655247696560128
1276655349685039105
1276655399048003586
1276655880830935040
1276656243738923011
1276656334830809094
1276656454112612354
1276656529048043521
1276657006061871104
1276657120784646145
1276657684062896129
1276657740111372288
1276657895350861824
1276657895615201282
1276657913478733824
1276658213354536960
1276658379067404289
1276658410633736195
1276658502610685954
1276658517508833281
1276658620684361729
1276658621863116800
1276659304049848322
1276659747203227654
1276660005547229185
1276660045350973440
1276660564190793728
1276660620398452736
1276660680628645889
1276660692909785088
1276660939975098368
1276661335783362560
1276662122278203392
1276662205585465350
1276662339010547713
1276662344559538176
1276663803548184576
1276663813929086978
1276664105928208386
1276664158617034752
1276664416268718081
1276664446153302019
1276664727268143104
1276664840442896384
1276664850761072642
1276665230601457665
1276665398436470786
1276665428643688449
1276665734614020096
1276665776272007168
1276666362795040769
1276666417715257344
1276666565904171008
1276666681247641603
1276666813137530880
1276666889805144065
1276666948034498560
1276667442341781506
1276668207554838530
1276668226001416193
1276668285333970944
1276668658929078272
1276668952538570752
1276669135263600641
1276669353585512449
1276669391111950339
1276669496695173124
1276670455580102658
1276671802421293057
1276671933229281296
1276672840255909890
1276672910737002496
1276673230640562177
1276673662591160321
1276673880023797760
1276674224174882817
1276674496800468993
1276674573723992069
1276675171701710849
1276675533154254850
1276675686758076417
1276675736213086212
1276676126497103872
1276676732800688128
1276676808184913927
1276676847103807488
1276676923725414401
1276677398042378240
1276677401670569984
1276677910796042247
1276677918119415809
1276678242590773256
1276678283057381376
1276678473231319040
1276678508559962113
1276678692471812096
1276678785761452034
1276679056264699907
1276679146194829313
1276679543340875778
1276679671963422721
1276680180585488385
1276680563261419521
1276680677568675840
1276680796888236032
1276680824272891904
1276681011905118213
1276681094692290560
1276681435127123974
1276681447928147968
1276681455654047746
1276681535769305088
1276681638387355649
1276681652694024194
1276681773817171969
1276682041040355329
1276682042147663872
1276682043263340545
1276682046564270080
1276682089405046787
1276682333639360512
1276682357899177987
1276682435648827392
1276682534370398208
1276682594336243712
1276682748128878594
1276682768492224522
1276682918853849088
1276682979067203584
1276683098873139202
1276683158638006273
1276683296718675969
1276683788169469952
1276683928326123520
1276684329859649536
1276684493118517248
1276684509589749761
1276684723931303937
1276684860845953025
1276684922745430016
1276685162798088192
1276685501664161797
1276686150305026049
1276686220186157056
1276686241812172806
1276686561812320259
1276686592371982338
1276686917023776771
1276686928952406017
1276687372432879616
1276687532479188993
1276687598568771584
1276688004032147458
1276688333221978112
1276688414369251328
1276689236973010955
1276689329495126017
1276689812934754306
1276689886712606721
1276690391866183683
1276690565493600262
1276690790627106825
1276691008571559937
1276691365049569286
1276691785788674049
1276692102760595460
1276692146410659841
1276692193500180480
1276692998139584524
1276693116473479169
1276693125822648320
1276693587439374337
1276693868189233158
1276693946224259072
1276694043720855552
1276694187073851392
1276694511071215617
1276694656059834369
1276695010210189317
1276695320185966592
1276695413618282502
1276696091623411712
1276696219906121729
1276696220367552513
1276696355990315010
1276696395089506304
1276696671712415744
1276696729677697024
1276696796379693058
1276697266363879424
1276697267320176641
1276697279567724544
1276697363738918920
1276697526100508673
1276697527694360579
1276697720053542912
1276697891978051584
1276698034454376454
1276698057174892552
1276698068109287424
1276698887294771201
1276698893854691328
1276699218749599744
1276699400761417728
1276699619326558208
1276699786360602625
1276699788789133312
1276700718074933248
1276701001303670785
1276701213539610625
1276702135980306433
1276702373424095233
1276702395230191616
1276703302579863554
1276703366161338368
1276703526601842689
1276703637562146816
1276703710945710081
1276704054069133313
1276704076349288450
1276704275599687685
1276704560229355520
1276704601819901954
1276704654014001160
1276704767314624512
1276704905714192385
1276705054075097089
1276705054926438400
1276705057531138050
1276705060521750534
1276705063252213770
1276705064195932161
1276705116448489472
1276705163663851521
1276706204979519489
1276706380057989121
1276707034075930624
1276707112731774976
1276707966683615234
1276708008228249601
1276708278479839233
1276708309836402692
1276708747256172545
1276708880123297793
1276708992245432320
1276709046444273665
1276710083821539328
1276710402559283205
1276710534604357632
1276710568867569665
1276710598517104651
1276710726778920960
1276710731719667722
1276710957989978112
1276711005993697280
1276711037387988992
1276711868900532229
1276712449899663366
1276712621907931136
1276712623749267456
1276713003573039104
1276713007985373186
1276713331177463808
1276713351775686661
1276713490158403585
1276713690717474817
1276714634465214465
1276714728023306242
1276714818003775488
1276714968029806598
1276715003073216513
1276716025229111296
1276716329442201601
1276716519221673984
1276716539689959424
1276716757626093568
1276716901041913858
1276717545119154177
1276718329269452800
1276718618504499200
1276718839091380224
1276718909081530368
1276719177970180096
1276719317510479874
1276719436943237120
1276719595420880896
1276719615209603077
1276720774016090113
1276720988101783559
1276721191554818049
1276721226896064513
1276721283259158534
1276721322211622915
1276721590307340289
1276722104818438144
1276722887337160705
1276723335846559744
1276723464779563008
1276723549126963200
1276724441091883011
1276724828024832000
1276725147978915841
1276725426950418432
1276725575705669633
1276725607192289281
1276725744387993601
1276725757247660032
1276726236606279683
1276726331116404736
1276726774706180096
1276727012850360321
1276727316484427778
1276727425200795648
1276727884950966272
1276729106474758144
1276729110203686913
1276729119624044544
1276729268546961409
1276729903958949890
1276730294482210816
1276730394327617536
1276730693100453890
1276731292462256128
1276732159378817025
1276732167205289984
1276732285056716800
1276732365239435264
1276732847433318401
1276733143618170881
