1272022811503136769
1272024227462418432
1272024617218170883
1272024776731774976
1272025326957330433
1272025908178755586
1272026289730400256
1272026519012085761
1272026528960794625
1272026812831477762
1272026965093036032
1272028477798129664
1272028656114847750
1272028705523548166
1272028708673445891
1272030085650898944
1272030399892512768
1272030640494440448
1272030779418333184
1272030950424064000
1272031565371957248
1272032409568120843
1272032581001850880
1272033767058784257
1272034154193059841
1272034795720228865
1272036560956002309
1272036769962381312
1272036928733319168
1272037477075881986
1272038245480542208
1272039312998055936
1272039977514176514
1272040313025171456
1272040671130648578
1272040780639526913
1272041229782585344
1272041342626156544
1272041557403680770
1272041663934992385
1272041755366453249
1272043142611562496
1272043248706400256
1272043277643120640
1272043705353060354
1272043914552201217
1272044616833921025
1272044883612704768
1272045371620052992
1272045487613374464
1272046490752552960
1272046704410480641
1272046707270758400
1272047870531604480
1272049115514339330
1272050035514105858
1272051170106892290
1272052842308808704
1272052914710691842
1272053889282572288
1272054134900813825
1272054484185694208
1272055903810977793
1272055934060244992
1272056233923665921
1272056673327349760
1272056988617359360
1272057006585573377
1272058252147273734
1272058388164141058
1272059192090734592
1272060591864115200
1272060593806049280
1272060738736017408
1272061229700452353
1272061610576605190
1272063768332308482
1272063799428657154
1272064169399988224
1272064515388162048
1272064665271455746
1272065246266605570
1272065660491726848
1272065747557089280
1272066763224690688
1272069165923303426
1272069437127118850
1272070416253759488
1272070601520414720
1272072273651019776
1272072844550320128
1272072977593577473
1272073319118827520
1272073330435260416
1272073677861908482
1272074102732455937
1272074433696595968
1272074956763877379
1272075307416031237
1272075533325684739
1272075994816557056
1272076665129177088
1272076714856927232
1272076943433830401
1272077314310852610
1272077693702467584
1272078021759926272
1272078034150084609
1272080050318442498
1272080095964872704
1272080199669211137
1272080283005837312
1272080417714290689
1272080587042328577
1272081101356437506
1272081911335333888
1272081998899748864
1272083202027540481
1272083242082906112
1272084162476818434
1272085311246536704
1272085737484124160
1272086315249528833
1272088060474396679
1272088521390673920
1272088966557241346
1272089745754112000
1272090353168814083
1272090546664857601
1272090605464645633
1272091908479815680
1272092924784803841
1272093479104139265
1272094108547334144
1272094400793935872
1272094636119674881
1272094787634630657
1272095114714906624
1272095128878907392
1272095667574407168
1272096267838128129
1272096659074437125
1272096844831576065
1272097047005605888
1272097237993050112
1272097789758115840
1272098337945083905
1272100997700243460
1272101653550968832
1272102529409712129
1272103035628654596
1272103656402247681
1272104023294803971
1272104265172033536
1272104933785927682
1272105081496887296
1272105195116228609
1272105380126973952
1272105381188128768
1272105745954242560
1272105816984678402
1272106010124128257
1272107098743230466
1272107623437881345
1272110055978971136
1272110312259534848
1272110828322467843
1272111739958689792
1272112213365608450
1272112945175187458
1272113078394671104
1272113325246230530
1272114187096018946
1272114623945334784
1272115259038449664
1272115300863893505
1272115532431527939
1272115831153909760
1272115832571654147
1272115991619743744
1272116241206054912
1272116823027339266
1272117062693990402
1272117240599633921
1272117986548019202
1272118176315092992
1272118214739271686
1272119230494912513
1272119519100764162
1272120483899568129
1272120781871427588
1272120881700012032
1272121061992206341
1272121871345938433
1272123216849494016
1272123265859719168
1272123806534918145
1272124652031299584
1272125004134731778
1272125067950989312
1272125308225847297
1272125516787531776
1272125622492508165
1272125649264746496
1272126462590627841
1272126860487524355
1272127028045557760
1272127068382179336
1272127470796324864
1272127489788313606
1272127594528272386
1272127898464460800
1272128624708055041
1272128713778479104
1272128886223110145
1272129526307467264
1272129576945086464
1272129976817549314
1272130221488197632
1272130537029865472
1272130614464929792
1272131849964396547
1272131984056352768
1272132129116299264
1272132603706040320
1272134242600960002
1272134358036434945
1272135207689129984
1272135208754528256
1272135209979228160
1272135856204251136
1272135859329019909
1272135916773978112
1272136253601976320
1272136929652477954
1272137285270634496
1272137431777792001
1272137493564006401
1272138578986962945
1272138587300134915
1272138931882999810
1272139760488738819
1272139917586501632
1272140015917817856
1272140262924521472
1272140630517481473
1272141161793302532
1272141948879503360
1272142168686198784
1272142600477331458
1272142729275936768
1272142817708642305
1272142871907491841
1272143257967841281
1272144771604250625
1272144808396550145
1272145739305672706
1272145763045445635
1272147056992419843
1272147425168437250
1272147642261405697
1272148282513506306
1272148431520350208
1272148521940955144
1272149223182602245
1272149350030942212
1272149620114759681
1272150179488071680
1272150322748829696
1272150350280220672
1272150669412175873
1272150756741861376
1272151011323531265
1272151105242304512
1272151373686231045
1272151663629893633
1272152021228048384
1272152453136424960
1272153203103186945
1272153331465584642
1272153351061454848
1272153471513497600
1272154301616525312
1272154362714787842
1272154410278367233
1272154717511200770
1272154748502683648
1272155021577158657
1272155197620584448
1272155343074652161
1272155545714274304
1272156404510416896
1272156527915384832
1272156804563243008
1272156857323393024
1272157851079847937
1272158364739534849
1272159081663549442
1272159576541073410
1272159960785391624
1272160691051528198
1272160805220483073
1272160985009307654
1272161916446822401
1272162248505491458
1272162545273470979
1272162786701905920
1272163015048130560
1272163022136582145
1272163416921329665
1272164078438567938
1272164424212717568
1272164564298280962
1272164591091343362
1272164773061210112
1272164897653022720
1272164910709997569
1272164958374068224
1272165440463175682
1272166633264386049
1272166755763458049
1272167137457602560
1272167169728622593
1272167361848553475
1272167717056008200
1272167823989710850
1272168188139225090
1272168192975278082
1272168500102983681
1272168572727504896
1272168773479522305
1272169111406198786
1272169344097832960
1272169652370751488
1272169703390220289
1272169935960190976
1272170073994731522
1272170185852477441
1272171133228515329
1272171450460504064
1272172102213414913
1272172602442706944
1272172882152640513
1272172956144283648
1272173444277428225
1272174656372404225
1272174732285063168
1272174874929307649
1272175107654459392
1272175255793078272
1272175360671657984
1272175439826415616
1272175799144251393
1272175801539100679
1272176095018672129
1272176260727345152
1272176395683270656
1272176523781509120
1272176687292338178
1272176705281519619
1272176777268518913
1272176778262568960
1272176782133919744
1272176783127969793
1272176788093972482
1272177163953815559
1272177414936944640
1272177732336656384
1272177770949414912
1272177994920914945
1272178248349343745
1272178299611963393
1272178355937345536
1272178631620493313
1272179043916488704
1272179343704416257
1272179817836929024
1272179876238221313
1272179876250783745
1272179877249028096
1272179878226350080
1272179879224606722
1272179886782849024
1272179944844677120
1272180048963858432
1272180318116573185
1272180382557847552
1272180414791028738
1272180537910800386
1272180787367030784
1272180919818993675
1272182053098917888
1272182055254851587
1272182216110542850
1272182264995082240
1272182881645928450
1272183879579795459
1272184132446101507
1272184268412735489
1272184653072531458
1272184701646667777
1272184721397645314
1272185302371586049
1272186117895467015
1272186819573096454
1272186841517654017
1272187171789778947
1272187771273326592
1272188174198947840
1272188213646385153
1272188297230630912
1272188390063161350
1272188699657113601
1272188933418307586
1272189756147974145
1272189857557671936
1272190191566872577
1272190363239886848
1272190703800631297
1272190849548460032
1272191436168052736
1272192036066779138
1272192244716417026
1272192289272717312
1272192552477708290
1272192644408659969
1272192727929827334
1272193158076436486
1272193649384849411
1272193835632742400
1272194221563248640
1272194974956662784
1272194976152039435
1272195612759343104
1272195956327538691
1272196348335587328
1272196468766420992
1272196555085316096
1272196703807045635
1272197021697478657
1272198667273986049
1272198858571870210
1272199659956645888
1272200016858419200
1272200658511265795
1272200887226691584
1272201150562009089
1272201585066758146
1272202057009762304
1272202486414114816
1272202635089756162
1272202934328209408
1272202976187351040
1272203607211773952
1272204162168741888
1272204190937423872
1272204277549862912
1272204523940036608
1272205210824441860
1272205470669905920
1272205698659684352
1272205930185318400
1272206142106714112
1272206630768324609
1272207254264127491
1272207528760311808
1272207721631186945
1272208079732400129
1272208626862743552
1272209424296402946
1272209456948887552
1272209940078264321
1272210071074697216
1272210072270077952
1272210074081976321
1272210654410223622
1272211261116370947
1272211522304040962
1272211915914297344
1272211960969363456
1272211978304598017
1272212130243190785
1272212390071939072
1272212523044032512
1272212738337640456
1272213059302539269
1272213312738963456
1272213662174810112
1272213832451096577
1272213833420091395
1272213834464407552
1272213838402854915
1272213839363411968
1272213840521056262
1272213841494016000
1272213843629006849
1272214245443330051
1272214247448219649
1272214251432796168
1272214252460355587
1272214253534154752
1272214255538970625
1272214256537210882
1272214353731883008
1272214478365564941
1272215360993988608
1272215528954683392
1272215586035118083
1272216046120898563
1272216506554777603
1272217027852320770
1272217272527065088
1272217377334231045
1272219318227517440
1272220531731857417
1272220597288759299
1272221291840327680
1272221404612587520
1272221428243296262
1272221721186185216
1272222197050941440
1272222579193860096
1272222907851313152
1272223476477296641
1272224125906534400
1272224696835153921
1272224816293195778
1272225004160253952
1272225126663274497
1272225171978379266
1272225176201998336
1272225397413945345
1272225678612545536
1272225843759235072
1272226023963320322
1272226081232179200
1272226177189543945
1272226703943831553
1272226811573760000
1272226820151283712
1272227235265679360
1272227243696275457
1272227394754097152
1272227495916507136
1272228302531334146
1272228964900184064
1272229581966229516
1272230041645133824
1272230221618401280
1272230635776684038
1272230676583124995
1272230824595918850
1272231105081552897
1272231465288376320
1272231745778302977
1272231867664785408
1272232004491280384
1272232162146820100
1272232274977869825
1272233122785001481
1272233514705043458
1272233771518091272
1272233982227144704
1272234081779056643
1272234352206905348
1272234365053923328
1272234455822856192
1272234465604108288
1272234745443876866
1272234762187538432
1272234796987617281
1272234941237964801
1272235382785048578
1272235400849952769
1272235472425713666
1272235540675465218
1272235628231622656
1272235672640815105
1272235802035195905
1272236019774042113
1272236115517464579
1272236176666095616
1272236458137530369
1272237074171789313
1272237669213515776
1272237951582261249
1272238151155605504
1272238720004108288
1272238934387331072
1272238980457738245
1272239125463207936
1272239136288567301
1272239274188869632
1272239705988489218
1272240012785004549
1272240023685853184
1272240422845366278
1272241979120709632
1272242069311049728
1272242166576771072
1272242556667965440
1272243450499530754
1272243593558872065
1272243667126743041
1272243799142486017
1272243882596675584
1272245339899269125
1272245594048823301
1272245612533166085
1272246770400182273
1272247117747302400
1272247748004319236
1272247918041464836
1272248018541195265
1272248031954403328
1272248431856287748
1272248508767076352
1272248656939237376
1272248721175175169
1272248788283867137
1272249525059506176
1272249681536417793
1272249775275020288
1272249865553227776
1272249911808086017
1272250067651526659
1272250730334871553
1272250832935886849
1272251647138373632
1272251938499735552
1272252106188247040
1272252284995600385
1272252435185070080
1272252901696647169
1272252919979503617
1272253058517536769
1272253498370002950
1272253520956264449
1272253521807769601
1272253522688593923
1272253523577712640
1272253549431250944
1272253599511437313
1272254353068490752
1272254388443189248
1272254770263228418
1272254845593030657
1272255117912236032
1272255118704996352
1272255118918860801
1272255120781148160
1272255151605088256
1272255246698524672
1272255647376171009
1272255799012671488
1272255856441126912
1272255896953872385
1272256069864128514
1272256072846397440
1272256073357905920
1272256363515740161
1272256380704108545
1272256603782172672
1272256634174111744
1272257202347290624
1272257609538711560
1272257907812380674
1272258202793463809
1272258857868201984
1272258915401494529
1272259201377669122
1272259571474731009
1272259741155278856
1272259875461042176
1272260227522539521
1272260283809935360
1272260549246623744
1272260553227059203
1272260735662542850
1272261055234764800
1272261395581632512
1272261661005512705
1272262116943163392
1272262402273411072
1272262582309715968
1272263305520807936
1272263698762158085
1272263769721274368
1272263873538789378
1272263893251796992
1272264375135592448
1272264594770350087
1272264962497556481
1272265079585636356
1272265218727579648
1272266017004294150
1272266464268103680
1272266657977729028
1272266663870763008
1272267081501663233
1272267366148292611
1272267608922996739
1272267760030986240
1272267975819776017
1272268229818421249
1272268392859394051
1272268399444451328
1272268773307883521
1272269181535367168
1272269257510961155
1272269583735492609
1272269662672375814
1272269822215118853
1272269875428446210
1272270099928367104
1272270100976955397
1272270291411046405
1272270841112297477
1272270904798720000
1272270953553244163
1272271513660481537
1272271752345915393
1272272093284098054
1272272177375690757
1272272270614908928
1272272315880005632
1272272450626224142
1272272622093389824
1272272862934470656
1272273539618521088
1272273725413523457
1272273837577494528
1272273878828683267
1272274032726102017
1272274242097332224
1272274806944268290
1272275177406001152
1272275542574804993
1272275668395413505
1272276135347458049
1272276302721097731
1272276499257851904
1272276892595286016
1272277219113607169
1272277251300536320
1272278075183697921
1272278414981050369
1272279180646940672
1272279494158503936
1272279998775406593
1272280096292974592
1272280218850525189
1272280370709508098
1272281027055095814
1272281158919892992
1272281549845733377
1272281566899732480
1272281617185345538
1272281639016476673
1272281717815066628
1272282146523226114
1272282280460005376
1272282376450846721
1272282750482030593
1272282890093522944
1272283390738411523
1272283570187325440
1272284031694983169
1272284033645514753
1272284104004861953
1272284249568063488
1272284365859495938
1272284422742646789
1272284546172665862
1272285045236076547
1272285191071870976
1272285194104393728
1272285999704559617
1272286020944515072
1272286176372830210
1272286178717208576
1272286321621549056
1272286803186286592
1272286940222484480
1272287379928297475
1272287727593992193
1272287888437383168
1272288213961498630
1272288339824164864
1272288627654041600
1272289007599104000
1272289122120597504
1272289539185192960
1272289612736589824
1272289789224443905
1272289972423450628
1272290632871141382
1272290683299090433
1272290718900301825
1272291146010673162
1272291440387907584
1272291770328645632
1272292367710601216
1272292917894426624
1272293660885803008
1272293915236814848
1272294369387859970
1272294574883561475
1272295046742761473
1272295321666609152
1272296134669668352
1272296738842447877
1272297490105204737
1272297496442736640
1272297499924082688
1272298626790952970
1272299485822169089
1272299547318980608
1272299592822984705
1272299913380982784
1272299916153327616
1272299917449412608
1272299930225446914
1272300074337480707
1272300249550209024
1272300714296049665
1272300873570570241
1272301233525493760
1272301500539318273
1272301501969502208
1272302203458465793
1272302206939729921
1272302308630487040
1272302399940710401
1272302798957432833
1272303125324595200
1272304023136161792
1272304637844967426
1272304967093805062
1272306891620642817
1272307121783107584
1272307304466169856
1272308226445344769
1272308374038810631
1272308398621687808
1272308629853650946
1272308742764277761
1272309240712085509
1272309435684343808
1272309459524759552
1272310183621001222
1272310772400451584
1272310828860149761
1272311331081924610
1272311548233515015
1272312172408967169
1272312700920573955
1272312704267513856
1272313289482043396
1272313847794339840
1272313946893160448
1272314167412903936
1272314553817317376
1272314578848940039
1272314767903019009
1272314914833608707
1272315089211789313
1272315326168993793
1272315439369109504
1272315814503493635
1272317124778905600
1272317309655400450
1272317320057274369
1272317729010266112
1272317930206707712
1272319130377629696
1272319227979071496
1272319995024945152
1272320293541777408
1272321203038896128
1272321362309181441
1272321513740357633
1272321869899878401
1272322089861644290
1272322166139138049
1272322943322750976
1272324327598206976
1272324423656316930
1272324693471760384
1272324860572819456
1272324913794363393
1272325822196723714
1272326178393604096
1272327842773303300
1272329363955081218
1272329607853662208
1272329610378702848
1272330124331937792
1272332934138277888
1272332945387327489
1272333013393666048
1272333071317164032
1272333553997688833
1272333770696331264
1272334199953829895
1272334378949939201
1272334773038444544
1272334865711591424
1272334950046543872
1272335399591927808
1272335692236943360
1272335796339531776
1272336225240842241
1272336965376118789
1272337115427278848
1272337658312716288
1272337959652429824
1272338111469703170
1272338818176294912
1272339085114454016
1272339653274853379
1272340131832385536
1272340269720121347
1272340307464671237
1272340524570206209
1272340687376220167
1272340853021949954
1272341177887588352
1272341267947466752
1272341336377692160
1272341378345906176
1272341498584055809
1272341510529449985
1272342067499479042
1272342903424200705
1272343533626654720
1272343592326086663
1272343610067808257
1272344461058531330
1272344598661287937
1272344765724426240
1272345064878927874
1272345286074142722
1272345899218415618
1272346376454586369
1272346734539141120
1272347429761806337
1272347962782466050
1272348161860866050
1272349015892467714
1272349345673883648
1272349830292148225
1272349954242236417
1272350166914412545
1272350378982404096
1272350559635374084
1272352167450611713
1272352247117156357
1272352552273752064
1272352738576412672
1272355747540566017
1272355760668839936
1272356922696572928
1272356933685571586
1272357342340841472
1272358626209005570
1272358750066630657
1272358870917083139
1272359307426709506
1272359308387184640
1272359309561810954
1272359405460193280
1272359713825525760
1272359933921693701
1272360169964478466
1272360575805165569
1272360876876627968
1272361559566675969
1272362213068673024
1272362832395251714
1272363186189205505
1272364593763868672
1272364673514553346
1272365349233496064
1272365778344439808
1272366475941158912
1272367253309227008
1272368114307645441
1272368995916636160
1272368997384646656
1272369890721136640
1272370736942977025
1272371089205792769
1272371251948945408
1272371631260917762
1272372027861733376
1272372182472155136
1272373678580346880
1272373807882223618
1272374403410481152
1272374403934781440
1272374555886014465
1272375490570059778
1272376319859400705
1272376504890974208
1272376592388501505
1272376865504837632
1272377321010446336
1272377551718146048
1272377843884965889
1272377855918387201
1272378262354907137
1272378322165604353
1272380112919396353
1272380446299443201
1272380526192553984
1272380620111515649
1272381269696012288
1272382101959012357
1272382373901094912
1272383127302877194
1272383595064287234
1272383603406786560
1272383924040278017
