1272384897701855233
1272385250891464707
1272385346320375808
1272385425005522945
1272385445913976832
1272385799120543745
1272385949289177088
1272386083020570624
1272386571606519808
1272386804625235968
1272387550125137922
1272388523757146113
1272389845206401026
1272390389346062337
1272390393943019522
1272390782679347206
1272391944740777984
1272393107045330944
1272393409014009856
1272393709519134725
1272394119785127936
1272395050874482689
1272395160857575426
1272395321893629952
1272395382706835460
1272395546708205569
1272396065971433478
1272396780366430208
1272396967105253376
1272397064496836608
1272397193782210561
1272398275023450112
1272399634980384768
1272402905165901825
1272405160967405568
1272405520167530497
1272405533807566849
1272405923412062208
1272406084787953664
1272406141134348288
1272407195099918336
1272407249005182976
1272407331729559555
1272408284025233411
1272408322054991874
1272408470373965824
1272408765816467456
1272409391753342976
1272409485819199490
1272409497424629764
1272409514084466688
1272411517376290816
1272412114682908672
1272412345227030528
1272412784693620736
1272412787386380289
1272412827739762691
1272412830298406912
1272413000763273216
1272413088957030401
1272413185140817920
1272413240681586689
1272413258222317568
1272413296419725313
1272413358587772928
1272413384177303553
1272414092318261248
1272414944496160768
1272415560593281024
1272415646190452737
1272415846221017088
1272415950533472259
1272416042774679552
1272416101348114432
1272416422342332423
1272416423583911937
1272416754623528960
1272417039408381953
1272417410977497091
1272417850179809282
1272417954982957056
1272418061665161224
1272418095756226560
1272418159321124864
1272418575572176897
1272418690689126413
1272419238888779777
1272419256987258880
1272419285001023488
1272419969813241860
1272420216396550144
1272420253440462849
1272420869890023424
1272421973541269505
1272422263690756096
1272422462584688641
1272423382097645568
1272423426687414278
1272423572749848576
1272423584250638336
1272423658158424073
1272423738403811329
1272424021376860165
1272424158845177856
1272424253569159168
1272424493693186050
1272424570608369664
1272424639290114048
1272424826829930496
1272424886175219714
1272425168942571520
1272425297149931524
1272425324031152128
1272425368549384192
1272425584338046984
1272425671180947458
1272425909505720320
1272426264683520000
1272426966101233664
1272427042017931264
1272427043934728193
1272427401306271747
1272428540840095745
1272428543184523264
1272428699338629121
1272428766304714752
1272429020852842497
1272429533912694784
1272429831091654656
1272429936209473536
1272430113758547969
1272430146218274821
1272430902161797120
1272431172392550400
1272432165125599238
1272432514422861825
1272432801326006273
1272432867671371776
1272433024664207360
1272433181132718080
1272433174660997123
1272433647220518912
1272433943422414854
1272434179616018435
1272434677001809920
1272435045299609600
1272435108671139840
1272435409176481792
1272435447944404992
1272435663967858688
1272435676886241280
1272435729164120065
1272435924023021568
1272436079312814080
1272436599859621891
1272436947483582464
1272437056220749826
1272437335750295553
1272438116494778368
1272438130889687040
1272438359915446272
1272438519328387072
1272439045608497152
1272439051111600128
1272439278094757889
1272439333920727040
1272439899149307906
1272439979931848704
1272440065331879937
1272440132809850881
1272440777138896898
1272440992994451457
1272441221332398081
1272441336008933376
1272441393080909824
1272441746908041218
1272441833013026817
1272442047723642881
1272442526818074624
1272442526599991303
1272443074539671557
1272443611775295495
1272443746483949568
1272443836913143808
1272444189498912768
1272444295623192578
1272444368453058561
1272444416326684672
1272444743058886656
1272444822431858695
1272445237068214272
1272445385798225921
1272446223702687744
1272446503739486212
1272446730601185281
1272446876596436993
1272447280763727872
1272447639217414150
1272447738492473344
1272448367549911045
1272448422532923393
1272449023673135104
1272449024776237056
1272449055331844096
1272449286781968385
1272449710335438848
1272449987205632001
1272450178134360064
1272450246942089216
1272450334024175617
1272450407982403591
1272451362073305088
1272451391395557377
1272451591967322112
1272452088220594177
1272452657077239809
1272453101002338306
1272453102705221632
1272453204027072513
1272454098609201153
1272454164589789184
1272454172705787904
1272454202506215424
1272454687057276928
1272454850022912000
1272455193918128128
1272455695317692416
1272455920614866944
1272456031449292800
1272456099866632192
1272456613589221376
1272456673316294656
1272456864463192064
1272457509907898370
1272457551871987713
1272457615558221824
1272457707862102016
1272457817706856453
1272458003657129984
1272458056291549184
1272458101573193730
1272458159236558848
1272458304896159745
1272458352371654657
1272458909589045248
1272459294118539265
1272459509156335618
1272459670205206531
1272459974636077056
1272460140432838656
1272460142089515009
1272460515953070080
1272460615601324032
1272461249234661376
1272461421897568257
1272461477824409600
1272462375996751873
1272462480409858049
1272462705161535488
1272462894593044482
1272463010489982976
1272463384542355457
1272463426288152577
1272463707310710786
1272463751866966021
1272463919995641857
1272463988979388427
1272464018343682049
1272464058193711105
1272464128301395969
1272464129463185409
1272464130960572417
1272464582649536514
1272464845846216704
1272465189577936896
1272465241058598917
1272465462090219520
1272465502087065600
1272465866005905409
1272466216502910983
1272466330139217921
1272466365354348545
1272468356206133250
1272468952845697026
1272469067539103744
1272469321910910976
1272469425912975361
1272469548973920256
1272469914624892928
1272470020451270658
1272470057994649600
1272470288756666368
1272470289880768512
1272470418406981632
1272470663341568000
1272470853775753218
1272470889448210432
1272471235222364163
1272471332995969024
1272471353308745728
1272471396174757894
1272471489552486400
1272471958278602753
1272472054051360769
1272472064008564736
1272472065468063744
1272472240530108416
1272472306640715781
1272472646538661889
1272472850553856009
1272472854760771584
1272472904970784769
1272473299839139844
1272473352490401792
1272473795337560064
1272473969648640000
1272474802670821377
1272474944140537862
1272475814794231808
1272476371751710721
1272476852741976064
1272476967342923776
1272477299754110976
1272477670287212549
1272478057576591360
1272478072067854337
1272478206780735489
1272478599786967046
1272478639137775616
1272478968134815745
1272478975764258816
1272478976791830528
1272479184594624513
1272479264076685319
1272479385837322242
1272479564854247424
1272480050659635201
1272480115289731072
1272480305866293250
1272480963315011586
1272481298225885184
1272481893410377729
1272482040110297088
1272482635563098112
1272482790257418240
1272482922826739712
1272482928510095360
1272482966929698816
1272483263416860672
1272483266331893766
1272483877978660865
1272483880247808000
1272484031989526529
1272484180404760576
1272484378703249408
1272484386827644931
1272484446944530433
1272484587273420801
1272484632735428610
1272484982250823683
1272485017948614656
1272485019081011200
1272485020238671872
1272485054208491521
1272485304616845314
1272485338456494086
1272485561744252935
1272485943006629893
1272486182035865606
1272486220380155909
1272486665802653696
1272486856106618880
1272487394466508805
1272487520840740865
1272487555221671938
1272487606421458945
1272487637912375297
1272488127966240770
1272488280005763072
1272488331230789632
1272488660047290368
1272488744222851077
1272488941573341184
1272489038444924928
1272489241793056769
1272489401755537408
1272489509125570560
1272489577069019136
1272489780719296515
1272489878236860417
1272490083699081218
1272490190737735680
1272491035755569152
1272491403759751171
1272491471564943361
1272491745998061569
1272492112722956288
1272492331049144320
1272492355749392390
1272492890997116929
1272493136158306304
1272493244027473921
1272493614132875264
1272493729790734336
1272493834241376256
1272493835302535169
1272493836367872000
1272493975451156480
1272494036000165895
1272494364913270785
1272494393631535107
1272494517246033920
1272495119502106625
1272495301765615618
1272495354924146688
1272496031557734400
1272496296872611840
1272496655183441920
1272496679573389312
1272496982209310721
1272496994322386945
1272497082717417473
1272497099582648320
1272497598297825280
1272497609484242945
1272497631688826880
1272497635576946690
1272497689092075520
1272498103950749697
1272498223890874369
1272498243709083649
1272498332544442369
1272498829238112258
1272498892148551680
1272499153990541316
1272499158671413251
1272499187293224962
1272499213407051777
1272499325541777415
1272499360287404032
1272499623123353601
1272500003051679745
1272500074854088709
1272500091878809603
1272500095037190144
1272500263715246081
1272500762866864128
1272500817828868096
1272500875269779458
1272501285506428928
1272501713598058496
1272501764902682626
1272501792711065600
1272501948911099906
1272502251488030721
1272502400620822528
1272502678812164098
1272502750551531520
1272502944768933893
1272503752000405504
1272503890035040258
1272504423453876225
1272504489132449794
1272504520371822592
1272505065522130951
1272505094546829315
1272505336407171072
1272505475049951232
1272505512920322049
1272505677550956555
1272505763597029376
1272506158826139648
1272506288560316418
1272506472576897024
1272506676994850816
1272506830082670592
1272506838638968833
1272507005983264771
1272507457739403264
1272507577096638469
1272507664736477185
1272507714749509632
1272508299175514112
1272508540234727427
1272508545636892672
1272508611730837504
1272508792983310338
1272508799576756225
1272509020285267969
1272509187050934272
1272509366420287489
1272509731190554624
1272510115288166400
1272510201128771589
1272510329252167681
1272510345165316097
1272510352031453185
1272510352048168961
1272510481887002625
1272510707729403905
1272510748560961537
1272511156440240128
1272511183346470914
1272511455586324481
1272511760550047745
1272511829441462273
1272512006084583425
1272512026322112513
1272512241401843712
1272512265036668928
1272512420230168576
1272512562551238659
1272512710023032833
1272512790452936704
1272513035458904065
1272513041821728770
1272513330821857280
1272513373511528454
1272513609323687942
1272513623999434752
1272514423287173120
1272514493919064065
1272514697439457280
1272514903144890369
1272514987832074248
1272515042102181888
1272515139967897600
1272515285778481154
1272515427214778368
1272516053399150593
1272516189009227776
1272516509697531906
1272516811683246082
1272517158178865154
1272517609989136384
1272517988533571584
1272518120406736896
1272518515577290753
1272518819026743302
1272518872906809355
1272519223768567808
1272519907045974016
1272520488510803968
1272521079743971331
1272521266243796993
1272521385794035715
1272521484628422656
1272521661690961920
1272522043813253125
1272522056672989187
1272522435817091072
1272522810754293767
1272522911111241728
1272523137171644416
1272523247565697025
1272523283158781954
1272523510284349440
1272523566148235264
1272523736155975681
1272523748818718721
1272523769500721153
1272523771639889922
1272523774915678209
1272523885481689092
1272523913529081857
1272523913487138829
1272523950451560448
1272524140067553281
1272524299388071936
1272524957021548545
1272525011979579392
1272525214967087104
1272525255123369991
1272526406367543296
1272526680595271680
1272526970316828673
1272527173715472384
1272527272860438533
1272527630571573253
1272527857613332480
1272528370157281282
1272528380890677251
1272528396652875776
1272528853647233025
1272529306770694145
1272529770253824001
1272529899203358720
1272530096059035648
1272530104963432448
1272530242607943680
1272530900543311873
1272531067740684290
1272531397119524866
1272531442233421824
1272531791207956480
1272532107823177730
1272532363768193025
1272533132374355969
1272533153853423616
1272533563834015744
1272533585598259209
1272533790649434112
1272534590674964481
1272534844166160385
1272534848972914688
1272534851464331265
1272535216121425921
1272535228414857217
1272535300200370176
1272535415627677696
1272535720578609152
1272535729722339328
1272536060707377152
1272536118555111432
1272536128227127296
1272536571720302592
1272536657179422722
1272536713705992193
1272536812129525762
1272536912172105729
1272537281186988034
1272537309963972608
1272537730535378945
1272537804896178177
1272538432024215552
1272538647217258496
1272539086985846784
1272539890157342726
1272539987318374407
1272540083414016000
1272540579365355520
1272540600135450625
1272540632179978241
1272540846596988930
1272541261543735299
1272541410781286400
1272541547980943360
1272541886289330176
1272542024193851395
1272542126014947330
1272542356676452352
1272543359492644866
1272543492896669699
1272543772430102528
1272544591737163777
1272544674746634242
1272545094898515969
1272545266021924866
1272545483697897472
1272545608784588801
1272546222520352768
1272546897618628615
1272547019232628738
1272547066582089733
1272547459751968768
1272547499329257474
1272547568942186499
1272547875675758596
1272548039710904326
1272548051723272194
1272548331676467201
1272548585343762432
1272548761202503681
1272548965289000963
1272549074303021056
1272549122885771265
1272549284521537537
1272549490629771272
1272549601191526402
1272549696473640960
1272550321982705664
1272550468997218304
1272550512945180675
1272550523414118402
1272550548051562496
1272550703211458567
1272550964659093512
1272551077137780736
1272551117730140160
1272551143449788419
1272551163272069122
1272551458072932352
1272551660867346432
1272551780111593472
1272551928791044101
1272552815492300805
1272553064965103617
1272553321492930562
1272553470357204999
1272553550279827457
1272553666487169025
1272553765984321539
1272553980019847171
1272554050433712128
1272554096063586304
1272554118524153858
1272554124018683904
1272554233120907266
1272554388897357826
1272554611589746689
1272554669559238657
1272554847003426823
1272555112091787265
1272555400454275080
1272555408683601920
1272555962843398144
1272556887301636101
1272556973356023808
1272556975612706823
1272557053404381186
1272557152385802241
1272557329414795264
1272557340944982016
1272557443286011904
1272557505273638915
1272557573930172421
1272557681799303169
1272557732353191937
1272557858702360582
1272557946912886784
1272558054605635584
1272558169785602050
1272558246910398469
1272558260378353667
1272558495825571843
1272559339182514182
1272559422338818048
1272559429880332288
1272559542786818048
1272559720738500609
1272559752485064711
1272559753479065602
1272559758524862478
1272559807635963906
1272560064474292226
1272560110016122880
1272560147588616194
1272560392288550912
1272560680973946881
1272560696740495360
1272560956439134215
1272560970913714176
1272561133354958848
1272561350603128833
1272561774571786243
1272562078193246210
1272562316823977984
1272562407664123904
1272562450781491206
1272562578158309376
1272562629916098560
1272562757829832705
1272563348236832770
1272563414619967497
1272563428431933442
1272563440918450177
1272563486980218886
1272563687241515010
1272564493369950211
1272564832248770567
1272564887743393793
1272565214790246400
1272565235245858817
1272565592625680390
1272565683038150661
1272565769558253569
1272565849178718208
1272566045690265601
1272566056989712384
1272566179777970176
1272566190813167619
1272566735934087168
1272567132035993601
1272567135999533056
1272567239607234560
1272567358838751232
1272567474106642433
1272568180028739584
1272568180053950464
1272568183539425280
1272568184646725632
1272568432203116545
1272568518978842630
1272568921665736705
1272569412890103808
1272569462567456768
1272569551528488961
1272569617458880512
1272569682772373506
1272569870144507905
1272570021827534848
1272570243894833159
1272570368494981120
1272570465328996353
1272570559088529408
1272570675723743234
1272570768627548162
1272570788491780096
1272570797169803264
1272570881978634240
1272571065223516161
1272571145582186502
1272571342387245061
1272571471785873409
1272572086314303489
1272572302446792704
1272572743519633408
1272572868023508993
1272573149440344065
1272573304281300993
1272573309452865536
1272573871632158720
1272573966855606273
1272574093397823491
1272574378455240704
1272574534504284160
1272574600405118977
1272574634475638790
1272574642981687301
1272574944665198593
1272575088013930496
1272575090912305154
1272575370076831746
1272575367623200777
1272575408198709249
1272575892238319618
1272575911255252998
1272575963889623041
1272576140100595712
1272576677709824002
1272577097685274626
1272577214891151361
1272577496928718850
1272577645281239040
1272577843717984256
1272578058562801665
1272578124602015745
1272578837520539649
1272578975215181824
1272579159852642304
1272579453760110592
1272579757637603329
1272580011103576065
1272580064194883584
1272580082377404417
1272580114849693697
1272580231346429952
1272580430701531138
1272580460464369664
1272580566324576261
1272580747484856323
1272580750466969600
1272580801213931521
1272581094546776066
1272581290785726465
1272581422172250114
1272581518817284096
1272581521862537216
1272581526811705352
1272581823726419968
1272582183857934345
1272582315139649536
1272582351852355596
1272582531892891649
1272582544911982593
1272582680039829507
1272582785933307904
1272582819403796480
1272582902518181888
1272582978074316800
1272582986731409408
1272583031111335938
1272583033200074752
1272583243758518273
1272583487032303618
1272583493017636864
1272583559992143872
1272583908782112769
1272584558052024323
1272584608509460482
1272584886486855680
1272584899476598786
1272584957207228421
1272584958066995206
1272585376796999682
1272585500436516864
1272585875767980032
1272585884475559939
1272586390782574592
1272586906488967168
1272586941700231168
1272587022167932929
1272587212878643200
1272587314292649989
1272587695202676737
1272587699933687808
1272587981371650050
1272588104470269953
1272588142495834113
1272588258363551744
1272588552006705153
1272588727588618241
1272588933336043523
1272589112785199104
1272589202962726920
1272589227872489472
1272589307438563328
1272589417081962501
1272589873585758208
1272590362561798144
1272590456132644864
1272590737553739778
1272590745560666114
1272590835406626818
1272591391697309696
1272591400161480705
1272591574883618817
1272592114069778434
1272592797107773441
1272592845396819968
1272593709478051840
1272593821315072001
1272593878726606849
1272594051758465026
1272594114517839873
1272594117445459974
1272594240535777280
1272594720703774721
1272594872495554560
1272595021338775552
1272595101928300545
1272595134086078465
1272595498898251777
1272596086608351234
1272596121479610368
1272596423834513409
1272596482374467585
1272596706194931713
1272596719973232646
1272596910679957506
1272597224510205952
1272597381549182977
1272597457117970432
1272597468207693825
1272597532699435009
1272597591910420481
1272597716879601664
1272597734395011072
1272597818054565889
1272598125954416641
1272598135047516160
1272598214944808961
1272598371392458752
1272598563135131648
1272598975330344961
1272599253257510913
1272599386623598594
1272599401966559232
1272599733626945536
1272599831140237314
1272599871418220544
1272600140075814912
1272600471287496704
1272600507673120775
1272600840310841344
1272600866445500419
1272600942324613122
1272600978915840001
1272600985274331137
1272601048071487499
1272601185422213120
1272601500498513920
1272601715498418176
1272601910386872329
1272602093363302400
1272602175903092736
1272602266025877504
1272602367628922880
1272602794944532487
1272602795993190411
1272602854344269830
1272602910682230789
1272602917216886786
1272603166345957379
1272603378313502721
1272603460073148416
1272603843306622976
1272604070373666816
1272604220584329224
1272604328965156868
1272604368328630275
1272604387031109637
1272604960480546817
1272605019368349696
1272605021453123590
1272605100192587777
1272605186436083714
1272605301418622977
1272605307399700481
1272605480276410371
1272605551659233280
1272605631426506752
1272605663550517248
1272605767233921025
1272606136395579393
1272606226933862403
1272606415534907399
1272606499760746497
1272606520845402113
1272606537744343041
1272606649384124416
1272606679947972612
1272607010236911619
1272607098359001088
1272607248737546252
1272607366312312833
1272607439364423683
1272607584592281601
1272608055314841602
1272608302506160129
1272608465815568386
1272608499717963776
1272608517485211650
1272608575236509704
1272608714294464513
1272608894544564224
1272609270975078406
1272609346896224257
1272609351128276999
1272609484981108738
1272609712979181571
1272610007431827457
1272610155709038592
1272610157541941250
1272610673017511936
1272611091290263552
1272611218742747137
1272611394115063808
1272611415472381954
1272611846382587905
1272612322364649474
1272612532482703360
1272612608194031616
1272612724044967937
1272612761776914433
1272612861106204672
1272612933281869824
1272613133354299392
1272613159996739585
1272613228858585088
1272613229903048704
1272613230934818816
1272613231052288000
1272613320126861312
1272613772264239105
1272613955731484672
1272614272003080192
1272614445043376128
1272614580976521218
1272614812384665600
1272614882882584576
1272614915946082304
1272614922791223296
1272615235057221632
1272615590490865664
1272615607301574656
1272615664860246017
1272615981962018816
1272616129333063680
1272616229577129985
1272616340029874176
1272616483508682754
1272616678132768770
1272616706968629258
1272616807703207936
1272617065476771847
1272617099911979008
1272617463650430980
1272617548144496640
1272618052186759178
1272618099557220352
1272618340368826368
1272618512679202816
1272618533436960769
1272619061688635398
1272619329176186887
1272619818445922305
1272620060549492737
1272620127557758976
1272620344390508544
1272621033984528385
1272621263438176262
1272621322078760961
1272621498067451905
1272621564618518536
1272621592292491265
1272621969394057218
1272622220095832066
1272622317403877378
1272622487445147648
1272622720224841729
1272623118066966528
1272623124249317378
1272623125197467649
1272624026607894530
1272624296108740609
1272624357974523904
1272624419266011136
1272624514208333825
1272624887987752961
1272624958234136582
1272624974092779520
1272624995441704961
1272624999308963841
1272625176358813697
1272625486083117057
1272625513245429763
1272625750710063111
1272625754833072131
1272625831219609600
1272625865260580864
1272625909351231490
1272626283546062848
1272626773784555520
1272626979372544000
1272627281178038277
1272627467598139392
1272627551362519040
1272627560023838727
1272627597608919041
1272627790899294211
1272628022252896263
1272628097557450753
1272628157317812224
1272628201966034944
1272628204499431424
1272628208706285568
1272628209796825088
1272628355209162753
1272628549502013444
1272629395904028672
1272629515160891403
1272629908414611456
1272630022759755782
1272630703679832071
1272630844243443718
1272631303825915904
1272631711445200904
1272631748120248323
1272631779434823683
1272631843028824064
1272632000801898496
1272632225452838912
1272632393950793731
1272632662797299714
1272632775678386176
1272632924932882433
1272632931253657603
1272633600014315520
1272634035009921026
1272634300094128131
1272634654261198848
1272634718467416064
1272634774067318787
1272634792908029957
1272634795974148097
1272634944330756096
1272635235423977474
1272635403410038789
1272636011617476609
1272636078093217797
1272636238764236800
1272636409615187968
1272636600141385728
1272636743905206272
1272636778504048640
1272636837098643457
1272636861601603584
1272637016136536065
1272637123053699077
1272637175667064833
1272637717910704128
1272637796252033027
1272637835569328128
1272638150926573570
1272638352760635394
1272638751882313733
1272638779463958538
1272638844651933697
1272639109463453697
1272639566458105860
1272640005916241921
1272640083288633344
1272640200196276224
1272640242793791488
1272640660919791617
1272640675671166978
1272641065015750662
1272641254606733313
1272641256976416770
1272641327742824454
1272641413386326024
1272641605569298438
1272641834234392576
1272641834833960960
1272641890735673345
1272641898029727751
1272642368370606080
1272642416655269888
1272642737624489991
1272642836140306437
1272642967610765312
1272643097009238017
1272643183130759168
1272643412097990659
1272643577173114885
1272643629975080960
1272643863874854913
1272643999715725317
1272644055806218244
1272644717960818688
1272644878355140608
1272645437128933377
1272645474500182016
1272645618633228288
1272645657208258561
1272645888914018304
1272646114722938880
1272646429635489792
1272646451735269378
1272646772217860100
1272647003416276992
1272647250397638657
1272647419856027652
1272647532213043205
1272647900405723136
1272647950301356033
1272648353587789826
1272648681045372928
1272648751509798912
1272648772468817921
1272648787161313280
1272649265802817536
1272649410195779584
1272649550096809985
1272649859086995457
1272650521162194952
1272650644978049026
1272650865845792769
1272650928328491009
1272651228715954178
1272651237444464642
1272651352645292033
1272651822415650818
1272652057019854850
1272652104780447745
1272652174057766913
1272652360158810119
1272652603776815104
1272653153083764738
1272653360420794371
1272653521268039680
1272653692551024641
1272653912882008074
1272653982943645696
1272654049482084353
1272654256793772032
1272654257204932608
1272654381092089857
1272654659614724096
1272654942562590721
1272655221337001985
1272655774762876929
1272655900264849411
1272655980002754560
1272656082364698624
1272656369309618179
1272656556421787650
1272656575405178885
1272656614542237698
1272656626261078017
1272656700500250624
1272656701288861696
1272656750798188544
1272656821346582529
1272656978804965379
1272657144161001473
1272657235408273409
1272657337489162246
1272657356002746368
1272657619304484870
1272657695636508672
1272658082452189185
1272658359959896065
1272658416679350274
1272658417786601473
1272658590298443777
1272658746989215744
1272658940761985024
1272659058550435840
1272659208828104704
1272659422125477889
1272659567835516928
1272659935273213952
1272660006090027008
1272660032715460611
1272660036020350976
1272660107214696448
1272660160150937601
1272660223971467265
1272660226408419329
1272660231257030663
1272660483821072384
1272660704001220608
1272661233028796418
1272661393477599232
1272661460846592002
1272661544870920192
1272661546036948993
1272662033188696064
1272662167771373569
1272662175937675264
1272662832589484033
1272662964949090308
1272662989905240064
1272663159954866176
1272663280125952000
1272663556329275392
1272664218123284482
1272664274440278018
1272664368170164227
1272664514173865984
1272665566973755395
1272665668760920064
1272665951016816640
1272666209582907393
1272666255606992896
1272666418300047360
1272666545634840576
1272666672927825921
1272666835612307459
1272667089975873537
1272667643548446737
1272668479162810369
1272668878292660225
1272669232140967936
1272669663210532864
1272669709872386057
1272669828504002560
1272670114672979974
1272670264124293120
1272670850769211393
1272671051818905600
1272671204135108609
1272671371672334338
1272671649540734976
1272671821138100224
1272672530030047236
1272672537571450880
1272672771991130112
1272673503146160128
1272674333299703809
1272674393747931136
1272674509087268872
1272674800268435456
1272675052924928000
1272675104141578241
1272675249604251650
1272675634163208196
1272675973612408835
1272676158597992449
1272676192345300993
1272676501746409473
1272676598341414913
1272676694218981378
1272676799596638214
1272677013191561217
1272677557352071169
1272677635680866305
1272677748763475973
1272677884990304257
1272677988707033090
1272678818986278913
1272679245316345857
1272679589081300992
1272679684443181056
1272679700972867585
1272679831386443777
1272680256265224199
1272680411697741830
1272680424137879552
1272680435273924609
1272680502437298178
1272680581109886976
1272680608037142529
1272680608037142529
1272680634096345088
1272680703638077441
1272680784961380353
1272680857036296194
1272680923226669056
1272680985570578432
1272681159806324736
1272681226378199040
1272681660732112902
1272681964110258176
1272682542831767552
1272683752657948673
1272683864754999296
1272683883251843074
1272684411515924480
1272685265916776451
1272685652468006918
1272685734957182976
1272685857032503296
1272685931439382529
1272686068379398145
1272686109475196928
1272686126030086144
1272686557464584192
1272686743100313600
1272686759063805953
1272687053977915394
1272687253291220993
1272687495801720840
1272687547534184449
1272687715864248322
1272688119490453511
1272688347681419264
1272688350789373952
1272688475876102145
1272688477872680960
1272688791636115456
1272689422685941762
1272689480680390656
1272689542957420544
1272689797103050752
1272689849066274816
1272689886093508608
1272690524307230723
1272691015061630977
1272691143558324224
1272691161975619584
1272691212919738368
1272691728214970368
1272691808426848257
1272692000739848192
1272692109976514560
1272692355217321985
1272692515557302273
1272692700865679360
1272693310222675969
1272693522622148609
1272693526351024128
1272693839019548677
1272693914164756480
1272694137838620673
1272694426725425152
1272694629113171969
1272695021192581122
1272695429789028352
1272695605366870016
1272695887119167488
1272695986910093313
1272696032380383232
1272696110671421441
1272696528801427457
1272696780476596228
1272696833383387136
1272696977713700871
1272697470934532102
1272697515347980288
1272697865480142849
1272698371925585921
1272698588137615360
1272698773119086592
1272699099557568516
1272699333444464640
1272699440017682435
1272699627863781378
1272699934676926464
1272700436928225282
1272700586715217923
1272701138567966720
1272701198823387136
1272701583315394560
1272702080470388736
1272702081049276416
1272702237555523585
1272702506930487301
1272702832332779520
1272703039586160641
1272703194951368704
1272703319337664512
1272703320503619584
1272703517141069824
1272704144743243777
1272704372917575681
1272704426860519425
1272704619471351808
1272704713742417920
1272704754691584000
1272704754733498371
1272704804117233665
1272704951932911617
1272705225619582978
1272706013909651457
1272706073883897857
1272706184538214401
1272706471881392128
1272706493280915456
1272706541683163136
1272707494100348929
1272707739999965189
1272707908187443201
1272708021085450240
1272708989852229633
1272709307503706114
1272709816146944003
1272709865518104576
1272709878046474240
1272709895989735424
1272710293315923969
1272710705863700487
1272710857584193536
1272711491293261825
1272711552341336064
1272711579776286720
1272711607680983040
1272711628773965824
1272711864233922560
1272712070291693569
1272712603282931713
1272712767162720263
1272712803682586625
1272713502596255746
1272713642656452608
1272714297072852993
1272714322918232065
1272714359039381504
1272714387770478592
1272714474319839232
1272715385566003200
1272715795697565696
1272716040125009920
1272716165337485313
1272716838737080326
1272716937454391296
1272717017863213056
1272717101862510592
1272717374979035136
1272717396915208193
1272717679531458560
1272718001750622208
1272718355531812866
1272718361944678400
1272718503225602049
1272718549824356352
1272718556313116672
1272718808025833472
1272719538354823169
1272720730581590016
1272720749363630084
1272721066402742273
1272721264445194242
1272722066853310464
1272722075036221440
1272722101850517506
1272722295543541760
1272722517090762753
1272723068897591298
1272723244752220160
1272723319121309696
1272723399291236352
1272723565020876805
1272723626429689858
1272723692313874432
1272724039857930241
1272724534953721857
1272724868207968257
1272724981626142720
1272725035556487176
1272725509319909378
1272725570749595653
1272725875385982977
1272725902183428097
1272726016788582405
1272726248528191488
1272726492414275584
1272726588904411136
1272726700959264771
1272726726271893504
1272727961255514112
1272728188574216192
1272728693937446917
1272728728376836098
1272729246092472322
1272729665229205506
1272729669180194817
1272730697267138560
1272730756561813505
1272730777571246082
1272730845741113344
1272731615874048000
1272732529292988417
1272732753512054788
1272733028205371397
1272733209260888064
1272733399753519104
1272733634559201280
1272733698815860737
1272733948305530880
1272734099871055872
1272734107995213824
1272734736251789313
1272734903713566720
1272735337572433926
1272735421605257216
1272736130400694273
1272736899329916929
1272737204826263557
1272737264376872961
1272737351261925378
1272737381762904066
1272737449278668800
1272738199484366848
1272738498349535239
1272738600866549762
1272738646068772867
1272738806685290497
1272739116296425474
1272739184059355144
1272739229513154562
1272739401941110785
1272739407473369088
1272740033594884096
1272740365301362688
1272740805569110016
1272741033760247809
1272741259841396736
1272741520475426816
1272741771253026816
1272741827423227904
1272741870196740096
1272742094369705984
1272742512969613316
1272743182254686209
1272743657666297856
1272743741942648833
1272743787874394112
1272744007907639296
1272744084071804928
1272744315975057408
1272744412271882246
1272744560721121282
1272744984999952384
1272745031498182663
1272745143758536705
1272745511360049152
1272745733100318726
1272745766386380806
1272746674847461376
1272746968482267136
