1268040868025577472
1268041804789792771
1268042884214935558
1268043712380178439
1268043928009355264
1268044332717793283
1268044569268060162
1268044793105526784
1268044816279048197
1268044937020538881
1268044949766860800
1268045640518504456
1268045837323702272
1268046511230742529
1268046512774189057
1268046514636550144
1268046521007665152
1268047396275019776
1268048916060094466
1268049551283441664
1268051378183815168
1268051669335465984
1268051850852544512
1268052844390703104
1268052873272791041
1268052929774305293
1268053372201885696
1268055328836517890
1268055694445547520
1268056123237634052
1268056656992231424
1268059117744201738
1268059329548124163
1268059697078251520
1268059920789843969
1268060231147204609
1268060247266033666
1268060359174377473
1268061465484955651
1268061491103543297
1268061493540515840
1268061496975581185
1268062396582633472
1268063440268132352
1268063584334024705
1268064347957473280
1268065152840187904
1268065516867862528
1268066011200335872
1268066105224048641
1268066679197708288
1268066709446983680
1268067421895655424
1268067434935844865
1268067985081720833
1268068161221525505
1268068167290458113
1268068318176518145
1268068550989627394
1268069424914935808
1268070042383511552
1268070089376530437
1268071293015949314
1268071591960670209
1268072447217147905
1268072550610997250
1268073089038004226
1268073096432386049
1268075195526455296
1268076042176126978
1268076589276819457
1268076716213235713
1268077277931339782
1268078256265322498
1268079733415149569
1268079934762819584
1268081344598495232
1268081492862746626
1268082023039721479
1268082534530850821
1268082866589700097
1268082881273802752
1268083093484777472
1268083567982260226
1268084990656552960
1268086611897696256
1268087661513736192
1268088021074804742
1268088811856240640
1268088975316725764
1268089521247322113
1268090207594741761
1268090411467386880
1268091097038848000
1268091436450435073
1268091952249135115
1268091954459369473
1268092064446595073
1268092367350968320
1268093826704400384
1268094079323312128
1268094325503729664
1268095175420755968
1268097311617540097
1268097745304162304
1268097932601032704
1268098964521353216
1268099234143842304
1268099411642548229
1268099661203558402
1268099718027988992
1268099980969095168
1268099991249141760
1268101230347378692
1268101641812635648
1268101647172956160
1268101758859051008
1268102338956464128
1268102511111606276
1268102636286476288
1268102850003042304
1268102888498147329
1268102913731297280
1268103011043209216
1268103177850818561
1268103609142726657
1268103739233185793
1268104782096596993
1268106118443786240
1268106431095541760
1268106931081789442
1268107042176135169
1268107347982860288
1268107988541161478
1268108028353687553
1268108178388115456
1268108466197016576
1268109156214616067
1268109716732993538
1268109737276641281
1268111316280999937
1268111343028142080
1268111748810313729
1268112693665374208
1268112880005758976
1268113079381790720
1268113673245151235
1268113884814213121
1268114815605714946
1268114857389363200
1268115066341036032
1268115091834224640
1268115205470519297
1268116218667507714
1268116420648488960
1268116919007182848
1268117065438760960
1268117107335745536
1268117346650112000
1268118038483738624
1268118239562825729
1268119124573552641
1268119355868381185
1268119824409825282
1268120010993565697
1268120377126875136
1268120572698988544
1268120939671310336
1268121136245559297
1268121398872080386
1268121633962647554
1268121866646020096
1268121889135681538
1268121889701945345
1268121891660689408
1268121891807440896
1268123254390247424
1268123708448747520
1268123776060981248
1268123895644729344
1268123911750893568
1268123953567952896
1268124120413278208
1268124402710917120
1268124917591048192
1268124989145993218
1268125856469319682
1268125856960045056
1268127021621743618
1268127052378456065
1268127743314542592
1268129048041000960
1268129121130778626
1268129371543547906
1268130652987236353
1268130689238609926
1268131130106052608
1268131135357366273
1268131386554081282
1268131541034598400
1268131794345504768
1268131961509298176
1268132167843971074
1268132755617054720
1268133067597713408
1268133560881463297
1268133675092369410
1268133683548037120
1268134476804128774
1268135428852453377
1268135598591803392
1268135789390630912
1268136061722660872
1268136552498167810
1268136737072492545
1268136740063043584
1268136911882911746
1268137158436630529
1268137550482464768
1268137681860558849
1268137693973827584
1268138172514525185
1268139176173670400
1268139254305058816
1268140015734919171
1268140256269709316
1268140407671656452
1268141081532805120
1268141649915310081
1268142260501307392
1268142569273331714
1268142779345055745
1268142920869298176
1268143751714803713
1268143864164036613
1268144278716416001
1268144669411676161
1268144753545273344
1268144867860983810
1268145308766212096
1268145523472637952
1268145797935370240
1268147817836621824
1268147835192606720
1268148701614096384
1268148878790070284
1268149475379478530
1268149988795781120
1268150293117747203
1268150508151324673
1268150710954266626
1268150890147516416
1268150930274430984
1268151973544488962
1268151975876550656
1268151979638837248
1268152207007985666
1268152907268005888
1268153176710156288
1268153246843056128
1268153724263858177
1268154014585192450
1268154081840955392
1268154182458052608
1268154543956807680
1268154569537830912
1268155241184313346
1268155308511297537
1268155540707971074
1268155605715496961
1268155902659637248
1268156195522707456
1268156326166908929
1268156529246601219
1268156749757939714
1268156947854958593
1268157368312848384
1268157610424971268
1268158074033930240
1268158276178522114
1268158715259207682
1268159380962316289
1268159421580009472
1268159515108585472
1268159993083297792
1268160421426536448
1268160540087668736
1268161323218714624
1268161657525735425
1268161680103690240
1268163104195645441
1268164279297081344
1268164863068647424
1268164944341676034
1268165087413624838
1268165272302694406
1268165291021926401
1268165397255262214
1268165714713743360
1268165988945625088
1268166167811760135
1268166188657410048
1268166269972492291
1268166328487235586
1268166531697061889
1268166710923853825
1268166737381507073
1268166755324657664
1268166866427658241
1268167061479370752
1268167069675053056
1268167074016227329
1268167152936370178
1268167377994350594
1268168067982462979
1268168502147514374
1268168744578277378
1268168918134292482
1268169201245536256
1268169202545774592
1268169867666034690
1268170033311645696
1268170252510277637
1268170522300493825
1268171427519377409
1268171428630802432
1268171556913655808
1268171559010795522
1268171585439117314
1268171926440226816
1268172981827768323
1268173195414253568
1268173287672119297
1268173326884765698
1268173375375126529
1268173622847377408
1268173740245999616
1268173938716291077
1268174441646866434
1268174829733150721
1268174856241262592
1268174938634141696
1268174975166484480
1268175067655135232
1268175194557997058
1268175200409042944
1268175634330791937
1268176142097408000
1268176861898645505
1268176910259011584
1268177277520666624
1268177733198241793
1268177819189854209
1268178182248828933
1268178631555084290
1268178659766153228
1268178703323979777
1268178725952200705
1268178773356281857
1268178806457667587
1268178852532097025
1268179533116702721
1268179554532818945
1268179698422603779
1268180007437901824
1268180049913618436
1268180222102429703
1268180262254493699
1268180511559749634
1268181415167848450
1268181602623987712
1268181699998953472
1268181789345906690
1268181790595747840
1268181793196216321
1268181957223088129
1268182519901556739
1268182624763346944
1268183433219649538
1268183710941184001
1268184043549409281
1268184050314940420
1268184062985977856
1268184338899832832
1268184378473156609
1268184483074801666
1268184677065437185
1268185018637193217
1268185022412075009
1268185934715064320
1268186093465284608
1268186686216798209
1268186688007868416
1268187571965685761
1268187573261750272
1268188000699256833
1268188167246688257
1268188294535352325
1268188339200458752
1268188339489984515
1268188451599519744
1268188493706035201
1268188567609753610
1268188576954544130
1268188842265362445
1268188951325671427
1268189078077333507
1268189120033103872
1268189189583048704
1268189232243322882
1268189235829518336
1268189295363399681
1268190350839078914
1268190460566093831
1268190488458416134
1268190738858287104
1268190992412311554
1268191070455762945
1268191522413064193
1268192024278249472
1268192055500640256
1268192404022099968
1268193447464271872
1268193725630554112
1268193790969425920
1268194097321447424
1268194241550794754
1268194246009352192
1268194255807356928
1268194365492670464
1268194655650426880
1268194830951251968
1268194993262309376
1268195968157188096
1268196389672058880
1268196494542282754
1268196595167789056
1268196924412375048
1268197027671728128
1268197120894476291
1268197181703491586
1268198139632078849
1268198615211786246
1268199173440114689
1268199659077398529
1268200146598330368
1268200154395340807
1268200155204980736
1268200459145273345
1268200551638073345
1268200655459512320
1268201032129142785
1268201943429767170
1268202184765853698
1268202811424075776
1268202882815397888
1268203114605301771
1268203624104165376
1268203725203668994
1268203770707615746
1268204172203229184
1268204303589806082
1268204351476170758
1268204534775648257
1268204648541847552
1268205199769862146
1268205438442459136
1268205687236067329
1268205779405897730
1268206258710028288
1268206874928824330
1268207146233147392
1268207195285590019
1268207896564768775
1268208252359184386
1268208331446861824
1268208335729201152
1268209076481273856
1268209647040827392
1268209815274303489
1268209845586493442
1268210155805716480
1268210751153549313
1268210962546536449
1268210965608267777
1268211280470585344
1268211853189984256
1268212122044919809
1268212216391782400
1268212239108104195
1268212897483821058
1268213036113965057
1268213059660722176
1268213398996758528
1268213471780515842
1268213603980709893
1268213966158942208
1268214060853706753
1268214228994973697
1268214791643987969
1268214948603334662
1268215188576186369
1268215317903413249
1268215897044455425
1268216192193441794
1268216296170291200
1268216402395226113
1268216526412353542
1268216665919107081
1268217520332451840
1268217932661874690
1268218149037461504
1268218262988435456
1268218511916220417
1268218757102604288
1268218952766947330
1268219138427588608
1268220065784180737
1268220661782269952
1268221087462166528
1268221188536504327
1268221800904679426
1268222014252294150
1268222084506890241
1268222477831938049
1268222909430063105
1268223397122789378
1268223452059766786
1268223509945356289
1268223736190308354
1268223774241021953
1268225101289447425
1268225360048644098
1268225473739358216
1268225572800532482
1268225739020795904
1268226827346014208
1268227323700092937
1268227697689481218
1268227777989423114
1268228494661738507
1268228609296211969
1268228938888818688
1268229096003133440
1268229097861214209
1268229217839271936
1268229650083348480
1268229865242845184
1268230082272940037
1268230377543544837
1268230469667209216
1268230511627034624
1268230534607654912
1268230566173949957
1268231793456459781
1268232674520563713
1268232722251689984
1268232899121291264
1268232926455529473
1268233005845245952
1268233014217236482
1268233038577704961
1268233057384968193
1268233099525132291
1268233137542184960
1268233319730368514
1268233617706188801
1268233643899707395
1268233668495015938
1268234044770304000
1268234074570842112
1268234427223683079
1268234621348646912
1268235249600942081
1268235764522987527
1268235915446681600
1268235990415683584
1268236079615946759
1268236239880273920
1268236601697677313
1268236739203731456
1268236759541993472
1268237164564762624
1268237243795279874
1268237892289277953
1268237944936173568
1268237994726744064
1268239081055510528
1268239493569679361
1268239914723717122
1268240237672742912
1268240308736856066
1268240331541065728
1268240672777216000
1268240724002328577
1268240768478646279
1268241429094035461
1268241588267999238
1268241924843962370
1268241926995668992
1268242011427147776
1268242428907094022
1268242627415232514
1268242995524128769
1268243320842653702
1268244078552068098
1268244301072551942
1268244431062384641
1268244683173617664
1268244773472796672
1268244860064141313
1268245061105520645
1268245171025649667
1268245735331500032
1268246144771112964
1268246387449307136
1268246779969122306
1268247391762702337
1268247679940923395
1268247964088061952
1268247964507504640
1268248162923425794
1268248259765637123
1268249337139728385
1268249449383579656
1268249844327596032
1268250103061635079
1268250298348441608
1268250546647023617
1268250793884426242
1268250948683599872
1268251071299936256
1268251739083415552
1268251800760696838
1268251822038192128
1268252230743883777
1268252244748595200
1268252479273046016
1268253613064966145
1268253748406689792
1268253761509572608
1268253780761444352
1268253974286815235
1268254122425438208
1268254175353282562
1268254517671243776
1268254619517489152
1268255009453608960
1268255226798186502
1268255582768807940
1268255622241357826
1268255708539023360
1268256063998091266
1268256287533477888
1268256572309942277
1268256657252864001
1268256718787620864
1268256775364505601
1268256778719858689
1268256846348877824
1268256971930701826
1268257130185973760
1268257271286501376
1268257452497264640
1268257486865399808
1268257769817362434
1268257856102576131
1268257911681060864
1268258326414004228
1268258679603822594
1268258694007005187
1268259514782015488
1268259575284797440
1268260691481370626
1268262011663781888
1268262034535260162
1268262231592112128
1268262298168307712
1268262569728446466
1268262878248873984
1268262940987330562
1268263086697349122
1268263615452385280
1268263718175027200
1268263742191677440
1268264000657207304
1268265379027181569
1268265411155542016
1268266548227178497
1268266754876178433
1268267198059089921
1268268348908789760
1268268955405189120
1268269862557712385
1268269976596570112
1268270401613856768
1268270532799184900
1268270534418038784
1268270638961229826
1268270729541251072
1268270806318092290
1268271031720062982
1268271133695995904
1268271371634659328
1268272132422635520
1268272169806692352
1268272257396162566
1268272898671706112
1268273165517631488
1268273279212584960
1268273576630779905
1268273715479011333
1268273718385676288
1268273968147881984
1268274070367461377
1268275018045157377
1268275329522716672
1268275649325731841
1268275771237445635
1268276056903102464
1268276292123795456
1268276293159849984
1268276345915801600
1268276693418029056
1268276861177663488
1268278075109683200
1268278922355118081
1268279846813171715
1268280040623534080
1268280198845403143
1268280244315840519
1268280442685394944
1268280654342639616
1268280677314813955
1268280835733622784
1268280994190233604
1268281243336048640
1268281746140921857
1268281917360742402
1268282085279764488
1268282363777290242
1268282738462818304
1268282912861978624
1268283090474065923
1268283386415677446
1268283838016430084
1268284438775029765
1268284457708118017
1268285778511171590
1268286142551674882
1268286250022244352
1268286815854825474
1268286848515870723
1268287179698180103
1268287222874140673
1268287229811585024
1268287230855901184
1268287964196397061
1268287985017028608
1268289318981951488
1268289568861646848
1268289621999251457
1268289632975945735
1268289949213683713
1268290271202213896
1268291038399127553
1268291627350720512
1268291713258401792
1268292326910078976
1268292460603756545
1268293020560109570
1268294064555937794
1268294397457600512
1268294727872450561
1268295335367098368
1268295392782962688
1268295458708787203
1268295733872123905
1268296004178247684
1268296084616622087
1268296271237914626
1268296411877163011
1268296583935860740
1268297048958341123
1268297104985698304
1268297167921446912
1268297304840245248
1268297761558073347
1268298267852505093
1268298730765246466
1268298816492498944
1268299245158912000
1268299578916429830
1268299604115816451
1268299758541705221
1268300480968634376
1268300571007746055
1268300837564137479
1268301048583786496
1268301317996531712
1268301489451290624
1268302019275526144
1268302134937780225
1268302199999746049
1268302201107042304
1268302234552619009
1268302312423985154
1268302323404570624
1268302965309239296
1268303518596771849
1268304044088532995
1268304674618134528
1268305226936791043
1268305355739627520
1268305689367048192
1268305977251524610
1268306147456450562
1268306230067335168
1268306392823336960
1268306397684543496
1268306760965726208
1268307137761067009
1268307274726027265
1268307420163575809
1268307862805024772
1268308297582551042
1268308598473531397
1268308598758748161
1268308864715251712
1268308866015453184
1268309362273116166
1268309753425350656
1268310175687094272
1268310594534420481
1268311415074349056
1268311626031251457
1268311811788541954
1268312003694780416
1268312495816507392
1268313159325999105
1268313272207511557
1268313272878391296
1268314545166209024
1268315411159715840
1268315598318010370
1268315885707632642
1268316768700940290
1268316999819591681
1268317169894297600
1268317174487080961
1268317175535636481
1268317176705900544
1268317409166884867
1268317918871371777
1268318371801636869
1268318374993543169
1268318925995073536
1268319682727235591
1268319894673776645
1268319976848363521
1268320062814867458
1268320228519313416
1268320323868516352
1268320324119977987
1268320701590593536
1268320892880379904
1268321171960971265
1268321596701376514
1268322032841904130
1268322520593100801
1268322548967587840
1268323400025550849
1268323525963603968
1268323867333767168
1268324074897338368
1268324496043315200
1268325714518040581
1268325801155538944
1268325831526494208
1268326217607983104
1268326765790986242
1268327118489952256
1268328687239389185
1268328692528398338
1268329876521615362
1268329932553363457
1268330426084610050
1268330678665580545
1268331626473324545
1268332029835227136
1268332030716067840
1268332031403888640
1268333606843437066
1268334037464051712
1268334852216160258
1268334970894004225
1268335292785627136
1268335498050908161
1268335595564253185
1268335940994584579
1268336138428846083
1268336349268107264
1268336379739734019
1268336777342808064
1268337432967229445
1268338643287998464
1268338759642288133
1268339212505382912
1268339215441387520
1268339907451408384
1268340094538317825
1268340516195885057
1268340568826011649
1268340705375580160
1268341202807590912
1268341681855901696
1268341923753930752
1268342576391745537
1268343076386418688
1268343157198028805
1268343825879236610
1268345098015854592
1268345853389025281
1268345953750331394
1268346100420837377
1268346123611144192
1268346347687739394
1268346510581723137
1268346868766871554
1268346869538861056
1268346870029447168
1268346871124127744
1268346998018596865
1268347496780234754
1268347591206612993
1268347832869826561
1268348308793286656
1268348519175401472
1268348627476525059
1268348908306038785
1268349248090882050
1268350439180972033
1268350522052009985
1268350601445990401
1268351196600958977
1268351196856823821
1268351587384201217
1268352163488522240
1268353177725939712
1268353815255932930
1268353835317096448
1268354431659229184
1268355175074447362
1268355289767690240
1268355823794872322
1268356738627129345
1268357371295928320
1268357487356448771
1268357530746597378
1268357661952638977
1268358067147599872
1268358278456717313
1268358480559321088
1268359129866870784
1268359248150441985
1268359359492431873
1268359716801064962
1268360501475581952
1268360515602075649
1268361437119946752
1268361837269180426
1268361969255342081
1268361970828206082
1268361973302870016
1268362265532739585
1268362804307820545
1268362872247201792
1268362904442679296
1268363356819402760
1268363510272188416
1268363540001427462
1268364578926313473
1268364666092347393
1268364679493099520
1268364751979057153
1268365321343246336
1268366265883607041
1268367675513765889
1268368259960565760
1268368580300677121
1268369408730320902
1268369838730285061
1268369991738556416
1268370290943447041
1268370476340043779
1268371040700424192
1268371066931593221
1268371272431398915
1268372254565584898
1268372699832815616
1268372917252960257
1268373250108776449
1268373514354032640
1268374479538810882
1268374642353418240
1268374734154145792
1268374815624146944
1268374962001391616
1268376009012916224
1268376013559529474
1268376051312406529
1268377730283864064
1268380174791426049
1268380565503426561
1268380901026734080
1268381013924864000
1268381286634270721
1268381355190165505
1268381589794324480
1268382479104094209
1268382606535430146
1268382646348001281
1268382712206942210
1268383965628547079
1268384174236467200
1268384526050394117
1268384902115930113
1268384976896221186
1268385026925826051
1268385265329991680
1268385549586399232
1268386223959261184
1268386371007385600
1268388048288522243
1268388807717654531
1268389238632075264
1268391069680635904
1268391236978847744
1268391592412545024
1268391661756805121
1268391662927003650
1268391663983923200
1268391664394964992
1268391728656134144
1268391922692960256
1268392357365452800
1268393493208207361
1268394004892262402
1268396158126305282
1268397070274052097
1268397075760156673
1268397195536957440
1268399481416028160
1268399914989600773
1268400363050336257
