1277096176958013440
1277096421909561344
1277097043740233729
1277097313882832896
1277097850736742405
1277099897360207872
1277100060715745280
1277100300365676551
1277100918111158275
1277101108532576264
1277102131628163073
1277102428534366214
1277102443785043973
1277102556439810048
1277103506588041216
1277103519003271169
1277103563844530182
1277103981567922178
1277104149570768897
1277104466697818113
1277104523748745217
1277104738316750848
1277105082690125825
1277105306775019525
1277107008194428928
1277107143670476800
1277107882534846467
1277108344973639680
1277108580949221378
1277108692136030208
1277108755881132032
1277109372221620224
1277110364518453249
1277110693486039040
1277110791003660294
1277111326234619906
1277111422389010432
1277111739583250433
1277111869858353153
1277111875801505792
1277112015279054849
1277112247408635907
1277112572626509824
1277113210827616256
1277113677473361921
1277113767428419586
1277114968954081285
1277115059123216385
1277115129709105152
1277115549428916224
1277116377392766976
1277116535946051585
1277116604787154944
1277116780821929985
1277116781895626755
1277116785590853632
1277116786773655552
1277117203393974273
1277117262416228352
1277117297145122817
1277117823928750083
1277118178519367682
1277118481490722818
1277119066260541440
1277119734245294080
1277119766503849989
1277119800796499968
1277119917406355456
1277119966081318912
1277120537685360642
1277120784083963904
1277121020969746433
1277122065263398912
1277122274701848576
1277122380536700931
1277122536166305793
1277123549317210113
1277123960845500416
1277124314966474753
1277124776310517760
1277125579180040192
1277125613925654529
1277125648033734658
1277125710579142656
1277125736189644800
1277125757274374146
1277126405772509184
1277126638665453568
1277126752335278080
1277126971781189634
1277127058011967488
1277127137020051457
1277127533666983939
1277127862332674050
1277128335831658497
1277128432686641162
1277128943733219328
1277129011408355329
1277129242833293312
1277129488782913537
1277129694899511296
1277129723164995586
1277130476013027330
1277130697904476161
1277131034740613120
1277131051836596227
1277131063920398337
1277131132149157888
1277131208674205697
1277131500689842176
1277131832358850563
1277132515602505728
1277134390221574150
1277134677321699328
1277135209771737090
1277135301044035584
1277135354513014785
1277135464395407361
1277135574596554752
1277135990210146314
1277136033973334017
1277136057696468995
1277136158250749952
1277136173551534080
1277136822703964160
1277137442655649794
1277137841995296773
1277138620466499585
1277138728796946432
1277140111000367104
1277140974846664705
1277141189695877120
1277141868506218498
1277141957018558464
1277142032205651968
1277143026717130757
1277143673290047488
1277144035401048064
1277145922435256321
1277146472639639553
1277146472811659266
1277146474933977090
1277146712692461568
1277146814957879296
1277146894783918080
1277146934734618624
1277147105317007360
1277147272988577792
1277148041817001989
1277148218292350977
1277148406729883648
1277148805499162625
1277148880950394881
1277149346849599489
1277149917862154240
1277150090629656577
1277150142869757954
1277150203376697344
1277150471384444928
1277150521397252096
1277150549604020225
1277150861941190657
1277150867549040647
1277150935685443584
1277151011031957505
1277152041056509952
1277152485510086656
1277152956593385472
1277153442209976320
1277154458829553664
1277154483743547392
1277154642242273280
1277154806650605570
1277154933121282050
1277155164357644290
1277155633024970753
1277155702495158272
1277155717342998528
1277157570503942144
1277158337872887808
1277158799078494209
1277158925830365184
1277159249110618112
1277159276834848769
1277160521490300928
1277160632220090368
1277160992414109697
1277161036773232640
1277161243359547392
1277161365325709313
1277161452294385667
1277161908844584960
1277162456050106369
1277163988409778176
1277164627177213952
1277164843045466113
1277164911156760577
1277164998528086016
1277165331396456448
1277165817780715520
1277166112367693826
1277166786551656448
1277167095797682178
1277167411674992640
1277167522584854528
1277167578792603648
1277167824549695489
1277168675213230080
1277169791531393024
1277170039653834752
1277170583650910209
1277170929836187648
1277171604536078337
1277172183387734019
1277172333938012160
1277172400283684864
1277173136933388290
1277173260044644358
1277173427846119425
1277173481801744386
1277173752896409601
1277174113342193664
1277174379839811584
1277174648246075393
1277174933471272960
1277175182243880971
1277175215181590528
1277175714538835969
1277175779126894593
1277175985738219520
1277176212943757312
1277176306682101760
1277176439717138432
1277176757725036545
1277177363994943494
1277178105677983749
1277178407214886924
1277178422456877056
1277178506414358533
1277178610466672640
1277178687746695168
1277178737029767168
1277179047940968449
1277179791309864971
1277179876831830018
1277180219410055169
1277180370413334531
1277180463350599681
1277181240681148416
1277181663357939712
1277182229232455680
1277182364171612161
1277182686134702081
1277183390974869506
1277183397987844102
1277183451440046080
1277184816702775297
1277185056163889152
1277185358107758592
1277185654221352961
1277185833750200322
1277186033969434624
1277186927695990784
1277187037939085312
1277187570980528130
1277188538468126721
1277188628586823681
1277188766164189184
1277189127360974849
1277189684255354882
1277189737040748544
1277189918528344064
1277190134417539079
1277190341800624133
1277190361568468992
1277190537007767574
1277190992039460873
1277191273070202885
1277191273456136194
1277191304661925888
1277191819353362432
1277192072332632065
1277192164527738880
1277192186900238337
1277192441288941568
1277192453863485442
1277193215750389760
1277193328501624832
1277193376044105729
1277193773848555520
1277193785148166144
1277194228897132545
1277194385717895169
1277194639594991617
1277195228110376961
1277195228156506114
1277195253469020162
1277195253825581056
1277195406397620224
1277195559397396480
1277196010046001153
1277196266716479488
1277196304708505605
1277196471431868418
1277197041404436480
1277198006568304641
1277198130526724097
1277198367999877123
1277198456638054401
1277198608467726337
1277198710376738817
1277198710380933120
1277198739766206464
1277199061628551169
1277199324909391875
1277199446741221376
1277199899164119040
1277200038540636161
1277200135815127040
1277200314102427648
1277200417487835139
1277200584282603520
1277200727551684609
1277200917495009282
1277201032381071362
1277201190514765824
1277201316960337920
1277201534997102592
1277201752593281024
1277202101215670272
1277202118559125507
1277202319835385861
1277202355566624768
1277202594549596160
1277202880924180486
1277202917347536896
1277203062365577216
1277203199221522434
1277203822130200579
1277203916124573698
1277204420988723201
1277204679454265344
1277204692255244289
1277204889265934338
1277204940545380352
1277204971352702976
1277205399536615428
1277205782078128128
1277206096772567040
1277206128976203779
1277206131421503491
1277206299457908736
1277206763490729984
1277206764346396675
1277206766984536065
1277206769715032064
1277206770637836288
1277206772445519873
1277206773351489536
1277206824224280582
1277206904767471617
1277206957909311488
1277206997440647168
1277207044567728128
1277207401859596288
1277207701697826820
1277207746438447104
1277208116145389571
1277208149275979777
1277208195073806337
1277208401861320705
1277209120588926982
1277209143770853378
1277209152205524993
1277209172296302592
1277209309462618112
1277210543548444672
1277211384426749955
1277211540341456898
1277211670813782017
1277211804989558787
1277211855195430913
1277211885746741258
1277212063367036928
1277212105788227584
1277212397678268416
1277212428539961344
1277212544197963776
1277212665731878914
1277212953557831680
1277213008956186629
1277213139138945025
1277213725695660032
1277213786731155464
1277213886043676672
1277213974120013826
1277214089320763401
1277214122875199489
1277214647632801793
1277214720748072960
1277215595877011457
1277215988887552000
1277216017975042049
1277216184551698432
1277216572520779776
1277216634810191876
1277216804692164608
1277216985282220035
1277217148558102528
1277217538997395469
1277217586988625921
1277217588783788033
1277218035624038403
1277218443410968576
1277218465976377344
1277218686764560386
1277218919770660865
1277218949063720960
1277219223874478082
1277219347115790337
1277219610887098368
1277219677358473216
1277219868614504449
1277220099980656641
1277220646615998464
1277220841109876736
1277220841428680704
1277220845513895943
1277221038800154629
1277221140449107969
1277221389678804994
1277221560210862081
1277221589168402434
1277221724166078465
1277221765811441667
1277221788804579329
1277222064919842816
1277222210323861505
1277222332994662402
1277222407921598464
1277222740727078913
1277222750478839810
1277223224045174784
1277223455688187906
1277223722324299776
1277223732730376192
1277224016101638144
1277224377482973184
1277224680122957830
1277224786448572417
1277224844338147329
1277225540995465217
1277225803579887616
1277226233974206464
1277226469417259011
1277227183883407360
1277227273339514880
1277227309871828993
1277227499034943488
1277228089739796481
1277228793145556994
1277229064890265603
1277230577737797632
1277230603243569152
1277230701457399810
1277231072510726145
1277231395765616640
1277231433975836678
1277231445275217921
1277231634031542274
1277231651261743106
1277232002383609856
1277232120755154946
1277232128141463556
1277232562130255874
1277232770692112385
1277233281507917825
1277234055210135552
1277234238660714496
1277234449764290561
1277234451441999874
1277234535667728384
1277235066599546880
1277235315435077632
1277235560298557440
1277235686618226689
1277235689017372675
1277235744277479425
1277235773193039877
1277235832240377858
1277235838427058177
1277235876108648449
1277235912691326976
1277236130547740673
1277236427600932864
1277236557100048385
1277236593133322247
1277236715187589121
1277237137893703680
1277237171162841089
1277237207787544578
1277238102399037441
1277238141594800129
1277238435930083329
1277238670811152384
1277238839636037637
1277239001758535680
1277239032381083649
1277239084889657344
1277239105181618176
1277239256457543681
1277239360010752001
1277239780812742658
1277240034719158274
1277240038422720512
1277240186255085571
1277240236351733760
1277240291276226560
1277240378689761281
1277240404853825537
1277240453654405121
1277240627768569856
1277240919734050816
1277240949542969346
1277240951208062976
1277241046574006274
1277241231534256128
1277241261997645824
1277241326795403264
1277241638205698048
1277242052632338440
1277242460104769538
1277242473186832384
1277242583077588993
1277243393157070854
1277243569884016643
1277243607704121344
1277243675387613184
1277243742408196100
1277243939230060544
1277244010965467137
1277244230319079425
1277244556681990144
1277244566354178048
1277244611874955267
1277245482172104704
1277245844152958976
1277246335972974592
1277246465996468224
1277247048170037250
1277247077123272705
1277247081804111872
1277247487741505537
1277248312215769092
1277248387226701825
1277248812910874624
1277249061041700866
1277249114607157250
1277249259797204992
1277249332669026305
1277249564521771019
1277249648403636231
1277249703235784705
1277249761087590400
1277249985524969473
1277250188885835776
1277250277087891459
1277250293827358726
1277250705301082116
1277250759327920128
1277250793427460099
1277250916433854465
1277251384816140295
1277252231734181888
1277252320322031618
1277252485162434561
1277252725663768576
1277253143965896706
1277253339034431488
1277253764899057672
1277254134924603392
1277254330291236865
1277254565629358080
1277254567328022530
1277254940298113025
1277255198126243840
1277255823887138817
1277256185968762882
1277256325429374976
1277256624109875205
1277256893543714827
1277257197701992448
1277257360642322432
1277257391680208896
1277257453529264129
1277257957886083072
1277258007118786561
1277259478388355072
1277260489458946051
1277260611693490176
1277261131359432705
1277261192013152256
1277261324553080833
1277262056018907137
1277262064772399104
1277262071827234818
1277262081306308610
1277262169588084736
1277262386865541120
1277262621008420866
1277262670815780864
1277262691405611010
1277262692315811840
1277262776105402369
1277262844107665410
1277262869709467648
1277262968766582792
1277263179773546496
1277263187465945090
1277263192675233795
1277263195221221376
1277263196089462785
1277263199616802818
1277263477678145536
1277263874094436354
1277264357307617281
1277264773378224130
1277265888710819840
1277265892485693441
1277265894230462464
1277266514048167936
1277267044883456002
1277267236760231936
1277267273888280576
1277267330326843394
1277268309805850626
1277268972774330368
1277269125417635842
1277269503236362241
1277269541303848960
1277269628868276225
1277269773311672322
1277270090728255490
1277270138765615104
1277270280247918592
1277270505448443906
1277270524020682758
1277270654480527369
1277270933791703041
1277271127644082176
1277271421727780864
1277271491244183554
1277271538878812162
1277271682118488066
1277271760166162433
1277271833511952390
1277272499273838595
1277272676118278145
1277272768283697153
1277272852358725632
1277272974601654272
1277273065181806592
1277273178243563526
1277273245302034434
1277273297928011776
1277273556406153221
1277273976914534404
1277274236147523586
1277274499533152256
1277274524162183174
1277274603438706689
1277274652633686018
1277274653619347456
1277274654584029190
1277274658279129088
1277274659197681664
1277274718031110145
1277274730802884610
1277274759726759945
1277274909828415491
1277275184127512576
1277275556686503936
1277275842608017414
1277276038276550656
1277276587591897089
1277276960377516038
1277277200027455488
1277277430240157703
1277277693432791040
1277278254290874369
1277278522248179713
1277278564640055299
1277279072763219968
1277279164047884288
1277279268326825985
1277279538200875009
1277280028745760775
1277280086149005314
1277280288352190465
1277280316324024321
1277280778230157312
1277281654520680448
1277281973053071361
1277282425488490497
1277282597484269575
1277282748814766083
1277283676557053952
1277283677924478977
1277283768206864384
1277283996049846281
1277284075003432960
1277284116350873601
1277284133388070915
1277284227365711874
1277284389710368771
1277284666819727366
1277284880724799488
1277284981782597635
1277285840239112192
1277286057906757637
1277286134096244736
1277286379181891584
1277287660608843778
1277287690166288385
1277288155117506570
1277288177921859584
1277288290463473665
1277288294599008258
1277288535184355330
1277288906732589057
1277288910381514752
1277289289420812289
1277289493083688962
1277289498095706112
1277289580014776320
1277289993208238085
1277290034798964737
1277290250235269121
1277290681782820864
1277290765597671427
1277290823806320641
1277291017427922946
1277291166392819714
1277291353614024709
1277291432596983808
1277292163101896704
1277292454929186817
1277292556771082244
1277292732977905664
1277292899370237953
1277292983143092224
1277293302992248832
1277293580021714944
1277293712947785729
1277293813887795201
1277293941210185728
1277293990442917889
1277294120009072641
1277294121397477376
1277294124836827140
1277294272002342918
1277294289765228547
1277294308132040705
1277294481897918464
1277294703071727622
1277294711284338690
1277295584001454080
1277295726230474752
1277295961933373446
1277296044867452931
1277296126543224832
1277296163314696192
1277296353425657857
1277296574490710017
1277296575824318465
1277296708985249792
1277296989986832385
1277297160535584769
1277297179045048320
1277297657149456384
1277297769758240770
1277298088361840642
1277298800952893440
1277298861179129858
1277298984944644097
1277299220861640706
1277299325618597890
1277299721627983872
1277299724375207938
1277299725331509249
1277299862598344704
1277300307341516809
1277301223243370497
1277302130878173184
1277302154596945928
1277302164281536514
1277302394834092033
1277302491206557699
1277303083010228224
1277303411608879105
1277303544312467456
1277303764375015424
1277303935540301824
1277304964512206849
1277305056434491392
1277305315780853760
1277305521272508416
1277305780904046592
1277306007040020481
1277306303447289858
1277306438289772545
1277306560365105159
1277307165003448320
1277307307957854215
1277307366925430784
1277307502053298177
1277307597150978054
1277307692927709186
1277307877884071936
1277308462003826692
1277308608720633856
1277308672222380032
1277308691830542336
1277308986631639041
1277309141548183557
1277309714460704770
1277309739903434752
1277309815971332096
1277309970418151432
1277310104736542724
1277310114521927680
1277310209472561154
1277310353031016450
1277310557415071744
1277310688143310854
1277310995384406022
1277311185738534913
1277311185835003904
1277311188376842240
1277311345726275586
1277311469571448832
1277311700153315330
1277311859410993153
1277311988906037248
1277312033235632130
1277312045638209538
1277312105100836870
1277312123295711239
1277312207005646849
1277312298315628546
1277312322969559040
1277312385733320707
1277312430167728131
1277312756543348738
1277312853490511874
1277313696293957632
1277313864594526209
1277314078067888128
1277314294842089472
1277314516745965568
1277314569157910529
1277314587541606400
1277314673092759553
1277314780395700224
1277314844866179072
1277314924784615425
1277315169958453248
1277315447755624451
1277316235076780035
1277316250302021637
1277317038487166976
1277317190501445632
1277317352439402499
1277317415236284416
1277317916522938369
1277317996218900480
1277318316550434816
1277318359869206528
1277318582746185730
1277318712618557440
1277319236092866565
1277319316929679360
1277319417035137026
1277319663362486273
1277319844946497541
1277319893558288384
1277319941658742784
1277320117768974336
1277320165437423616
1277320468605947905
1277320486477795328
1277320675594821633
1277320864384483328
1277320992059273217
1277321029287886861
1277321399376531458
1277321523435573249
1277321689576194049
1277321845046415360
1277322034121527299
1277322783500824577
1277323094210871297
1277323438231891970
1277323476727205892
1277323841816190979
1277323958094827521
1277324073429684224
1277324354104287232
1277324432831373316
1277324662482128896
1277324774868348930
1277325372623859713
1277325451363528705
1277325604212346881
1277325612449964032
1277325627000082432
1277325657911910400
1277325830406811648
1277326166345445376
1277326396155715595
1277327145392574469
1277327327148404736
1277327684318769157
1277328582918930432
1277328924431847425
1277329117751492609
1277329183803203585
1277329299230556160
1277329559122305024
1277329655410745344
1277329691771363328
1277330153656537090
1277330174233714689
1277330217623793665
1277330297625993216
1277330866281291791
1277331209744519168
1277331249456177154
1277331852379000840
1277331956330639369
1277332324351426561
1277332642703310860
1277332830306131971
1277333056357986305
1277333124565938177
1277333245458362378
1277333484139352066
1277333648275116036
1277333920162500608
1277334224685666309
1277334323969097730
1277334635098316802
1277335201279082497
1277335209403387905
1277335853292048384
1277335853489106944
1277335945575043073
1277336234495442945
1277336727313682438
1277336857764720640
1277337063088685057
1277337119653068801
1277337290382008321
1277337296254177286
1277337575079006208
1277338193172537345
1277338625928126464
1277338660057288710
1277339326011944960
1277339344337076224
1277340036200046592
1277341130116349953
1277341138257448960
1277341615854624776
1277341624364867586
1277342275509592070
1277342333730766848
1277342536168865792
1277342560214675456
1277342580196474884
1277342683883765760
1277342845968568323
1277342893984714752
1277343342448250880
1277343413587894272
1277343563811037184
1277343580131151876
1277343623198265347
1277343663367094273
1277343717309870080
1277344026040193024
1277344585845477378
1277344787927044098
1277345001631080449
1277345287460122624
1277345552343150594
1277345600888078336
1277345718630563849
1277346725942919174
1277346842108362754
1277346858432512000
1277347101731622912
1277347244929191936
1277347312059072518
1277347563289612288
1277347623171653639
1277347660069044231
1277347695850672130
1277347769716539393
1277347904319942656
1277348183820193793
1277348546883321856
1277348700969472001
1277348866149531649
1277349347294957570
1277349565805494272
1277349760098340877
1277349854331711488
1277350157600817152
1277350214819549187
1277350248738967553
1277350395749322753
1277350482693033984
1277350643867541504
1277350987154391040
1277351086656028676
1277351128682893313
1277351472179679232
1277351870684520448
1277351929400696833
1277352594046935042
1277352606239784961
1277352715182473216
1277352915011805184
1277352924373331969
1277353142334734336
1277353146243661824
1277353233837686784
1277353449043132420
1277353654501154820
1277353946017824769
1277354581496868864
1277355068317196289
1277355429035683840
1277356235382120449
1277356349588795392
1277356404748279815
1277356638115106819
1277356650228330504
1277356840528097290
1277357115225640967
1277357279877238790
1277357765825085443
1277357859957768197
1277357989196894218
1277358000403918848
1277358207233449984
1277358406823817222
1277358948643938304
1277359090528931843
1277359099387064325
1277359824850817030
1277359994397241344
1277360296047398916
1277360330461634574
1277360365211471878
1277360536989192193
1277360982394896384
1277361128163676160
1277361318065065989
1277361366660190209
1277361414626316289
1277361687939543041
1277361691970416641
1277361767362879488
1277361927610683392
1277361946845560832
1277362285833588738
1277362763166289922
1277363184584851466
1277363495701487616
1277363786664402944
1277363796206444544
1277363854150897666
1277364272348233730
1277365331900731393
1277365474330902536
1277366041815986176
1277367047173922816
1277367475840012290
1277367738525237248
1277367910697185281
1277367956578504704
1277368122941595648
1277368440408457219
1277368495655747584
1277368535426240517
1277368580686974977
1277368619064836098
1277368668062715904
1277368713948340224
1277369076449501191
1277369086729695235
1277369559863955457
1277369682320752640
1277370016145408002
1277370704204267522
1277370741441232896
1277371030701473792
1277371395283001350
1277371467274096644
1277371534655590400
1277371706969972736
1277372262203654146
1277372368286109696
1277372444140081152
1277372475551240196
1277372581050540032
1277373227136933888
1277373280517791744
1277373405956837376
1277373417809801216
1277373658290421761
1277373711071490048
1277373886745792512
1277374395045085184
1277374445452173312
1277374498451398656
1277374546581078022
1277374885506015232
1277374895912103941
1277375097754603527
1277375284757630976
1277376049807048705
1277376212520914949
1277376384160186368
1277376617405440000
1277376819998547970
1277376985853857792
1277376995672743936
1277377416281886721
1277377558519189504
1277377819765542913
1277378007129157632
1277378406603259904
1277378426752532480
1277378430133297164
1277378517865545728
1277378614581956609
1277378746786484224
1277379153650528256
1277379206427684864
1277379314229686273
1277379643100803072
1277379832452730883
1277380801764655104
1277381012587192320
1277381070279839745
1277381474782793735
1277381595960414208
1277381887720394757
1277381936726642694
1277382016959479811
1277383192597626885
1277383401000091655
1277383785315631104
1277383829141979136
1277383927871741952
1277384293266972684
1277384402822184961
1277384663632416769
1277385057993359360
1277386278082719744
1277386615518892034
1277386911519293442
1277386953189703680
1277387130772340738
1277387168994951169
1277387205363843072
1277387314424090634
1277387446737657857
1277387640980099074
1277387777320136705
1277387857263558656
1277388005288882176
1277388038935588872
1277388387901739008
1277388704626114572
1277389010147725318
1277389121426726913
1277389669332901893
1277389777063555073
1277389929362763776
1277390018965901319
1277390067594596357
1277390176000638977
1277390334952042496
1277390604377432065
1277390608047489025
1277391041876889601
1277391733786099712
1277392226054803466
1277392720743534594
1277392854436859904
1277393098075770880
1277393242934427651
1277393324542918658
1277393619201282051
1277393702332358658
1277394262649339904
1277394511597932545
1277394633568501760
1277395315591692288
1277395325079162881
1277395408109613056
1277395672233390081
1277396647924899840
1277396787423088641
1277397253527756800
1277397262293852160
1277397312105598976
1277397754818498561
1277397761982431242
1277397897231790087
1277398114668773376
1277398384220004352
1277398823720095746
1277398890216435713
1277399852658327555
1277400132506595329
1277400243508858886
1277401161713111040
1277401386968383491
1277401531550240769
1277401555994542080
1277401665684025344
1277401971666890752
1277402355139579906
1277402402338017282
1277402403931934721
1277402474786312198
1277403001859145728
1277403706346975232
1277403740090372098
1277404025537867776
1277404314156371968
1277405055616823298
1277405138311929859
1277405502968926217
1277405726932115458
1277405746808991745
1277405905894555648
1277406151139827713
1277406456556466179
1277406908186583040
1277407024511422464
1277407086683598848
1277407723030753282
1277407877800615936
1277409095310438401
1277409197639032832
1277409288361820162
1277410927441297410
1277411055522758661
1277411076259414021
1277411152922841094
1277412105180848128
1277412985154093056
1277413098278866945
1277413154289602560
1277414114604638209
1277414200948568065
1277414223216283648
1277414395166035970
1277414648027983872
1277415235587104768
1277415717785255938
1277415897297231880
1277416005317222400
1277416083872456709
1277416774993154049
1277417009937072130
1277417214577172480
1277417260458508289
1277417321510981632
1277417442550124544
1277417609055666177
1277417773824716802
1277418240877223936
1277419715305095168
1277419885279272960
1277419900819169280
1277420064128417794
1277420386276253696
1277420602240962560
1277420697405489152
1277421440418091008
1277421607850512386
1277422170315071495
1277423428467855365
1277423566414282752
1277423884988485634
1277424337772064768
1277424601455263750
1277424642471403521
1277424824088854528
1277425320036126721
1277426156959121408
1277426235832971264
1277426278031781889
1277426348978561024
1277426631787917314
1277426775916548096
1277427219409887232
1277427286975930368
1277427457650356224
1277427832180707328
1277427909574242306
1277429172223250432
1277429260068827136
1277429692329533442
1277429790409142272
1277430078507560963
1277430769783386112
1277430847860281344
1277430950960541697
1277430974213525504
1277431562418733057
1277431612825907204
1277431615761846273
1277431659118440455
1277431825573371905
1277432719795015682
1277434695706238976
1277434769186402305
1277435242874355712
1277435351339085824
1277435893268254722
1277436035371237378
1277436154086748162
1277436170847293443
1277436336228782080
1277436460107468800
1277436460136837121
1277436461470699520
1277436933396889600
1277436938119766017
1277437120571899905
1277437182861606912
1277437209776476161
1277437305461133314
1277437398419456000
1277437885810184192
1277438007746924545
1277438127469182977
1277438429144379397
1277439246916292610
1277440195667902468
1277440489873170432
1277441338481483776
1277441701544525824
1277441758847262721
1277442070869872640
1277442334511239168
1277442594839179265
1277442724988403713
1277442960951521281
1277443686704414720
1277444337161375744
1277444423366905856
1277444545505099786
1277444976297869312
1277445588922097671
1277445639845089281
1277445949187489793
1277446288850780162
1277446419490562049
1277446981183590401
1277447287002877952
1277447363590750208
1277449005740560385
1277449110547816453
1277449906878320640
1277449920061100034
1277450122541105153
1277450467065376770
1277450476984963073
1277450614323195904
1277450740366278661
1277450931739729921
1277451106185076737
1277451539326464003
1277452187363422210
1277452620425134086
1277453362913566723
1277454986109165568
1277455924303626242
1277456122065162240
1277456217846231040
1277456680658391041
1277456915136724992
1277457279596593152
1277457395745091585
1277457518202142720
1277457976526278656
