1276733676114542594
1276734222770847749
1276734554129252352
1276734624065093632
1276734818986921984
1276735135430434822
1276735146876698625
1276735943140093952
1276736005543006208
1276736039219011584
1276736089760333826
1276736119267307522
1276736721326166017
1276737046153957378
1276737085341343744
1276737842652295170
1276737900655378435
1276738187402985472
1276738358748815362
1276738423534104577
1276738833514500096
1276738835720941568
1276739012053483520
1276739692780752896
1276739793146306560
1276740055277670400
1276740107169603584
1276740126203314177
1276740341362802693
1276740977210908673
1276741024191090688
1276741189736083463
1276741370980392960
1276741514224259072
1276741559300558854
1276742074830925824
1276742134159347712
1276742996071981056
1276743217900224513
1276744675878043648
1276745834055401473
1276745841995165696
1276746314626318336
1276746362139402242
1276746430007345153
1276746736250368002
1276746748837482503
1276747461168705537
1276748238406791169
1276749141910134784
1276749580747636737
1276749617372131329
1276750302990000129
1276750599799832576
1276751484315713537
1276751765623496704
1276751904366825472
1276752749242093569
1276752995108208642
1276753001663864832
1276753404279300096
1276754290300895232
1276754829235359744
1276754870679351296
1276754899439628289
1276755033493843970
1276755342026833921
1276755544896950273
1276755945129820161
1276756529299898369
1276756702461857792
1276757344030830592
1276758046278955009
1276758669556953088
1276760238167916545
1276760546633809922
1276760691001692162
1276760939912663040
1276761826169159681
1276761834889056256
1276762111834755072
1276762280261308416
1276762669052239873
1276762721229422592
1276762801579724801
1276763183538229248
1276763737211486209
1276763812566351873
1276763816404103168
1276764203471253504
1276764795518279681
1276765143440019456
1276765767363633152
1276766269828665345
1276766331048689664
1276766423726075904
1276766782448115712
1276766987562221568
1276767235160395776
1276767311018541056
1276767532322639872
1276767670097137664
1276767728905355269
1276767876880498688
1276768407577387008
1276768489563398144
1276768706371166208
1276768738478620673
1276768770548170752
1276768925766819841
1276769197197004800
1276769351077638144
1276769599879630848
1276769607261597696
1276770190626340864
1276770634786316288
1276770640528375813
1276770680382554112
1276770793712689152
1276770942333698048
1276771020645511168
1276771239030165504
1276771506115112962
1276772394078633984
1276772751777378304
1276772992664600576
1276773019957055490
1276773965906706441
1276774095196209152
1276774300285120513
1276775027149438976
1276775169579560962
1276775396512587778
1276775980976214016
1276777060946542593
1276777091820904450
1276777121130651648
1276777238407663621
1276777633242664961
1276778085661245440
1276778287658864640
1276778587824283648
1276778713376571392
1276778952174915584
1276779516799725569
1276779523032453120
1276779987731992576
1276780609009057797
1276780851213275137
1276781319859519488
1276781321008738304
1276781427691081728
1276781812723986438
1276782498090016768
1276782600485588994
1276782667460161537
1276782743058333696
1276783069203247105
1276783292533157889
1276783332378869761
1276783824639340544
1276784014251167746
1276784743812599808
1276785617557434369
1276786572239740928
1276786860203765760
1276787106925305865
1276787696887832576
1276787811618783233
1276787988920328194
1276788097364234240
1276788463111634944
1276788992600674304
1276789154433597440
1276789258326548481
1276789436869742594
1276789463721615362
1276789470113734656
1276790286925082624
1276790365807415296
1276790459973677056
1276790551518593026
1276790641201221633
1276790665284915200
1276791339582177286
1276791689370370048
1276791865778585608
1276792830430711810
1276793025121808384
1276794139821178880
1276794406801195008
1276794663870107649
1276795036345290752
1276795052841410560
1276795223268397056
1276795565112770560
1276796111357960193
1276796604578770945
1276796973429948416
1276797482756796416
1276798068503965697
1276798081762127874
1276798404450848768
1276799445489729536
1276799804928962561
1276800078364069889
1276800238829703170
1276800720088395776
1276802204163125248
1276802205354360833
1276802206197403648
1276802208982425600
1276802493947641862
1276802828674056192
1276802856457125888
1276803362520883202
1276803845864087552
1276804115037741056
1276804145949753344
1276804461151698946
1276804490721587200
1276804515837079552
1276804948403949569
1276804992704208898
1276805007283679232
1276805092725923840
1276805230794100744
1276805268668444672
1276805419650990082
1276805549988986882
1276805638157414405
1276806225695510528
1276806780388073474
1276807022609080321
1276807724794359808
1276808114151600128
1276808118895337472
1276808356498374656
1276808807251836928
1276809039473717248
1276809230574653441
1276809326989099008
1276809805081042944
1276809848336850944
1276809864484999168
1276810039513276416
1276810058777743366
1276810530850631681
1276811081428733952
1276811705360809985
1276812275572080640
1276812405067198464
1276812572419907586
1276812847654330368
1276813142128025600
1276813397041000449
1276813536187072512
1276813564448309248
1276813962764365826
1276814536692191232
1276814560331259905
1276814758856085504
1276815172871561216
1276815333744095232
1276815418053718016
1276815578032898049
1276815669531721728
1276815876365471744
1276816064647553027
1276816386527055872
1276816526365032449
1276816556857741316
1276816622293004288
1276816973637156865
1276817017299808256
1276817056311238662
1276817058961829889
1276817754012745729
1276818074931519488
1276818152266125320
1276818330142343168
1276818414473019392
1276818418948243458
1276818621923287063
1276819910992281600
1276819939530346496
1276820682215583747
1276820722849951744
1276820914022350848
1276821357758685188
1276821975583928320
1276822321605619712
1276822473053556737
1276822663177089024
1276823174630518784
1276823331463991296
1276823688097206273
1276823928409935872
1276823929139736582
1276823932205707264
1276824272397352962
1276824300088102912
1276825544487849984
1276825616403161088
1276826467620524036
1276826565654036480
1276826602136047618
1276826827290484737
1276826963601227777
1276827002184630272
1276827021084065792
1276827144778383360
1276827323686359040
1276827571540439044
1276828050215313408
1276828402876657664
1276828476746674176
1276828919853912064
1276829012879343616
1276829327443800066
1276829566192046092
1276829604590899205
1276829609015869440
1276829626619301888
1276829772287488000
1276830568488022016
1276830813187907586
1276830821664665601
1276830826622267392
1276831666577780748
1276832156430381056
1276832159202856960
1276832763564482563
1276832843826638848
1276833231816536067
1276833294194298880
1276833304491196421
1276833418571993088
1276833419758952449
1276833797120589830
1276834074699673603
1276835196562747397
1276835479120343040
1276835570489208833
1276835864425963520
1276835924589060097
1276835987742752770
1276836134295830532
1276836246569005057
1276836310955720705
1276836345428815874
1276836466543538178
1276836698266238977
1276837085962473472
1276837149506183170
1276837368264380416
1276837593120940034
1276837677971705857
1276837750084440065
1276837834238853133
1276838018406584320
1276838497257525253
1276838675448545283
1276838952276824064
1276839341948616704
1276840029923483654
1276840080607412224
1276840087972655104
1276840168247513088
1276840714547212292
1276840814669443072
1276840902741426178
1276840961465876485
1276841206299766785
1276841263413813249
1276841298880798721
1276841476199243782
1276842599953977356
1276842715217420295
1276843097159340032
1276843467038228481
1276843818088689665
1276843890306355201
1276844243043209216
1276844307941449728
1276844510794915841
1276844561436835845
1276844605124890625
1276845115135479809
1276845370958467072
1276845371793104896
1276845630036606981
1276845813856120832
1276846171311484928
1276846878756237314
1276847086139396096
1276847240401870850
1276847447915089920
1276847474896969728
1276847629612339206
1276847824873947137
1276847871996956673
1276847969040510976
1276848040373112832
1276848043770380289
1276848280228552704
1276848396096192514
1276848475041345536
1276848475351715840
1276848926897905668
1276849492130660354
1276849607990018049
1276849960282198016
1276850464550727681
1276850583836733440
1276850904092667906
1276851241063153665
1276851562229436416
1276851631389323269
1276852302759026696
1276852381196615681
1276852416722288641
1276852647941808128
1276853276282150913
1276853404485197825
1276854280704704512
1276854294860443649
1276854393774669824
1276854470274662405
1276854718648782848
1276854905370787840
1276855280983302144
1276855329234595845
1276855501146521600
1276856368851488774
1276856544999747585
1276857192726114305
1276857525560922118
1276858018391564288
1276858327939592195
1276858372181184514
1276859014115143681
1276859033358675968
1276859336569040898
1276859361470681088
1276859517184217089
1276859705231650821
1276859775016460288
1276860451897454593
1276860742462050305
1276861010402512903
1276861091419652096
1276861617976664064
1276861847547904000
1276861861242208258
1276862059280547840
1276862157032914944
1276862257251733506
1276862624584646656
1276862634068004867
1276862811327434752
1276863377525092353
1276863475030151168
1276863739485020160
1276863837409554442
1276864004774866950
1276864245695733760
1276864970970497024
1276865017917382660
1276865123328589832
1276865412735655947
1276866287633928192
1276866552932032512
1276866680090767360
1276866784239419396
1276867842609156096
1276868008154103808
1276868421511249921
1276868517061632000
1276868534581235712
1276869182722801664
1276869236342784001
1276869373370740737
1276870026126073859
1276870153914003456
1276870365189464066
1276870381878382592
1276870430159233024
1276870506579234816
1276870507913187329
1276870551315906560
1276870858452144129
1276870912625774592
1276871771564789761
1276871992256483330
1276872028000268293
1276872052666798080
1276872115065630720
1276872359274782720
1276872434646421504
1276872710656798721
1276872714750476288
1276872786234015746
1276872843326824450
1276872862884904960
1276872874079539201
1276873113066786821
1276873378247462914
1276873881073201153
1276874483459129344
1276874599255375874
1276875534136422401
1276875802387402752
1276875965537411072
1276876146139975680
1276876170919849985
1276876754070704129
1276876951353843721
1276877055867719681
1276877177141760001
1276877826856288256
1276878342432538628
1276878463404617730
1276878506299883523
1276878741755527170
1276878915080945670
1276879108073537536
1276879131142164482
1276879472575361024
1276879692583383040
1276879798305017858
1276879819612061696
1276880185367965697
1276880481460654080
1276880495402340352
1276880961385480192
1276881064879939584
1276881083502489601
1276881169649467392
1276881194928439296
1276881414244499456
1276881586911432704
1276881712283373571
1276881790767071234
1276881868659535877
1276882051187212289
1276882085773443072
1276882134653943809
1276882139317968901
1276882171505119232
1276882223262769152
1276882231089381376
1276882238806937600
1276882293987164162
1276882366145933312
1276882378816880640
1276882918724587520
1276883040183169028
1276883316512370689
1276883437702598657
1276883463518502912
1276883482053160960
1276883523224338432
1276883889869459459
1276884199375544323
1276884265096163328
1276884267453288450
1276884567136370695
1276885087561428995
1276886301615304705
1276886509673742336
1276886735541039106
1276886766985687040
1276886972188016643
1276887227763699713
1276887233694511105
1276887329253228546
1276887339327983617
1276887498266947585
1276887654811009024
1276887658522906624
1276887666282373120
1276888300318601216
1276888304181379074
1276888578153472003
1276888737843220485
1276888943238184966
1276889025190608898
1276889077506347009
1276889809353654274
1276890125130182656
1276890251752022018
1276890528639057920
1276890534674644994
1276890760802172928
1276890999441313793
1276891003354599425
1276891464828628994
1276892282181029888
1276892295749685248
1276892602835464198
1276893078226378755
1276893127085678592
1276893305201209344
1276893339347038208
1276893392438468610
1276893393361285121
1276893454757396482
1276893945629466625
1276894010641088515
1276894026885672960
1276894140379418624
1276894330989445120
1276894524787372034
1276895233427587072
1276895271461564418
1276895770139144195
1276896184825774081
1276896240714821633
1276896329013161984
1276896429949153280
1276896453433032705
1276896496064122882
1276896597704654848
1276896911174316032
1276897036948975617
1276897086877753351
1276897795866349568
1276897816468574211
1276898184053350402
1276898873592680448
1276898904915804160
1276898924674953217
1276898933193801729
1276899098000588801
1276899578990690304
1276899843441676289
1276899874492088325
1276899883505651715
1276899952317419520
1276900022676795392
1276900123809853441
1276900228621312006
1276900283529015297
1276900387879104513
1276900534264479745
1276900678569508864
1276901111463460866
1276901516121706496
1276901608715169794
1276901617992941570
1276901704349421570
1276901763338113024
1276901767473700865
1276901793902067715
1276901811899764737
1276901888433192960
1276901949800173569
1276902570431254568
1276902700282675202
1276903027740459010
1276903279293878273
1276903606596354048
1276903752948158465
1276903930132402176
1276903951166771203
1276904159946702849
1276904243761381377
1276904279576580098
1276904307451809798
1276904339525828608
1276904408064970752
1276904720439939079
1276904752161460224
1276904865676103681
1276904976045015041
1276905195914616832
1276905252747390976
1276905646907154433
1276905835797581825
1276905941699629056
1276906000331821056
1276906411599921153
1276906420890304519
1276906533008351232
1276907024551251975
1276907129874657280
1276907177995837440
1276907361307955201
1276907364919193603
1276907853962502146
1276908315835084806
1276908911354839045
1276908915981037568
1276908982918135817
1276909121581789184
1276909124266180609
1276909900208062464
1276910200583270406
1276910613596438529
1276910629736112128
1276911209837670401
1276911285897175041
1276911394164805633
1276911414234529792
1276911454881320965
1276911588805693441
1276911687879229441
1276911772520402949
1276911788752351234
1276911843265650689
1276912383110283267
1276913505715646465
1276913541191213063
1276913545733685248
1276913821995630592
1276914157363908608
1276914231514988544
1276914258874380288
1276914306857271296
1276914363593625600
1276914428894679047
1276914476105654272
1276914564664373249
1276914633270493187
1276914824409239553
1276914842843127812
1276914946165444609
1276914953350459392
1276915126482829312
1276915162990235648
1276915202500501504
1276915438451150851
1276915551244365824
1276915587344719875
1276915925963485184
1276915998516318208
1276916068171350019
1276916124643471370
1276916225109565442
1276916423646945280
1276916890217197569
1276917102688034818
1276917194358755338
1276917421497110539
1276917558935986176
1276917599285231617
1276917752196935681
1276917770861662208
1276917922494021632
1276918162815057921
1276918177205833730
1276918272999505920
1276918566659350533
1276918625933410306
1276918667238875137
1276918838672658434
1276918860667596803
1276919370850197504
1276919410477973506
1276919486633795584
1276919597237665797
1276919635930238982
1276919639365337092
1276920106271023111
1276920164148076546
1276920575215185934
1276920935271063555
1276921202163023872
1276921233909723136
1276921644976680960
1276921885947826182
1276922214932189185
1276922290362552320
1276922322893639680
1276923137641328640
1276923209095544833
1276923382903209990
1276923435701039105
1276923637430235137
1276923729642172416
1276923737527291907
1276923867185983491
1276923976200192000
1276924006281760769
1276924283302936582
1276924534705324033
1276924589445087238
1276924876717207555
1276925430403084288
1276925493627940867
1276926182303416320
1276926341917663237
1276926346250207232
1276926366408224769
1276926422271975424
1276926434263646208
1276926766544818176
1276927060099948545
1276927269672570881
1276927881797656577
1276928066913095683
1276928124555595777
1276929286964985862
1276929545870774274
1276929611054678016
1276929865065865216
1276930495029395459
1276930576621154305
1276931312134303744
1276931366068854784
1276933033384456197
1276933392236412931
1276933795929825280
1276933942944378880
1276934062503051266
1276934138780581888
1276934215880380419
1276934433464082433
1276934476707311619
1276934552120942592
1276934971949793280
1276935330676060162
1276935597215625221
1276935851264610305
1276936199341584385
1276936493811064833
1276936820555644940
1276936956044283904
1276936970107674625
1276936970476740614
1276936972011855872
1276937014340976642
1276937019130884098
1276937182285004801
1276937320458051585
1276937369418153991
1276937382156283904
1276938004079263744
1276938019908358145
1276938526928580611
1276938608633495552
1276938910329982976
1276939105100804097
1276939360982663170
1276939764017610753
1276939840341389312
1276939929185116166
1276940241773920257
1276940609895489541
1276940746545750022
1276941425813278720
1276941538514386944
1276941689651974147
1276941863275159553
1276941869147131904
1276942642425839616
1276942772151504897
1276943149655633920
1276943364085166093
1276943364085166093
1276943863597465605
1276944170809266176
1276944413093253121
1276944524795940864
1276944650931224577
1276944882590978049
1276945296908587009
1276945963937157120
1276945966785081345
1276946048355885060
1276946224113954819
1276946374995689472
1276946441768853506
1276946487453396999
1276947288091435008
1276947332345597953
1276947589875798016
1276947789625384960
1276947859221307392
1276947941371019266
1276948139862372352
1276948169805332486
1276948232501784577
1276948240093663233
1276948623385923586
1276949196319449088
1276949392205979648
1276949535810609154
1276949547932139526
1276949855093641217
1276950234703093762
1276950296489529348
1276950362432421888
1276950436365234176
1276950572856487942
1276950860636045313
1276950972154236931
1276951015460397059
1276951111493193729
1276951118766059520
1276951193487638528
1276951232813379584
1276951456357265416
1276951598703546369
1276952067953750016
1276952070189314048
1276952159997886465
1276952174346620929
1276952310124601344
1276952363329298433
1276952472700018688
1276952570901278723
1276952642003050497
1276952901613760514
1276953236944060422
1276953275506601985
1276953463184916482
1276953539336642561
1276953901246357504
1276953917214134273
1276953993575571457
1276954250950643712
1276954260266049536
1276954262061416448
1276954460804112385
1276954670703968257
1276954855152771074
1276954855253344256
1276954907602542599
1276954967379595264
1276955151442599942
1276955264877580290
1276955276839698434
1276955463825928194
1276955480670326785
1276955523963916290
1276955809822527493
1276956361650307073
1276956390746198016
1276956607893639169
1276956766526492672
1276957503562153990
1276957712459407364
1276957712899809281
1276957787642228738
1276957831841878016
1276957837248380933
1276958258855460864
1276958360349401091
1276958562757959681
1276958905244037121
1276959310912851968
1276959709497622530
1276959813424025601
1276960024007507968
1276960121172582400
1276960339121377282
1276960482402975744
1276960725165105152
1276960725165105152
1276960820472274945
1276960820887457793
1276961087045414915
1276961307221209088
1276961667226664960
1276961805324124161
1276962064515452929
1276962632331862016
1276962730113630213
1276962840532774912
1276963079511846913
1276963200068718595
1276963798562279425
1276963994780254210
1276964219590770688
1276964348196458501
1276964423282941952
1276964755513753602
1276965326480191488
1276965326807334914
1276965607368425473
1276965627245322241
1276965923199561728
1276966021316972544
1276966191999987712
1276966813100728320
1276967023709491201
1276967096983990273
1276967298306150400
1276967298473984000
1276967304685694976
1276967307814662144
1276967706143703040
1276967911895248896
1276968150408613889
1276968163054424064
1276968563673313281
1276968600604196869
1276969029341773827
1276969042025144320
1276969105137053698
1276969119611584512
1276969230462627840
1276969265346809861
1276969551859781633
1276969565218574339
1276969700426219521
1276969845695922177
1276970031549743105
1276970142900129797
1276970428066562049
1276970883752624130
1276970974999691265
1276971039529086977
1276971164343111680
1276971255028166663
1276971405536645126
1276971419881148417
1276971623921393671
1276971833082941443
1276971957595123717
1276973412804591617
1276973474544791554
1276973744368619521
1276973851788947457
1276974031686602753
1276974220484976641
1276974289351139330
1276974371039522822
1276974953192214535
1276975032846163969
1276975042077904899
1276975056720211968
1276975113758486530
1276975252023713792
1276975422538989568
1276976086480384000
1276976164867674114
1276976511048986625
1276976895091978241
1276977053007523840
1276977174554316804
1276977281731194880
1276977505677778944
1276977586871119877
1276977620744196096
1276977955219165184
1276977988786159625
1276978117299408896
1276978551036628992
1276978641432272897
1276978730661842944
1276978734122389511
1276978756360470536
1276978878276395010
1276978898874621952
1276979347631546368
1276979448013676544
1276979570135236615
1276980382865469440
1276980500943568896
1276980508803477504
1276980596955324416
1276980819500957696
1276980956352655360
1276981043686526978
1276981392451264512
1276982271304761344
1276982337553731586
1276982394713550848
1276982394763894784
1276982395799916545
1276982396819144704
1276982428872126469
1276982464821579778
1276982643398189057
1276983063323475968
1276983126598787074
1276983185826631689
1276983191363096580
1276983306895142914
1276983840289050625
1276983893367939073
1276984056224403458
1276984281689194499
1276984319609880576
1276984514506612737
1276984789984325633
1276985194659094530
1276985205996339201
1276985370760982529
1276985444039888902
1276985562839252996
1276986391948226560
1276986688141746179
1276986858103341058
1276987030250151938
1276987414184067072
1276987513182314498
1276987533511979008
1276987714001350656
1276987747287392258
1276988582943653888
1276988686064848903
1276988817451384839
1276988956702388224
1276989070183366656
1276989205323804676
1276989450548056071
1276989477915893760
1276989494747684865
1276989610757939205
1276989742593302528
1276989835043991552
1276989912626143233
1276990098622443521
1276990156382384135
1276990400490807297
1276990515519590400
1276990695820197888
1276990709531389953
1276991057629081601
1276991122884214784
1276991475121864704
1276991617958850560
1276992232273387522
1276992463660625920
1276992747698900992
1276993483652268034
1276993716201324545
1276994091725869056
1276994100450000898
1276994185011376132
1276994253168787456
1276994746662223872
1276994763447840768
1276994814127542273
1276995051290320896
1276995138502475778
1276995331838947330
1276995382342561792
1276995672886009856
1276995775386603522
1276996189074993152
1276996270222123008
1276996387545153544
1276996400321044481
1276997082692247552
1276997116183949314
1276997118780039169
1276997354000986113
1276997390826864647
1276997905761685504
1276998130182086656
1276998367688536064
1276998409711489029
1276998521728700416
1276998528838045697
1276998549595664386
1276998626515062784
1276998785676304385
1276999801322663937
1277000095888801792
1277000161844068353
1277000616338952195
1277000769653207040
1277000821973139459
1277000894316523524
1277001128132083712
1277001325109284864
1277001427064369154
1277001716337127425
1277001737124098049
1277001810432200716
1277001957199220742
1277001970809745415
1277002165672972288
1277002450742935553
1277002684835364864
1277002890368946177
1277003051455430659
1277003306724986886
1277003644207063042
1277004043236200448
1277004051452919809
1277004234639265792
1277004362263474177
1277004455330942979
1277004609203003392
1277005251527225344
1277005741111599104
1277005741610672129
1277005825496809477
1277006034729611267
1277006058737799168
1277006447570796545
1277006464725536774
1277006465799241729
1277006466751307777
1277006491992690689
1277006780455936000
1277007023738101760
1277007131166867456
1277007192114298883
1277007199034839043
1277007292504903686
1277007409203068929
1277007798535143425
1277007817304571904
1277007841266630658
1277007869112725505
1277008069738840065
1277008306259791873
1277008312303857664
1277008458823467019
1277008537865138183
1277008788957073409
1277008945643524096
1277009119002558465
1277009155086266368
1277009196421087232
1277009429527818240
1277009728606896128
1277010174293803008
1277010324776984578
1277010486622633991
1277010507401252865
1277010783319273474
1277011021966774273
1277011213273219075
1277011894537248768
1277011923821899777
1277011931098906630
1277012099294609409
1277012100582264833
1277012355864571914
1277012477990129666
1277012573720907780
1277012610274099200
1277012636706766850
1277012724430573569
1277012733267980289
1277012850079420416
1277012999799214081
1277013067470196737
1277013141776465920
1277013322207019008
1277013624901558281
1277013624901509121
1277013790362677248
1277013983132778497
1277014115194671104
1277014223877357568
1277014482485641223
1277014566820433921
1277014722181828608
1277015092354260992
1277015276765274114
1277015476607111169
1277015496752197633
1277015895047434240
1277016075423625245
1277016122013949953
1277016136169783296
1277016322740826114
1277016364775911426
1277016774542835714
1277017013953626112
1277017126893690884
1277017218673451009
1277017235236753408
1277017369957801986
1277017399594758145
1277017809227329536
1277018334656106504
1277018342885396480
1277018872529502208
1277019236490190849
1277019258418073601
1277019360079613952
1277019480921702401
1277019592246919168
1277019687042330626
1277019765857550336
1277019850527911936
1277020030660681731
1277020258646319104
1277020428863713281
1277020482899005440
1277020588368957441
1277020975037546496
1277021494623834112
1277021555537649664
1277021614425747457
1277021947302277120
1277021948065861644
1277022068299743235
1277022198612590594
1277022200135135232
1277022218745249792
1277022413495164929
1277022414350831616
1277022415709704193
1277022416703815685
1277022417676894208
1277022419534917633
1277022420453466112
1277022480767598600
1277022687286767619
1277022771952975872
1277022792479846406
1277022835089780737
1277023304033976320
1277023388029124611
1277023657819324416
1277023811280539656
1277023880343883776
1277024221038702592
1277024248641527808
1277024389310095360
1277024587000295424
1277024866454003712
1277024926797627393
1277025324606337024
1277025350908854275
1277025492512772102
1277025795245031426
1277025878552334344
1277026272338685952
1277026309751869441
1277026364776988674
1277026941564928001
1277026942668034049
1277026943787909120
1277027069168422913
1277027106581630976
1277027124206088193
1277027444172763136
1277027647097364480
1277027653091016705
1277027985305018369
1277028374901293056
1277028669022785537
1277028751486918659
1277029148549156865
1277029214630404096
1277029402090635264
1277029530784477190
1277029629849673729
1277029822301196289
1277029831612473345
1277029838633779200
1277030176443052035
1277030384341970944
1277030753310773249
1277030847955288066
1277031190680293378
1277031457014394881
1277031521296232449
1277031694600716288
1277032022029074433
1277032086063452160
1277032253441310722
1277032258151395328
1277032708716335106
1277032728366583814
1277032840165765129
1277032867231604744
1277032955626610696
1277033066297524225
1277033097113022470
1277033132261281792
1277033197881167872
1277033283038195719
1277033308493426689
1277033485199462406
1277033661938966529
1277033721959497730
1277033789546512384
1277033796358021120
1277033838770827265
1277033927463624704
1277034164454338560
1277034418893402113
1277034489839902720
1277034879780298752
1277034965616734209
1277035117622497280
1277035701628997634
1277035789684219904
1277035919330226177
1277035965387857921
1277036141372375041
1277036317684240388
1277036351062450182
1277036494126014470
1277036622597537793
1277036670576136192
1277036758392279040
1277036873941233666
1277036878831783937
1277037060956868608
1277038182702493697
1277038513209384960
1277038532977217539
1277038620801748993
1277038796840865792
1277038973500755970
1277039036855734273
1277039149413998593
1277039162290569216
1277039325641932802
1277039501379088384
1277039589279117312
1277039742048260096
1277039919165292544
1277040174875193344
1277040928818114560
1277041215532339200
1277041362681188359
1277041451038359558
1277041627048153088
1277041674385006592
1277041803351523328
1277041979558371328
1277042036579827714
1277042121795665921
1277042155517874176
1277042331301171201
1277042352377475072
1277042419297550337
1277042527061803013
1277042902787674113
1277042941471703041
1277043162649935873
1277043371245174786
1277043640171462656
1277043810980290562
1277044193492426752
1277044281216204801
1277044457167360005
1277044489694085122
1277044633210621959
1277044739448201220
1277044809346187265
1277044985284702219
1277045067132395520
1277045161021902851
1277045184534990849
1277045248930328577
1277045561342873600
1277045763986665473
1277046365516894210
1277046368327151617
1277046556026339329
1277046614629265413
1277047022634315787
1277047110827945984
1277047286833590272
1277047398464798720
1277047462688063488
1277047463430574080
1277047638412623881
1277047758298505217
1277047814531538951
1277047859263803394
1277047991145320448
1277048079854628866
1277048744547168257
1277048970993455104
1277049415606382598
1277049560632897538
1277049854523564032
1277049854380949505
1277049942146723842
1277050096346173440
1277050097193361408
1277050117909028865
1277050150268153856
1277050293616869376
1277050469270065152
1277050539365281792
1277050645292482563
1277050821545508864
1277050909462274049
1277051398736281601
1277051876249305089
1277052423891288065
1277052448255942657
1277052683741003776
1277052771926237185
1277052826917711872
1277052827890847747
1277052828746481666
1277052948481269762
1277053124352585734
1277053300697960449
1277053343731417088
1277053476732841986
1277053652679696394
1277053740533657600
1277053824365101057
1277054186677510144
1277054193501601792
1277054235524378624
1277054517071294466
1277055124570017792
1277055148280471553
1277055514250219520
1277055595611394049
1277055602087407617
1277055777832828934
1277055841234030592
1277055875191115776
1277055935387754496
1277055951074398208
1277056045827923968
1277056206008442888
1277056305757290497
1277056481418936320
1277056569537187841
1277057001877581826
1277057011822125056
1277057013487300608
1277057062527213569
1277057761805819905
1277057929758355459
1277058172688175105
1277058173514461184
1277058174353317890
1277058176156938240
1277058177071284224
1277058343337689088
1277058431212453889
1277058607000010752
1277058758137589760
1277058783022403585
1277058939390251008
1277058958797213698
1277059134907715584
1277059190972747776
1277059310539898886
1277059361576189953
1277059398385483782
1277059602404782081
1277059782449520640
1277059945138212864
1277059953581228032
1277059954332053511
1277059965979627525
1277060564649467909
1277060613244624896
1277060615278866432
1277060871446028289
1277061172332806145
1277061260316758016
1277061305711484928
1277061436162875394
1277061611782635521
1277061787821772800
1277061804359913473
1277061900300357634
1277061930478448643
1277061964657758218
1277062067166556163
1277062141770641408
1277062229972725761
1277062763341402112
1277063266053820416
1277063267668709377
1277063372010336257
1277063504726560768
1277063701787443200
1277064003571920897
1277064010584686593
1277064091467685889
1277064103836573697
1277064118097326092
1277064267515285505
1277064442442846208
1277064443785084928
1277064620713431040
1277064711146741761
1277064788896550915
1277064796974841860
1277064973047513089
1277065013421899782
1277065061039853569
1277065379630714880
1277065476745633798
1277065987498467329
1277066736051924992
1277066801332080642
1277066835712671744
1277066835406589952
1277066836589391872
1277066837520416768
1277066839319863296
1277066923180732423
1277067011852513288
1277067098968207361
1277067275116449792
1277067378338258945
1277067450937487361
1277067502254727170
1277067627144282114
1277067629161852929
1277067720790552577
1277067803363811333
1277067879914057728
1277067891360313345
1277067945114578945
1277067950193889281
1277067951863103495
1277067953595432967
1277068553225744385
1277068700932280320
1277068853491699712
1277069061197889536
1277069080714006530
1277069568557678594
1277069665001406471
1277069753098657792
1277069774673960960
1277069848955310082
1277069862439968770
1277069929146130432
1277070018807816192
1277070104816226305
1277070280842756096
1277070456898621440
1277070632551931906
1277070720711999489
1277070862559166466
1277071118587899905
1277071187508592645
1277071400768098304
1277071655366516739
1277072073685372929
1277072114277707777
1277072114302873601
1277072114575527941
1277072117138198528
1277072494344777730
1277072512552185857
1277072582274154496
1277072723378831360
1277072761089937409
1277072937288380416
1277072961900548097
1277073113017171968
1277073117953884161
1277073223742603265
1277073273554178049
1277073288968245249
1277073464906694656
1277073505306259457
1277073552970301440
1277073588449771520
1277073638655696898
1277073840284237824
1277074450140336129
1277074536723177473
1277074706190008320
1277075116481003520
1277075327240503298
1277075415241240576
1277075514101043202
1277075591595020288
1277075707592617984
1277075767256584193
1277075943895564289
1277076020529684480
1277076120169598981
1277076253972070401
1277076295743156224
1277076383819325443
1277077238702321664
1277077341945180160
1277077777221431296
1277078157972176901
1277078165832314887
1277078245754777602
1277078421655498755
1277078587439489025
1277078597551996929
1277078773305835521
1277078949395398663
1277079125530947585
1277079213489770496
1277079537944158210
1277079853364391937
1277079949023817728
1277080053122306048
1277080450641661952
1277080845585694721
1277080953291186182
1277080987130830850
1277081075056066561
1277081135026065409
1277081158589861890
1277081252038758400
1277081428652707840
1277081604532379648
1277081780579905538
1277081817317888002
1277081956451323904
1277081990966259715
1277082044716191744
1277082382638686208
1277082422996279304
1277082534304780289
1277082760985935872
1277083125600915462
1277083519710367746
1277083711280906240
1277083801538097152
1277083802452611073
1277083819015843843
1277083907054338048
1277084082673987590
1277084259770122240
1277084435532390400
1277084611613523973
1277084733181173761
1277084773522038784
1277084788579618816
1277084876936818689
1277085059309281281
1277085401174466561
1277085819879198720
1277087080263237633
1277087080707850240
1277087086244278272
1277087087292895232
1277087109631946753
1277087541678747648
1277087692652756997
1277088233327923201
1277088782991458304
1277089591070208003
1277090184664940545
1277090397366321152
1277090710597128192
1277091419581284352
1277091473314516994
1277091474119831563
1277091486232952834
1277091539424915456
1277092231472652289
1277092250258939904
1277092608741969920
1277092707538632704
1277093068005662720
1277093097575505920
1277093137056497665
1277093233739341824
1277093384906174465
1277093490388860933
1277093809940242433
1277094107920416770
1277094616521678854
1277095134019022849
1277095416346091520
1277095466430115841
