1267315119526236163
1267315149247066112
1267315296366465027
1267316084346142727
1267316226923073542
1267316494804885504
1267317577463869441
1267318313102700544
1267319031868141568
1267319645503184897
1267320012685160448
1267320045329428488
1267320611849687046
1267320661816590337
1267321248297648129
1267321455773188097
1267322530525859842
1267322753574744064
1267323098719797253
1267324723844861958
1267324855449460737
1267326103342870528
1267326164198137856
1267326307265896448
1267326394964443136
1267326395669086210
1267326396784758784
1267327943404994560
1267327962459918336
1267328180257468417
1267329106233847809
1267330221168001024
1267330427653513221
1267330569614045184
1267330950792450048
1267332444254015488
1267332544950726658
1267332592187199488
1267332756176019456
1267332783887835142
1267333231503908864
1267333601676464129
1267333832728096768
1267334701720707073
1267336697311899648
1267336735958216704
1267337826552643585
1267337921570516992
1267337996237524992
1267338162826862592
1267338313653985280
1267339829852860416
1267340257726328834
1267340305596067842
1267340332439687170
1267340792504496129
1267341068615462912
1267341104594247680
1267341242716893189
1267341380872962051
1267341621659439104
1267341622729031680
1267342498076266498
1267342821595525120
1267342879426412545
1267343027036659712
1267344008961032192
1267344113713766400
1267344357054648320
1267344615457165313
1267344704548421633
1267344734294429702
1267344880105390080
1267345033612660736
1267345038440378370
1267345112360726528
1267345318267572225
1267345945005457408
1267346039088001029
1267346401496829953
1267347759314714626
1267347921919303680
1267348063997300743
1267348261460836352
1267349353187999744
1267349588970811394
1267350298911215616
1267350876567592964
1267350996243460106
1267351696201576448
1267352253112999938
1267354631002304512
1267355771710459905
1267356110736023552
1267356325190778880
1267356432896270336
1267356461602086912
1267356466089885697
1267356482191806467
1267356483701768192
1267356752296710144
1267357094451257344
1267357702361165824
1267357824075599873
1267357990715351040
1267358203811180544
1267358695115173889
1267359100314062855
1267359574589390848
1267359791858491394
1267360322182156290
1267360719483424773
1267361002468892673
1267361092357042183
1267361118378504192
1267361441692221442
1267361467025829888
1267361475871617029
1267361559359217665
1267364232787623936
1267364263829667840
1267364871898890240
1267365241165406208
1267365297117429761
1267365620556988416
1267365688433242114
1267365701725159430
1267365756406243329
1267366306736570368
1267366317352464384
1267366678184071169
1267366697352286208
1267366771385925632
1267366986134310912
1267367284772704256
1267367793592328195
1267367940728532997
1267368212628492294
1267368279804436481
1267368373534355456
1267368419785129984
1267368515041984512
1267368577356759040
1267368710186004481
1267368949919907841
1267368954219167744
1267369095239999489
1267369313129730049
1267369549122265088
1267369975116898304
1267370056394002432
1267370322656768001
1267370328298262528
1267370594384969728
1267370972094648320
1267371011470774273
1267371026083721217
1267371192605798401
1267371194757419010
1267371304828665857
1267371585385586689
1267371760330199040
1267372368042889222
1267372773975789568
1267372819169583104
1267372877977968643
1267373322741977088
1267373402656030720
1267374165109010432
1267374190266441728
1267374269434146816
1267374590151389186
1267374897178783745
1267375220194607104
1267375738702815233
1267375962565599233
1267377463790727169
1267377570242330624
1267377844101013504
1267377971322589184
1267378251313360896
1267378402434052096
1267378730235764741
1267379041990041602
1267379244222439424
1267379560821084161
1267379976187326464
1267380667555479552
1267380695569235969
1267380752657731585
1267381284231405569
1267381289985863681
1267381391614005255
1267382185134297089
1267383068408664065
1267383366174879744
1267383393127292928
1267383441433206784
1267383700653854720
1267384131207548929
1267384540282138624
1267384540282175495
1267386035429797888
1267386038692876288
1267386039741452288
1267386139398361090
1267386479225044992
1267386528260657153
1267387970547572736
1267389230680027136
1267389306894790656
1267390205822148608
1267390536555679749
1267391208554455041
1267392129162252290
1267392685066932224
1267392810086395905
1267392915371933697
1267393290070089730
1267393713212280835
1267393835862315008
1267394020214538240
1267394169837891587
1267394595018682368
1267395587219042310
1267396259494670338
1267396505247248384
1267396507356954625
1267398162219753472
1267399536949039105
1267400196180320257
1267400886264795136
1267400887325954050
1267400888382943233
1267400977923092480
1267400985271549952
1267401016376516609
1267401238951460864
1267401386125332480
1267401420053131264
1267401886493298689
1267402668793835520
1267403875771957248
1267404386961145859
1267404718168473601
1267404744710127617
1267405035194834946
1267405161799888897
1267405638142963712
1267405653569609730
1267406616002846722
1267406826871689219
1267406928952602624
1267406997684539392
1267407609369448448
1267407806031785984
1267408031660290049
1267408399496548352
1267408554748719105
1267409009105043457
1267409312844054530
1267410339253104640
1267410571252527111
1267410759526617089
1267410809300361216
1267411083737751553
1267411490778370048
1267411696932532224
1267411847709417473
1267412465576325121
1267413589381402626
1267413953631617028
1267414237879644163
1267414614880518147
1267415169514299393
1267415630749282304
1267415861276499974
1267416133449273345
1267416873299324928
1267418791111204864
1267419348450316289
1267419384080818178
1267419623684702208
1267420011238326273
1267420329443495936
1267420614308085761
1267421152353411077
1267421185320591361
1267421296381489152
1267421441215156230
1267421649814450176
1267421809420447744
1267422234701938695
1267422498993381376
1267422674936086528
1267423022673276929
1267423525897252864
1267423557992304640
1267423656126398464
1267423726124990464
1267424183509815297
1267424191613190144
1267424212077035522
1267424662180552704
1267424803113271298
1267425318077452288
1267425929137197056
1267426128161103877
1267427125742546944
1267427380546678784
1267427742318039047
1267427787444490240
1267427858345058305
1267427859078971393
1267428352052297728
1267428375183974401
1267429175964532736
1267429480462680070
1267429512083537922
1267429547789692933
1267429828929581056
1267429868104568832
1267429928045285376
1267430008303153152
1267430260938813443
1267430303926288385
1267430555118960642
1267431086134452225
1267431088336461824
1267431292238540806
1267431875603300353
1267431943865540610
1267432288922419200
1267432569819234306
1267432934832844800
1267432998582050817
1267433075744452609
1267433474954268674
1267433557640851458
1267433574019600385
1267433671105134593
1267434410586095616
1267434452558413824
1267434642321346563
1267434740916748290
1267434981812363266
1267435029761646593
1267435038465024001
1267435871797686273
1267436447730151424
1267437049545515008
1267437320468402177
1267437525519532032
1267437713743118339
1267438029557452800
1267438286382993412
1267438380620451840
1267438381924888577
1267438397796290564
1267438487084707840
1267438793012981762
1267439892235259904
1267440081037647875
1267440104928432128
1267440202102059009
1267440347212328962
1267440616641830913
1267440742978465792
1267441083417415681
1267441096642236416
1267441221649272832
1267441381045387268
1267441786143866880
1267441923649728513
1267442039546720256
1267442303829975042
1267442502199541761
1267443145614200833
1267443453748809728
1267443503715561473
1267443711002185730
1267443821215977474
1267443823896154112
1267443847677857793
1267444225219624962
1267444335299252224
1267444401720168451
1267444600320462856
1267444658940137472
1267444710882398210
1267445056924876801
1267445150311165952
1267445329923801088
1267445674624212992
1267446047791550464
1267446069090279424
1267446176128724995
1267446185876312076
1267446187918909441
1267446227022553090
1267446324796035073
1267446767215194121
1267446817764999168
1267446919720206336
1267446981221388288
1267447272998125571
1267447329377918978
1267447408834854912
1267447520487235585
1267447581849694213
1267447959546933248
1267448129550520324
1267448624356700176
1267448917664378887
1267449125013987333
1267449164276707329
1267449585322070017
1267449895167889409
1267450192053391361
1267450595688013824
1267450879592083459
1267450884885266432
1267451094310940672
1267451217292087297
1267451368169787393
1267451800271097856
1267452002247872514
1267452101472530440
1267452202701983748
1267452356251258882
1267452610631647232
1267452686355570694
1267452854098432004
1267452877397786630
1267452996872482816
1267453054212866056
1267453139269169152
1267453564827455488
1267453700672499712
1267453938015580160
1267454134510288901
1267454199119458306
1267454361539448833
1267454661860220934
1267455424791564290
1267455678454562816
1267455698541174788
1267456252331937792
1267456332313120768
1267456356145074176
1267456777043406849
1267457002214694913
1267457235522707464
1267457504792977410
1267457955999502337
1267457974479597569
1267458342437433344
1267458422963912704
1267458515930476547
1267458605642473472
1267458816418996224
1267458903865950216
1267459008459345922
1267459311275356161
1267459723026141184
1267460239303065605
1267460435864883200
1267460712013668352
1267460966955929605
1267461036396830720
1267461230454693894
1267461279196884994
1267461290961899520
1267461592591020032
1267461628758495232
1267461647658094597
1267461658693103616
1267461784979505153
1267462069038841856
1267462168657584128
1267462271304941568
1267462612368801792
1267462996198150145
1267463278348951552
1267463554204139523
1267463805191110656
1267463855149645825
1267463960657367040
1267464135538806785
1267464489919672320
1267464595305893888
1267464952350150656
1267465160219922433
1267465261528973314
1267465670314414081
1267465704380542979
1267465970706251776
1267466479185903617
1267466547318185986
1267466759336067074
1267467003838767104
1267467230670999554
1267467430143627264
1267467604702134272
1267467804984442881
1267468133759168513
1267468421274402817
1267468786455674880
1267468955897090048
1267469523319435264
1267469784880472065
1267469824084459521
1267469905428791296
1267470537011462148
1267470985650987010
1267471836939501572
1267471861404794880
1267471887745064960
1267472116657451008
1267473191129186304
1267473826276757504
1267473998587342850
1267474019588194306
1267474119299231744
1267474146205761536
1267474333372305412
1267474353559670785
1267474501224161282
1267474673199198214
1267475066436169739
1267475311383339009
1267475384376848386
1267475409131548677
1267475422603702279
1267475539922690048
1267475739731005441
1267476259912781825
1267476283639894017
1267476386828046336
1267476563504910336
1267477743823773696
1267477898962886656
1267478038754852864
1267479324304818177
1267479576499892226
1267479995162800128
1267480157272457223
1267480986629046274
1267482081870794752
1267482109385547776
1267482401124397059
1267482472788434944
1267482816176103426
1267483106396626944
1267483257295106048
1267483307673092096
1267484009635778561
1267484057396371457
1267484141794123777
1267484674638651392
1267484770663096322
1267485252735418369
1267485424114479104
1267485424433364995
1267485482193166337
1267485782564012038
1267485927359873025
1267486016677588993
1267486532581183488
1267486564793417729
1267486705424220160
1267486778820354049
1267486903688929285
1267487992916180994
1267488018199449606
1267488762306736131
1267489328273465346
1267490292581707776
1267490557787385856
1267490869789298688
1267491108126257152
1267491109309001728
1267491344123125761
1267491642124140544
1267492065136513026
1267492392833298432
1267492628943310855
1267492740713119744
1267493126299701248
1267493332156063748
1267493705495150592
1267493717902077952
1267493832939245572
1267494240067690496
1267494587125379075
1267494858454941698
1267495244398039042
1267495317378871296
1267496348791832576
1267496894877454336
1267496932726968322
1267497425272479745
1267497706383081472
1267498064253603845
1267498112303628290
1267498692535296002
1267498849511317506
1267498903894540289
1267499366329311232
1267499552325632002
1267499651227418626
1267499717447032834
1267500100315725826
1267500306486775809
1267500793898254339
1267500801309790211
1267501117409239042
1267501423794798592
1267501978780925955
1267502453127331846
1267502582538178560
1267502609088352259
1267502710791843840
1267502962693332998
1267503268537794565
1267503284257865738
1267503951869607941
1267504052167991296
1267504053245927426
1267504054227386368
1267504057276608513
1267504111618007040
1267504126440677377
1267504157923127297
1267504325414105089
1267504327175831556
1267504455425105934
1267504532197715968
1267504723952795651
1267504997618659329
1267505270155952131
1267505513463496705
1267505833404841986
1267505835237756929
1267506006654767104
1267506172007002114
1267506304651792385
1267506783892975618
1267506834799120385
1267506856248971265
1267507336152788992
1267507561596665856
1267507681167921157
1267508087155568641
1267508859037519873
1267509033260519427
1267509597591355393
1267509979717632000
1267510068112617474
1267510244957093893
1267510958387335168
1267511019271868416
1267511272028934147
1267511521594281996
1267511603580157952
1267511714611957760
1267512332185481217
1267512434710818816
1267512927936024579
1267512962849189889
1267513886556684289
1267513969629159424
1267514338316861458
1267514881512583168
1267515237504352256
1267515716586143748
1267516336311283713
1267516401943752705
1267516737009876992
1267516745327222788
1267517461827514368
1267517626366021638
1267518413594783747
1267518676690964483
1267518692633559045
1267518916097478657
1267519344516399106
1267519396261490689
1267519418084454407
1267519594954194949
1267519962949709833
1267520080780369929
1267520085108850688
1267520267296923650
1267520628971712515
1267520808051769344
1267520926490324992
1267520926855294976
1267520928100921344
1267520929883545600
1267521107596390401
1267521229247873028
1267521729020248064
1267522016845987840
1267522183670173696
1267522319557234690
1267522886862061568
1267522992667590657
1267523048728657921
1267523305113882625
1267523522362032141
1267523716457672716
1267523736149860354
1267523936297857025
1267524287419670528
1267524515539681280
1267524800572010502
1267525001852395520
1267525087256645632
1267525093044838400
1267525156618014731
1267525835575050240
1267526001069903873
1267526031444971520
1267526129797287937
1267526204267147265
1267526808892772357
1267528623625572365
1267528830102704128
1267528865527721984
1267528967424270342
1267529278801031169
1267530297014251520
1267530455848534016
1267530496667537409
1267530699294355457
1267531345858908161
1267531431552577536
1267531645600649217
1267532211642826753
1267533816857530375
1267534365787074561
1267535067674316802
1267535187681914881
1267535675877847041
1267536023594000384
1267536023845605376
1267536025703706625
1267536244160028681
1267536253941096450
1267536291668901893
1267537914126233600
1267537917108342785
1267538015569825796
1267538285032730625
1267538371267530753
1267538784872206337
1267539353904902144
1267540003426652160
1267540251880435712
1267540310466293760
1267540644882505731
1267540721394782208
1267540794606411776
1267541037582434304
1267541270722940933
1267541453112315912
1267542190680506368
1267543254339207168
1267543467112034304
1267544564593721344
1267544747750629376
1267545337524183040
1267545490465402888
1267545911292579840
1267546124451229698
1267546445693038601
1267546546012221440
1267546894277976065
1267546926733352960
1267547187136921600
1267547254484799488
1267547633599549442
1267547861107052545
1267548004241879041
1267548381490135040
1267549017849966592
1267549246665961475
1267549364018429956
1267549555219935232
1267549870375817216
1267550119961915392
1267550678546710528
1267551074552098824
1267551260091092994
1267551261131341824
1267551376667750406
1267551880353329155
1267551973303373826
1267552723987202050
1267552984902311937
1267553132629962752
1267553177311813633
1267553969532002306
1267554502388965378
1267554509523386377
1267554917826338818
1267555227689005057
1267555589116264448
1267556464903806976
1267557555133452299
1267557994704879616
1267558105551904768
1267558159968866305
1267558285776957449
1267558581160873991
1267559710477017088
1267560024122880000
1267560065508225026
1267560086030831616
1267560418756755456
1267560550428540931
1267560633488281600
1267560835188174848
1267560885201100800
1267561222892851212
1267561518784147457
1267561787190280194
1267561816051326977
1267561993390690304
1267562717717524485
1267562788945367045
1267562996206895104
1267563209545973760
1267563254299217926
1267563307860361218
1267563850079121413
1267563856521572365
1267563889170022400
1267564211024076806
1267564478138204161
1267564579003006976
1267564995761582091
1267565388667277314
1267565463007039488
1267566043389661185
1267566221773271040
1267566258305843200
1267566260356857859
1267566261392814080
1267566262395305984
1267566357832318976
1267566363171672064
1267566584874233856
1267566781226516480
1267566937367810048
1267567024621998081
1267567066028093441
1267567223708803073
1267567307326398464
1267567392030408706
1267568030143348737
1267568621384949761
1267568990093578240
1267568991133814784
1267569555477577737
1267569830837850114
1267569890510147586
1267570386662756364
1267570602526851074
1267570889928761344
1267571783709884420
1267572064388603907
1267572068826206220
1267572911902244864
1267572935532912653
1267573114067513344
1267573622929076226
1267573687701692418
1267574166959636485
1267574183250329603
1267574188165918722
1267574202778955777
1267574769366511617
1267574778476425216
1267574820885205002
1267575007464566784
1267575145318821888
1267575169591267328
1267575687809912832
1267575693912743937
1267576108763025408
1267576299914223616
1267576375298289664
1267576900291002372
1267576908482523137
1267577158144126978
1267578221123514368
1267578624959557633
1267578695457353731
1267579049699876867
1267580662711832576
1267580738125344769
1267580985127759872
1267581016371273732
1267581312530956289
1267581328096063489
1267581328955805696
1267581330159632384
1267581330340016128
1267581331556364288
1267581565703532544
1267581568438149121
1267581569503571968
1267581570476621826
1267581832473612288
1267582550324772871
1267582589641973760
1267582773734211584
1267582932107120642
1267583348538556417
1267583441693859840
1267583663459446790
1267583838508720132
1267584091081388037
1267584305838129152
1267584473081638913
1267584485626912770
1267584741815058433
1267585115565285384
1267585567014948867
1267585853053743104
1267586162593431552
1267586297931186177
1267586334962712576
1267586336023810048
1267586336996933634
1267586338058051591
1267586731030671360
1267586897498562561
1267586912132481030
1267587437020184580
1267587490761912320
1267587739156914186
1267587746844958723
1267588008448077824
1267588051531976704
1267588124361670657
1267589073285283840
1267589233146986496
1267589593827807232
1267589614681784320
1267589680306049026
1267589686589034496
1267589723025027074
1267589861843795970
1267589871746478080
1267590288069070855
1267591585602113543
1267591756087951360
1267591853639155713
1267592077564620802
1267592140034584576
1267593046247591938
1267593073489408000
1267593229404442627
1267593346584846340
1267594013345026049
1267594158463528961
1267594202604584960
1267594279947505664
1267594371597250561
1267595306733940736
1267595467619217408
1267595567082942464
1267595717587206145
1267595895631155203
1267596271398932481
1267596309579489280
1267596309789175808
1267596313031397376
1267596314398740480
1267596920224178177
1267597005351780357
1267597080828182528
1267597222335729665
1267597578171899904
1267597630496018433
1267597669859569665
1267597760137551874
1267597803322249216
1267598105643532289
1267598231606661120
1267598766745489409
1267599066600480770
1267599090910552065
1267599805414617088
1267600062487519232
1267600175545176065
1267600286262063104
1267600333968031744
1267600752593317890
1267601296535814144
1267602214740127749
1267602799979724801
1267602933203558401
1267602964727857153
1267602980620177410
1267603000454975488
1267603013360848898
1267603023368421384
1267603033325740037
1267603040279891969
1267603116670607361
1267603184433926144
1267603527075082246
1267603528945741825
1267603531843936256
1267603532808630273
1267603533777571843
1267603535677530112
1267603536692551683
1267603537661435904
1267603976213524482
1267604317617324032
1267604438744612864
1267604602180026369
1267605846294487040
1267606206954291200
1267606570898202627
1267606626548305921
1267606669971816449
1267606990907457539
1267607374069665793
1267607639854383105
1267607880678535170
1267608231355879424
1267608631056273409
1267608963379494913
1267609029536292864
1267609073463128065
1267609213792026628
1267609453500805120
1267609575349456897
1267609582353907713
1267609618026582022
1267609641665671169
1267609681918230528
1267610358518292481
1267610421097140224
1267610736479498240
1267611268883443716
1267611292480741380
1267611345500942340
1267611533804220417
1267611960545345536
1267612330646540288
1267612337772560384
1267612505679028227
1267612914120343558
1267613131364278275
1267615133376839683
1267616037597597696
1267616319412805632
1267616566180372480
1267616650251173889
1267616887086567424
1267617433545834496
1267617743425212421
1267618887572520960
1267618975355219975
1267619067667591168
1267620403922399233
1267620414710091776
1267620418988490752
1267620703681069057
1267621305857310720
1267621382713757696
1267622336674611202
1267622366689050629
1267622768352395265
1267622940411125760
1267622967246303241
1267623051019063297
1267623289557585920
1267623597398470656
1267623604516077568
1267624192465305603
1267624284052054017
1267624300485292032
1267624342575362050
1267624887881007105
1267625153468551174
1267625252215021568
1267625461967921153
1267625486286385152
1267625536496394240
1267625591911694338
1267625975648583680
1267625980723675137
1267626249213509633
1267626249922293761
1267626252698963970
1267626770833997826
1267627382686572547
1267627426089250817
1267628721932025861
1267628947933716480
1267629215425454081
1267629469834940417
1267629530946121728
1267629749133881350
1267629862052859905
1267630809839579137
1267630906610782209
1267631283733057536
1267631773996982272
1267632042126110727
1267632043212468224
1267632136103833601
1267632154143420417
1267632408213454849
1267632414097936384
1267632778956414976
1267633855508316160
1267634627335897089
1267634627667206144
1267634641059618817
1267634682042204165
1267634897482645504
1267634899307171840
1267635143478575110
1267635145709887494
1267636330235863046
1267636617008857088
1267637158413832194
1267637345827917827
1267637354061168641
1267637773890195457
1267637932430700544
1267638486640648193
1267638690056044545
1267638749774651394
1267639050120441864
1267639300876914694
1267639588358705153
1267639589465845761
1267640063011192832
1267640308721991680
1267640314392543232
1267640720971759620
1267640892036440066
1267641037310345218
1267641042565660672
1267641104972656640
1267641159704129537
1267641340562747393
1267641352902361093
1267641382799314949
1267641552496660481
1267641576001548291
1267641853970653184
1267641885381865472
1267642080026910720
1267642158342909953
1267642289540734976
1267642567631519745
1267642910389854208
1267643166158721024
1267643288238149633
1267643697308381184
1267644387275743233
1267644641861648391
1267644661482557440
1267644945646698497
1267644969680097281
1267645487710175238
1267645551761383424
1267645725195800576
1267645749824757762
1267646509572657152
1267646933453148162
1267647331412979715
1267647895462981632
1267648464130842630
1267648818104930305
1267649294158495745
1267649911207727106
1267649916114894849
1267649968459874305
1267650333720920065
1267650476125937664
1267650537719119873
1267650917115088897
1267651333517185025
1267651396490256384
1267652246680059904
1267653175554818048
1267653556942897153
1267653999110619137
1267654758766166017
1267655946509090816
1267656317470031872
1267656318547968000
1267656925803696128
1267657829273309185
1267658254064054272
1267658495924584448
1267658577419931656
1267659720019652613
1267660342030712833
1267660632763125761
1267661294972346369
1267661566008270851
1267661956900687874
1267662024479211520
1267663114272518144
1267663251401330688
1267663313623646211
1267663484453601281
1267665171033579521
1267665702544199680
1267665756302520320
1267667024114855936
1267667098853085184
1267667137960779776
1267667390264938496
1267668597129830400
1267668604998254592
1267669370966282247
1267670665303384064
1267671122503503872
1267672439334432768
