1277458443121627137
1277459018701844481
1277459332951683072
1277459539512696832
1277459595196346368
1277459663085203457
1277460002903646210
1277460292390096896
1277460690111016960
1277460851570675712
1277461109407129600
1277461182488641536
1277461689097732096
1277461939120193536
1277461957759492097
1277462531263643653
1277463249374580737
1277463385949589504
1277463686773424128
1277464058451591168
1277464263683125248
1277464511071621120
1277464819042410497
1277465688907698176
1277465785028489216
1277465875617132544
1277466250092908551
1277466261295902721
1277466613873356803
1277466771369361409
1277466925791150081
1277467770406363136
1277468622672269312
1277469762222723072
1277470230600732672
1277471082161766400
1277471567040184320
1277471709558431744
1277471729506541569
1277471763547521024
1277472247897305088
1277472328511819779
1277472379040681984
1277472426574700544
1277472761385025537
1277473750628384769
1277474251126300675
1277474873187667968
1277475136463986688
1277475187185848320
1277475189153038341
1277475267682975745
1277475769204146177
1277475770290429952
1277476288345731075
1277476589819899904
1277477186602242049
1277477469956771840
1277477608037527552
1277477670792593408
1277478230795194368
1277479919321321475
1277480126951731200
1277480539209990155
1277480800385146881
1277480927548051456
1277481088508743680
1277481151502876672
1277481626042355714
1277481913310199808
1277481940896100352
1277482012828368901
1277482121410600960
1277482245335457793
1277482693299593216
1277482708462120967
1277482878495055874
1277483061941342208
1277483204191141888
1277484143144730626
1277484313131581440
1277484344362201089
1277484458292232193
1277484471097405440
1277485440841461761
1277485951040868353
1277486153302671361
1277486334349914112
1277486543683424261
1277486582807789568
1277487078830419968
1277487240982212608
1277488510413475840
1277488575253184512
1277488780459589641
1277489275584614400
1277489329582092288
1277489832621674504
1277489864183656448
1277489987454468097
1277490306552823808
1277490482495410176
1277490631586152454
1277490769235005441
1277491003927048192
1277491279367213065
1277491764887261185
1277492048531243008
1277492272439996416
1277492310641651713
1277492351842299904
1277492384885080065
1277492521304821760
1277492524668551168
1277492526346317831
1277492897433059328
1277493230586810370
1277493300791042048
1277493321519120384
1277494102829854721
1277494129904279554
1277494226469687297
1277494428702314496
1277494854621319171
1277495307614457856
1277495714734637057
1277495948541820929
1277496113013108737
1277496164548575233
1277496257775271938
1277496273726320642
1277496643122847744
1277497110691287040
1277497210905772034
1277498204561510407
1277498539141148673
1277498780259147777
1277499073139015687
1277499309861359617
1277499401926254592
1277499461950898177
1277500041528131584
1277500083987263496
1277500087976034304
1277500193580167169
1277501007686250496
1277501834467381248
1277502229105303552
1277502444776435714
1277502507552518144
1277502636409991169
1277502900999204864
1277502959723712512
1277503231023648769
1277503541893042176
1277503669756444672
1277504230023221248
1277504303176077315
1277504732148436992
1277505243622801413
1277505849800286212
1277505850869866502
1277506044067971074
1277506202184945664
1277507525634646016
1277508079362375680
1277508424637526016
1277508612747923456
1277510373789163520
1277510464671551488
1277511164138840064
1277511234837975042
1277511716440596485
1277512016597585920
1277512069135446017
1277512310752509953
1277512490558119936
1277512510598516737
1277512836433022976
1277513005702447104
1277513029350043649
1277513286859329536
1277513524097380353
1277513767841038336
1277513833393815552
1277514588108570624
1277514917055062017
1277515390806118401
1277515614140203009
1277515633350135808
1277515917975584769
1277516057880690689
1277516216672890882
1277516443307970561
1277516638481457152
1277516693657567235
1277516817053954048
1277517038722977799
1277517104674156544
1277517247829946371
1277517307766595586
1277517617767612417
1277517702572072960
1277517944763883520
1277517996148297730
1277518021653925888
1277518114121560070
1277518209546170368
1277518255146569728
1277518507425611776
1277519303462604801
1277519346617798656
1277519383447900160
1277519974408630272
1277519974660259841
1277520073188691969
1277520140142346242
1277520816729542656
1277520817794846721
1277520818956722178
1277520855581499392
1277520863584301056
1277521736519614465
1277522077944147970
1277522540630626309
1277523021448777729
1277523086334705664
1277524059723649025
1277524592416813056
1277524971502239747
1277525171142905856
1277525185386745859
1277525242794201088
1277525720231825409
1277525759209455616
1277526391513387009
1277526401181265921
1277526628504088577
1277527034911174656
1277527232412606464
1277527319222124544
1277527664249704448
1277527811352334336
1277528121097371648
1277528132082417664
1277528142547206148
1277528675374727169
1277528736288714752
1277528738645737473
1277528752478547968
1277528753569017856
1277529078363545600
1277529752354594817
1277530068819083264
1277530174297378817
1277530371412852736
1277530939288158208
1277531064446201856
1277531302074466307
1277531313596174336
1277531730572980224
1277532079589216258
1277532565851832321
1277532679676801025
1277532853748871168
1277532897587716096
1277533834192584704
1277534281498312704
1277534738027122688
1277534789239623682
1277534825545707521
1277535285698531328
1277535330447614001
1277535660966940672
1277535662535663616
1277535663756197889
1277536068481486848
1277536683706265600
1277536890745491456
1277537600329433090
1277538403056222209
1277538635705958401
1277538665355411459
1277540430616293377
1277540646031630341
1277540830367166465
1277541800673185794
1277542092382834688
1277542288584060933
1277542344930103298
1277542346163400704
1277542425511239680
1277542572089540614
1277542812393799680
1277542925505900544
1277543253420670981
1277543478906564609
1277543618463571970
1277543973356093443
1277544023973081088
1277544139001860098
1277544458238791680
1277545188903305218
1277545483540541441
1277545535382175745
1277545671055327239
1277545718916485122
1277546121468968960
1277546377682305024
1277546607295283203
1277546739323547648
1277546887252512769
1277547085890379782
1277547252182126594
1277547381970604032
1277547676943466496
1277547748145807360
1277547749467058176
1277547753904549893
1277547801937948675
1277548164380266496
1277548964573777924
1277549529261387776
1277549756667932672
1277549830374658049
1277550240246239232
1277550539341955077
1277550902270820353
1277550903365533699
1277551018310463489
1277551869917872128
1277552026264784897
1277552796284436480
1277552958398488576
1277553636915077123
1277553897306042369
1277554109021732870
1277554376383528960
1277554402342166529
1277555097023721472
1277555273218097153
1277555898727178240
1277556012480901120
1277556641647517697
1277557196356796416
1277557279827660806
1277557326426386433
1277557854409560065
1277558065974456321
1277558316281892864
1277558317359890432
1277558333210271746
1277558334300794880
1277558399933300736
1277559356423311360
1277559369484455936
1277559464460259329
1277559903284953089
1277560093282897921
1277560112215805953
1277560273079988224
1277560516119068672
1277560707815374848
1277560823586656256
1277561064884846597
1277561439843164161
1277561496831234050
1277561741879238658
1277561802084188161
1277561814897905664
1277561817624195073
1277561825891139590
1277561853653266432
1277562248538529792
1277562381342818304
1277563714544304129
1277563774980014081
1277563925219901440
1277564006400745473
1277564104278814720
1277564191855935489
1277564606068584448
1277564607293321216
1277564608404848640
1277564642487873536
1277564734338981889
1277564750402969600
1277564886244036608
1277565485140160512
1277565486234890240
1277565827022229504
1277566140819091456
1277566247119532032
1277566367802195968
1277566878572064768
1277566982582386689
1277567311646527489
1277567712588435461
1277567733614379008
1277568922867216385
1277569086613061638
1277569112412127232
1277569395452268552
1277570441893289987
1277570477712687105
1277570650144563201
1277570844013797378
1277570873575301121
1277571215914385409
1277571229021548545
1277571326220304385
1277571620056502272
1277571845366124544
1277572104662257664
1277572541939417089
1277572587112062978
1277572771808149504
1277572879513554945
1277572880893698048
1277572888577495040
1277572991900139520
1277573121051185152
1277573145956724737
1277573826138779648
1277573886343819264
1277574308286607361
1277574395373015041
1277574947628437506
1277574952150093826
1277575012883533825
1277575075613605889
1277575363045076994
1277575498814705665
1277575648433901568
1277575794005610496
1277576166421991425
1277576253038628866
1277576269648015361
1277576464112779265
1277577002493542406
1277577049692135424
1277577269146537984
1277577325672976384
1277578128223875072
1277578135563915265
1277578202723090432
1277578586048925696
1277579091122757634
1277579189433053184
1277579370790481920
1277579837910036486
1277579861301907456
1277580590657593344
1277580679484760064
1277581614193815552
1277581656375918592
1277581865445195776
1277581891026239489
1277581940909125632
1277582175899193345
1277582623028719622
1277582731233210369
1277582950205251586
1277583296621432833
1277583523587731456
1277583879927447554
1277583886134972417
1277583897652576257
1277583936713928704
1277584053961703424
1277584532837982208
1277585201451982848
1277585458726342656
1277585632030793728
1277585774641319938
1277586229299744768
1277586541984903170
1277586609173606400
1277586662349037568
1277586817290833920
1277586918423826432
1277586928376918016
1277586962581504001
1277587047813992450
1277587272620101633
1277587314278105088
1277587318447185920
1277587496214372352
1277587571384684545
1277588340582371331
1277588354574532610
1277588585525530624
1277588773203857411
1277588917601140738
1277589164641390593
1277589772379336704
1277590024733818882
1277590195785916419
1277590604197908483
1277590758166585350
1277590956158578689
1277591023254986753
1277591215211524099
1277591383927373830
1277591686865203200
1277592063970811905
1277592144862044160
1277592540405886981
1277592541571899394
1277592863333900289
1277592903154630658
1277593032490180614
1277593040035688449
1277593061477023745
1277593153906900993
1277593260861673473
1277593619512295424
1277593993728217094
1277594042084319233
1277594082613899268
1277594108761116672
1277594120601698305
1277594239589928960
1277594247370285056
1277594353289093121
1277594449141522432
1277594483014750212
1277594638346530818
1277594698484498432
1277594736187056132
1277594828247912449
1277594979506978819
1277595002382610433
1277595448958730240
1277595635672375298
1277595897719816196
1277596130239545344
1277596169087131649
1277596303652990978
1277596370505998337
1277596580879773703
1277596928671432704
1277596977753178113
1277597147353972736
1277597204903936007
1277597507535597569
1277598007228280832
1277598121024016386
1277598186719326211
1277598196257058816
1277598513627631616
1277598676400168960
1277600342713208832
1277600551149191170
1277600640479277063
1277600695512948737
1277600834226880517
1277601151932944405
1277601241514770439
1277601438970122240
1277601499934150656
1277601641987035141
1277601751487713282
1277601760836833282
1277601830378319874
1277602262530101248
1277602273934356480
1277602354825576448
1277602658161958912
1277602671864754177
1277602763208351744
1277602780488904707
1277602863875751936
1277603022626054144
1277603130725879808
1277603190112952320
1277603394933469185
1277603577947738112
1277603664052568064
1277603781665062913
1277603829719207936
1277603831686270976
1277604286013280257
1277604727287660544
1277604869252186112
1277604998784802817
1277605015117586432
1277605111360106497
1277605203940904961
1277605351572021248
1277605463232839680
1277605626609201152
1277605640274206721
1277605709903998977
1277606020823617536
1277606165619277826
1277606167770955777
1277606219910451202
1277606565558837256
1277606714032807936
1277606835902709762
1277606880349732864
1277606923769184256
1277606981151477762
1277607033982902274
1277607256088068096
1277607380755329024
1277607390599426048
1277607493665947651
1277608625813565440
1277608725071769600
1277608746559180811
1277608895670816769
1277608910199775233
1277608975714918400
1277609219232010240
1277609754551111682
1277609897383919618
1277610153060302849
1277610229698617345
1277610229774135296
1277610430203146242
1277610464638390273
1277610823276527616
1277610919774879744
1277611469706846208
1277611796363382787
1277611920644685825
1277611925866610695
1277611927519162368
1277612081127272451
1277612162006089728
1277612178326130691
1277612259427201036
1277612402771726337
1277612597290971136
1277612687451656192
1277612925826617344
1277613570533007360
1277614587144286210
1277614747140136960
1277614864148684802
1277614965495681026
1277615021426688002
1277615099327524868
1277615659736760320
1277615865542868994
1277615886661279748
1277616213531725824
1277616724460830729
1277616791221567494
1277616849962835969
1277616932267667457
1277617710784888833
1277618211010179074
1277618571082899458
1277618719267700736
1277618974205906946
1277619401009901570
1277619652932390913
1277619984710144005
1277620835772227585
1277620895406792704
1277620898774740994
1277621070238015499
1277621519406051328
1277621587240509443
1277621716286652416
1277621731088351233
1277621953248079882
1277622137625415682
1277622199361339392
1277622515037241344
1277622673892392971
1277622799159431168
1277622800161832962
1277622912564883456
1277623050033389573
1277623427290017792
1277624005478907904
1277624009597706240
1277624013661995008
1277624149175869441
1277624284773601282
1277624419528122368
1277624501321166849
1277624505804955648
1277625256199385088
1277625285324812294
1277625411162210310
1277625566200385537
1277625621414363138
1277626263952216064
1277626268629045252
1277626312639877120
1277626432047534083
1277626511915352064
1277626715917946881
1277626924852895746
1277627134186381312
1277627183255650304
1277627316970164225
1277627686895202306
1277627763856420864
1277627790154780674
1277628044639862784
1277628271476330496
1277628482336567297
1277628584484573186
1277628729267757059
1277628970079576065
1277629220341112834
1277629301068836870
1277629384439074816
1277629510813442048
1277629802145386497
1277629883099811841
1277629946777780226
1277629983087886338
1277630056198782982
1277630227590635521
1277630433694494720
1277630547171381248
1277630616603893760
1277631293661024257
1277631339517349888
1277631459478638592
1277631502457716737
1277631960605700104
1277632379599884291
1277633377059864578
1277633564297871360
1277633656761266176
1277633896616611840
1277634054876065793
1277634067354095617
1277634174443122695
1277634530468335617
1277634559270621186
1277634830050746370
1277635197895311368
1277635365239689217
1277635763186946055
1277636236602044416
1277636397483151360
1277636492463157248
1277636673019535361
1277636957783437313
1277637213283659777
1277638144570068994
1277638408492462088
1277638636209569793
1277638862764937223
1277639739017854977
1277639978248548353
1277640025941950465
1277640057810190336
1277640355773476878
1277640707109519360
1277640988169662473
1277641249521119232
1277641264985497600
1277641648323858433
1277641735418589184
1277641802292568065
1277642016973864960
1277642078869209089
1277642433061433344
1277643038807019522
1277643408274849793
1277643413219770369
1277643719081066497
1277643724131119106
1277643900119908353
1277644080613392385
1277644438643314689
1277644559074369536
1277644647175581696
1277644725365899268
1277644725647015936
1277644794303569921
1277644828503879680
1277644955197063168
1277645157702107136
1277645705134424065
1277646005949927424
1277646016473378816
1277646144319840256
1277646147859841024
1277646151290810371
1277646204189511681
1277646303598710789
1277646438139416580
1277646568577957888
1277647356515713029
1277647814042906625
1277647829775921152
1277648148131971077
1277649225900163072
1277649456960282625
1277649512400588800
1277649565567471622
1277649566674956292
1277649805754449923
1277649984515604490
1277650598867767297
1277650775246802947
1277650858709258241
1277650896919429120
1277650907514245125
1277650979152781312
1277651106450071553
1277651606666805248
1277651832190439424
1277651945520607234
1277651970774503424
1277652222436925447
1277652653762392066
1277652728651681792
1277653317049597952
1277653518334283776
1277653663981490177
1277653819342483456
1277653920836235264
1277654197257658368
1277654236499775489
1277654260696711169
1277654444734394368
1277654489701519362
1277654553962438656
1277654602918383616
1277655175155548161
1277655318034513928
1277655452470272001
1277655455821520896
1277655750219882499
1277655814359134210
1277655861381476353
1277656022757322754
1277656379298324481
1277656525083901953
1277656570021593088
1277656669099634688
1277656855196717062
1277656893201231873
1277657004543291398
1277657115981684736
1277657213830598659
1277657677448073218
1277657972659965952
1277658875173486596
1277659081227067394
1277659489966215171
1277659528025247745
1277659569154658305
1277659753469132801
1277660144235614214
1277660345167986689
1277660463002800129
1277660657257775104
1277660685623652352
1277660728250339328
1277660871880302594
1277661080542642181
1277661108686524416
1277661526602723329
1277661832229072897
1277661993848242176
1277662136408260608
1277662145774264321
1277662152598355973
1277662628312018944
1277662651770908672
1277663269713514497
1277663388315848705
1277663831553126406
1277664262551490567
1277664424724234240
1277664426716475392
1277664443544014848
1277664929307332609
1277664988908396551
1277665060782039041
1277665270404915200
1277665299022647298
1277665337970917376
1277665395080658945
1277665644171984897
1277665659506380800
1277666046749573121
1277666058250452994
1277666301855576065
1277666767117209601
1277666990442688512
1277667102493638656
1277667285101142016
1277667364297990144
1277667414298095616
1277667774572179457
1277667779383099395
1277667904855703554
1277668306468712450
1277668416535625729
1277668466326212609
1277668621674778624
1277668635188789248
1277669032754323462
1277669071618625536
1277669150794579969
1277669187045847040
1277669691910049792
1277669981929512963
1277670086103490561
1277670194035466242
1277670393558466561
1277670432452169728
1277670434478014464
1277670436357042177
1277670504845979654
1277670577671675905
1277671134251626496
1277671185208225796
1277671187187826688
1277671532626657280
1277671688910647298
1277671812298612742
1277672157158338563
1277672657639616515
1277672680762699776
1277672832164597761
1277672929950601216
1277672958547419137
1277673214949371906
1277673286185304064
1277673584387710976
1277673834884116480
1277673861845340160
1277673985967357952
1277674279467876354
1277674387458703360
1277675110481170432
1277675327498616838
1277675338076532737
1277675370217705475
1277675403214229506
1277675441768271873
1277675493362450433
1277675634903232514
1277675708513386496
1277675841686663168
1277675843158814720
1277676058188414977
1277676732510846976
1277676812232011777
1277677296166539269
1277677580578181125
1277677715324313600
1277677731480612870
1277678107613204480
1277678202207469568
1277678478494707717
1277678545716871171
1277678705897324544
1277678806925541376
1277679303208173568
1277679656116932609
1277679850099269632
1277680189791748102
1277680281462419457
1277680339343859714
1277680607968014336
1277680676125491202
1277680707645706240
1277680751899807744
1277680802583764992
1277681201390784513
1277681258772955136
1277681364268199942
1277681405997318148
1277681611073601538
1277682596164644867
1277682671376891905
1277683227646459906
1277683342939471873
1277683412002717697
1277683839532445696
1277683901020999681
1277684544884412416
1277684567386750983
1277684795452030978
1277684876486103042
1277685181701382146
1277685280338702336
1277685281492090882
1277685281416548352
1277685861044441089
1277685866274553856
1277686138380054528
1277686278411206658
1277686515234193408
1277687023583756288
1277687042391117826
1277687161693720576
1277687185140060160
1277687273727897605
1277688554269708288
1277688959578058754
1277689312734318592
1277689312914571266
1277689391406669824
1277689424759963650
1277689758148448264
1277690310647111680
1277690315193765889
1277690350946193409
1277690566898262019
1277690616265142272
1277690813267533824
1277690821358137345
1277690953613049856
1277691039327883265
1277691254306988033
1277691523153498115
1277691735133401089
1277691827345395713
1277691920567975938
1277691987530076160
1277692087492907009
1277692287582121989
1277692432868691969
1277693300628172800
1277693540831842306
1277693590416719872
1277694076524077056
1277694079774711809
1277694280128217092
1277694544457465857
1277694629496983563
1277694814532841473
1277694975241867274
1277695225561935872
1277695427924680709
1277695501903843329
1277695789700177927
1277695946919378944
1277695969170202636
1277696134945726464
1277696178411442181
1277696363711598594
1277696402152394754
1277696447442571266
1277696849403539456
1277697336211394560
1277697454465585152
1277697607427489792
1277697616948518913
1277698380639199233
1277698829421178880
1277698878435987457
1277699064855961602
1277699207068033029
1277699225917296641
1277699746983866368
1277699752122093568
1277699771533230081
1277700285100699649
1277700465703235586
1277700728933548032
1277701085906571265
1277701514828623879
1277701619598139394
1277702608057221122
1277703149550211072
1277703178075635717
1277703228688338946
1277703241334239233
1277703864670580738
1277703924586287105
1277704114781261825
1277704440783400962
1277704617946537984
1277704617946537984
1277704716743516162
1277705003894005760
1277705150681972739
1277705300137644033
1277705600500105217
1277705905564311553
1277706228689440776
1277706921328459783
1277707041356820480
1277707963449442314
1277708168919990273
1277708329306017792
1277708752905482241
1277709124822880261
1277709180774866947
1277709881215266816
1277709969895436295
1277710315476488193
1277710322304839680
1277710405033394188
1277710900649250816
1277711478049685505
1277711495627976705
1277711500510146561
1277711583838457856
1277711684430430210
1277712056947482632
1277712073359863809
1277712120461824001
1277712895330127872
1277713137354125312
1277713635889078274
1277713848414371840
1277714093089030144
1277714536154443776
1277714579175297025
1277714640500383746
1277714648792522758
1277714680706891777
1277714846721560577
1277715052305494024
1277715111826915329
1277715199227842564
1277715225194582016
1277715702993084416
1277715846958321665
1277716101829464070
1277716344562204676
1277717001490911232
1277717217451409410
1277717448653975552
1277717982320394241
1277718080114823168
1277718216135995393
1277718461561610247
1277718778382618625
1277719070926950407
1277719222597177344
1277719607743336448
1277719865160278018
1277719887964749824
1277720294669549569
1277720429168336896
1277720461040857089
1277720597343219715
1277720729572737025
1277721043357126657
1277721317513539584
1277721327202418695
1277721386006589453
1277721801729040384
1277721961049833472
1277722527091941378
1277722980110331905
1277723021772500992
1277723123035574272
1277723273686441985
1277723298986553344
1277723315004678144
1277723687958052865
1277723721298518018
1277724243543814144
1277724359679975424
1277724404504559616
1277724623371673604
1277724912665407488
1277725300886065155
1277725705187602434
1277725992711266305
1277725998633664512
1277727409178062854
1277727483660468225
1277727582235119618
1277727752255389697
1277727780525015040
1277727832496537602
1277727928407728130
1277728190006517760
1277728423071399937
1277728440909783046
1277728599777443841
1277729191702618113
1277729270534717442
1277729478697988097
1277729943565111296
1277729983792852992
1277730346000429057
1277730448433545217
1277731037699858436
1277731100467572737
1277731157384335360
1277731281305026561
1277731284165558272
1277731409067737088
1277732309987459072
1277732369810759680
1277732372390252550
1277732596605214721
1277733380608724992
1277733672028905472
1277733675510218752
1277733972601004035
1277734374759436290
1277734449732599808
1277734468011397120
1277735410601537538
1277735440322146304
1277735463743303680
1277736396598456321
1277736464713949185
1277736559782039552
1277737925988540421
1277737975632343041
1277738159078547460
1277738191567704065
1277738446572998656
1277738882348408832
1277738914715971584
1277739421333364736
1277739581824253953
1277739831947337729
1277740066916446208
1277740267009912834
1277740270969290755
1277740447595560960
1277740474053386240
1277740752362233857
1277740920385998849
1277741094508417026
1277741152645644288
1277741208127909888
1277741455520477184
1277741661867704321
1277741692272050176
1277741721753989120
1277741999567880195
1277742127628206081
1277742403407892481
1277742746711797760
1277742861300228098
1277743060739293186
1277743116645281793
1277743136983449607
1277743357696106502
1277744182359031808
1277744794467352576
1277744795520126978
1277745342684028928
1277745454348984320
1277745933690654720
1277746421760954371
1277746479730495488
1277746822417702913
1277746827677372422
1277747123476484097
1277747211338747904
1277747211519000576
1277747449369591815
1277747454381887494
1277747525869539330
1277748170437599233
1277748565037797377
1277748603193298945
1277748758621626368
1277749101908680705
1277749686837919745
1277750397436911617
1277750502713954304
1277750819354562564
1277750930956484621
1277751069104197632
1277751134350913536
1277751135550537728
1277751441910837249
1277751501834924036
1277751770551287810
1277751821449166848
1277752042111590403
1277752399550087170
1277752450158600192
1277752941286264832
1277753122153259010
1277753477645524993
1277753645329596416
1277754090240397313
1277754507657691137
1277754573831143431
1277754612842364928
1277754825220988934
1277754871110909953
1277755461341757447
1277755668762701826
1277756294611566593
1277756348587839489
1277756498991513602
1277756819956523015
1277757204209287169
1277757246500454401
1277757671433797632
1277757833526861834
1277757893530587136
1277758144601559042
1277758209378353154
1277758343134810113
1277758406053552131
1277758833876762625
1277758853493346304
1277758935215353857
1277759128644079616
1277759156108382210
1277759639422033920
1277759859996471297
1277759884969283584
1277760362792669184
1277760541700702208
1277760740527669248
1277760774635614208
1277760781514182656
1277760824304689152
1277760888229986304
1277760915161649152
1277760953304506368
1277761374786125827
1277761608698048512
1277761834595037189
1277762460414599170
1277763542666448896
1277763582042820608
1277763628444168192
1277763670257405955
1277763719188054017
1277764205177946114
1277764291572219905
1277764557126225921
1277764939780886528
1277765242362253313
1277765338273382403
1277765668184764417
1277766135790710786
1277766157450113025
1277766783693393926
1277766804660781058
1277766828182261761
1277766945492873216
1277767176007680002
1277767591272955904
1277768079846580225
1277768541731786754
1277768981852626945
1277770257848061952
1277770744479584261
1277771511051534336
1277771525458968578
1277771615200325637
1277771616521302017
1277771654819729410
1277771735669104642
1277771831882244102
1277771949293342721
1277772036325216261
1277772143544070144
1277772357298348033
1277772513649528838
1277772588127784960
1277773527115091968
1277773723630698496
1277773814894678016
1277773982075215872
1277774107925336064
1277774614857318400
1277774622562283520
1277774624139259904
1277774625842229248
1277774654724333568
1277775459263152129
1277775467181940738
1277775603383615488
1277775870577401856
1277776580333449216
1277776699124527105
1277777193393967105
1277777423099199490
1277777637398765568
1277777812313776132
1277778158226337792
1277778256956137474
1277778528654766080
1277778698482135046
1277778877662691330
1277778991756251143
1277779193082925057
1277779201928634368
1277779305339195393
1277779581412532224
1277780465932361728
1277780749278687238
1277781188053254150
1277781633530318861
1277781964095754240
1277782015367155714
1277782718949011458
1277783057190105088
1277783229181956104
1277783336308617223
1277783418261008384
1277783419284422656
1277783745395929089
1277784158186676224
1277784930336993280
1277785102664302597
1277785198269251586
1277785237267808257
1277785330435964928
1277785627002572801
1277785710481768450
1277786564664451074
1277786581735268357
1277787120405557256
1277787712863510530
1277787781616381952
1277788141131198464
1277788453497974784
1277789061701386244
1277789389658173443
1277789470926880768
1277789472210350080
1277789473930010624
1277789474643046400
1277789477818126336
1277789497271422977
1277790013011431434
1277790085543591936
1277790592894857217
1277790689548472320
1277791012325392384
1277791076292665344
1277791515314659329
1277791582310354950
1277791605236412418
1277791732541915137
1277791881930452994
1277792809601417216
1277793131002580993
1277793960505810944
1277794086469210117
1277794752973418497
1277795041302503426
1277796264600645633
1277796686576975874
1277796800263577601
1277797195542978560
1277797240879247360
1277797339839815682
1277798025579180032
1277798145158676480
1277798436235083784
1277798712123719680
1277798804104888320
1277799153754615808
1277799211233431552
1277799288576319489
1277799426522832897
1277799545385213952
1277799589110788097
1277799640616906762
1277799767322624003
1277799777980350465
1277799815930413062
1277799875862843395
1277800154763005958
1277801055712169984
1277801080504463360
1277801651043172357
1277802401978777601
1277802663648821249
1277802777188720642
1277804023307960322
1277804228912783365
1277804307585232898
1277804307887214592
1277804308751212546
1277804313427861504
1277804534438531072
1277804624477552641
1277805816272183296
1277805989690040321
1277806006806904835
1277806192769843206
1277807152258854913
1277807381678825472
1277807810194092033
1277808397707022338
1277808584999538688
1277808896057454592
1277809016396304393
1277809296055599109
1277809702563467266
1277809763875721216
1277810125877792768
1277810183637516295
1277810334846332934
1277810885294043139
1277811826877751298
1277811866052501505
1277812249822806016
1277813094966865920
1277813581375918081
1277813608597073922
1277813997425659904
1277814120646168577
1277814158394888192
1277815128403173383
1277815434520276994
1277815564354949122
1277815572999348224
1277815580087762945
1277816181248929797
1277816496706785281
1277816530143764482
1277816755977457664
1277816933690335232
1277817298368237569
1277817861306793984
1277818545083043840
1277818779238465537
1277819284182294528
1277819285327409153
1277819286434672640
1277819406115012608
1277819591453016069
1277819970630664192
1277820096371720192
