1274921897885646849
1274922617267519489
1274922693402517504
1274923042938986496
1274923329967861760
1274924732043988992
1274924993852444674
1274925043643035654
1274925469469757441
1274926233105596418
1274926475297390592
1274926902596136960
1274926942005886979
1274927348610039808
1274927443644645376
1274927643515904000
1274928749151223816
1274929363281199105
1274929430981414917
1274929909098479617
1274930132180967425
1274930194906832905
1274930253991985159
1274930628329238530
1274931608844369920
1274931654688112640
1274931869683978240
1274932313768550401
1274932391727988736
1274932403581091841
1274932838362726408
1274932951625748480
1274934293886894080
1274934961171238918
1274935155170426880
1274935728783470592
1274936800776052736
1274936922503249921
1274937433600045056
1274937645085396993
1274937773225660417
1274938165959131142
1274939011375693831
1274939472879194112
1274939516042784769
1274939706262904832
1274939794620059653
1274940069355368453
1274940175739731970
1274940445622063105
1274940816289435648
1274941422203023361
1274941464175431687
1274942115198365697
1274942207707971586
1274942598281596930
1274942974787563524
1274943010007121920
1274943322424070144
1274943332876038145
1274943334289559553
1274944117424955393
1274944340566016001
1274944879374843906
1274945005564637185
1274945567500754946
1274945974679437312
1274946082016047104
1274946112051437568
1274946756518780934
1274947793208164353
1274948991298547713
1274949732293586951
1274950073084977152
1274950285224554498
1274950659499048960
1274950801283260417
1274951786529525774
1274952047180353537
1274952215401291777
1274952751189983235
1274952930609836032
1274953059785981953
1274953142657069057
1274953218678636544
1274953521268391936
1274953575958011905
1274953657243643904
1274953822935429122
1274953890295939072
1274954541147074561
1274954615734353921
1274954729748135936
1274955747147866113
1274955824725659648
1274955888663515137
1274956404839899136
1274956495625564161
1274956608913752064
1274957051467165696
1274957475201069056
1274957483967164416
1274957490887651328
1274958518974545921
1274959126976700418
1274959499481276418
1274959661024804864
1274959728024657920
1274960358365683712
1274961008935809025
1274961123087978498
1274961273952833538
1274962243457777664
1274962483451658241
1274962634396381185
1274962885211574272
1274964105087025159
1274964782672744449
1274965195958431752
1274965545301884928
1274965655842951170
1274966183909789697
1274967442758840322
1274967507825197057
1274968484330590212
1274968724316045312
1274968965132009473
1274969182170419201
1274969326647480320
1274969348394962944
1274969364169662465
1274969604557811712
1274970156754784256
1274970586767413248
1274970893010296832
1274971621401526272
1274971726582079489
1274971823004925954
1274972347775307789
1274973030591037440
1274973033715900416
1274973152158846984
1274973332455264256
1274973651553656832
1274973703411884037
1274974195982774273
1274974801015209989
1274974879532691457
1274974919349026817
1274975179257581568
1274975304335982592
1274975322199306240
1274975382295453697
1274975417431199744
1274975433612812298
1274975540466909184
1274975603163365376
1274975769849139200
1274976048854077440
1274976146749370369
1274976239426711552
1274976575495290881
1274976665697992708
1274976762510872576
1274976937174347776
1274977138337349632
1274977385897766913
1274977519578558464
1274977574695972864
1274977619738386432
1274978573133262849
1274979031499321345
1274979044963090432
1274979085610090496
1274979158750302208
1274979521540820992
1274979654198276101
1274979865347993608
1274981730265501697
1274981828970020871
1274981972562100224
1274982390197256193
1274982707009859584
1274982763087659008
1274982973998161920
1274983072459640832
1274983092927844352
1274983660849168385
1274984746808942592
1274985696453955586
1274985792327372800
1274986016525504512
1274986851766583296
1274987028652974092
1274987383587516424
1274987464109817857
1274987574478671875
1274988105439817730
1274988138864181248
1274988254878728192
1274988260566147072
1274988566758723584
1274989162974851075
1274989181907820546
1274990014842036224
1274990214147178496
1274990910175092736
1274991783743643650
1274991911758151680
1274992484234526720
1274992646260490240
1274992889865605120
1274992937928097793
1274992944089632769
1274993247589478401
1274993503999856641
1274994323604615169
1274994454412300302
1274995190562988033
1274995524802801664
1274995553139646464
1274996064681103360
1274996369829384195
1274996642769522689
1274996818200408070
1274996860357431296
1274996978640924677
1274997866289913863
1274998079633199104
1274998308885467137
1274998436945944576
1274998522404917249
1274998830904348674
1274998847236947968
1274998870813138944
1274998891465912322
1274998951222013955
1274999100530995200
1274999476491628544
1274999934434062337
1275000006873931777
1275000161710870530
1275000322709229571
1275000406955958273
1275000454334816268
1275000744807223303
1275001265215475712
1275001414390099970
1275001682318016514
1275001775079206920
1275001930687959040
1275002461959467011
1275002554573885441
1275002596214751232
1275002599142330368
1275002600845266945
1275002642541039621
1275002668541452288
1275002679761211392
1275003096129773568
1275003102186352640
1275003175771279361
1275003443703357444
1275004215585394689
1275004742607925248
1275005007310360576
1275005148868349952
1275005166417297408
1275005175166578688
1275005200856645632
1275005356020826112
1275005365055361024
1275005895898992649
1275006018817228801
1275006137931350023
1275006499228487681
1275006501732540417
1275006702136459265
1275007115892002816
1275007445346197504
1275007546412204032
1275007920514764801
1275008083736084487
1275008583290310656
1275008827163840512
1275008975428218880
1275009354689904640
1275009695007354880
1275009763953147906
1275010265160003584
1275010697605320710
1275011624521347072
1275011897289474048
1275012064629665792
1275012348835590144
1275012674540187648
1275012811823800326
1275012828026613761
1275012850839412737
1275013205681733634
1275013232131006470
1275013237235486720
1275013247637356545
1275013865852592128
1275014222183874561
1275014374088998912
1275014567261876227
1275014820862066688
1275014834116009990
1275014976382656514
1275015074986459136
1275015230582554624
1275015561156624390
1275015645961293826
1275016054868258816
1275016501117018118
1275016751739293697
1275016940516331523
1275017382096973827
1275017922910605313
1275017952820105219
1275018047753981953
1275018060617920518
1275018164997414914
1275018221243060225
1275019394742091783
1275019786532139008
1275019969202249733
1275019971114852352
1275020043525464064
1275020350615703553
1275021053962735619
1275021080214810628
1275021156630790145
1275021375259004928
1275021456532004864
1275021483438247936
1275021728008282116
1275022764777316355
1275022793197924353
1275022957077770240
1275023012241092608
1275023160795152388
1275023274985099265
1275023750656929793
1275023859192934400
1275024219127132163
1275024469019541509
1275024547473997825
1275024851187765260
1275025206126485512
1275025509047570433
1275025670456979456
1275025801218588675
1275026888713371648
1275026958917787649
1275027116548071427
1275027784897826816
1275028047532621824
1275028325757575170
1275028578665746433
1275028620130619393
1275028622928216064
1275029078039502848
1275029621457772545
1275029806430613504
1275030034491805698
1275030193569255425
1275030646944079875
1275031457002655744
1275032424389292037
1275032426570346496
1275032448091463680
1275032463492988929
1275032503808675840
1275032539003052032
1275032571857035272
1275033007691350018
1275033310155194368
1275033937572761601
1275034084801228801
1275034320449789953
1275034509017300995
1275034556194648065
1275034774646788096
1275034831416590337
1275034899473465345
1275035169603403781
1275035492271239172
1275035769883824134
1275035898460229633
1275035961068597249
1275036314895818752
1275036552134037508
1275036610011299840
1275036677954842625
1275036733797732352
1275036938047717377
1275037054750031872
1275037358744838144
1275037785255301120
1275037821594750982
1275037866125598721
1275038039455207424
1275038213221093377
1275038261132398593
1275038450077577217
1275038470709411840
1275038520760041472
1275038551919525888
1275038740587655168
1275039335310659585
1275039800081481728
1275039961931276288
1275040143808880641
1275040279515533317
1275040304945606656
1275040620613165057
1275040647288967171
1275040855980756995
1275041249708269574
1275041258013102082
1275041364468813825
1275041486351056899
1275041543452311552
1275041882565947393
1275042041681117185
1275042495261483009
1275042789018001408
1275042875915591680
1275043217839468546
1275043314312663041
1275043514322235393
1275043868677996546
1275043970867920898
1275044027306516481
1275044137377513472
1275044166939095040
1275044272371367937
1275044295226134528
1275044532296585216
1275044606514782213
1275044676559605760
1275044773456461827
1275045143339585537
1275045420872458240
1275045438031364096
1275046259838124040
1275046648243200001
1275046754069680128
1275046786319749120
1275046815143002112
1275047188872257539
1275047270526914560
1275047634194096129
1275047676103532544
1275048375931547649
1275048427081084928
1275048792514088963
1275048824403361792
1275048945983426560
1275048986206965760
1275049085007990786
1275049205443280897
1275049213567684608
1275049215572553728
1275049344513855488
1275049423911911426
1275049429607886849
1275049489586442241
1275049665130528769
1275049666506153986
1275049714891833344
1275049885201465346
1275050197484257280
1275050234402537473
1275050664872366081
1275051910198943744
1275052060644425728
1275052229012131840
1275052368665722882
1275052402048217088
1275052641777856518
1275053418558750721
1275053490398781440
1275053686134366208
1275054278151987201
1275055368218062849
1275055707344244737
1275055989478301696
1275056205002612740
1275056390034329600
1275056436301758464
1275056527053697025
1275056767500578816
1275057140881920000
1275057251276009477
1275057393295142913
1275057693053640707
1275058028069498880
1275058293547950081
1275058332668235776
1275058355573338117
1275058499328921602
1275058937545371650
1275059125093875713
1275059147336306688
1275059216450011136
1275059562379444224
1275059675717926914
1275059686954459138
1275060116753186816
1275060326812155910
1275060417207971840
1275060477320671232
1275060845748400128
1275060973586444289
1275061056797368320
1275061225974411264
1275061278952873984
1275061679949139969
1275061874707427329
1275062006295547904
1275062008019218432
1275062124495032320
1275062129377320961
1275062563034640396
1275062787060842496
1275063150245642241
1275063194432593927
1275063594682482688
1275063645924286464
1275063680879570944
1275063738488385541
1275063857573097473
1275063947784151044
1275064036304904193
1275064237686063110
1275064767976099840
1275065078270685187
1275065456752070657
1275065917529944067
1275066117824765957
1275066170685616129
1275066236146028552
1275066645371748352
1275066696957431809
1275067217198018560
1275067323234152448
1275067386136125443
1275067856065970177
1275067890228592642
1275067906154356738
1275068161927217167
1275068410179665920
1275068530283536385
1275068836409044992
1275068857112096771
1275068972958801920
1275069491999764481
1275069818580811778
1275069988378796034
1275070049754046464
1275070054858493952
1275070056750186503
1275070157467947010
1275070346324873218
1275070690392076288
1275070799309729796
1275070925797376001
1275070934966124544
1275071180559355904
1275071188755087367
1275071482641608705
1275071526140702727
1275071860506423301
1275072072142581769
1275072350673760261
1275072680459264002
1275072938572541953
1275073206752169987
1275073466165637126
1275073697892589570
1275074008665305095
1275074055545081858
1275074178245292035
1275074433195970564
1275074487768109058
1275074827229913088
1275075027528867841
1275075029969977348
1275075488428380160
1275076175975510016
1275076232132956160
1275076586757189634
1275077572632604687
1275077617947865088
1275078094240354311
1275078466963030018
1275078590288150530
1275078809797025795
1275079616567275523
1275079792539209730
1275079875359993856
1275080161973530630
1275080523837132800
1275080808726847489
1275080923822698496
1275081088159760389
1275081172377165826
1275081215364567041
1275081277356429312
1275081301851176960
1275081528528089096
1275081600712073217
1275081622296170496
1275081624506396676
1275081653539557376
1275081721457729537
1275081778034663424
1275081834825519104
1275081993605136385
1275082007291232257
1275082019194712064
1275082062240739328
1275082085661683715
1275082946786058242
1275083074213158912
1275083131452747782
1275083311233155073
1275083413951832065
1275083621116887041
1275083781398020096
1275083798107942912
1275083906275033089
1275084215718158337
1275084739368685570
1275084840858238978
1275084858914717696
1275085060086079488
1275085549943042054
1275085554057650182
1275086010041241602
1275086095223586818
1275086116983635971
1275086137175019520
1275086590793170945
1275086931395821568
1275087358153687041
1275087933993652227
1275088084632297473
1275088118887051266
1275088434038738944
1275088467136000008
1275088585398648841
1275088692252676096
1275088708342091776
1275088785974398976
1275089035346747393
1275089035346747393
1275089370945425408
1275089409486884864
1275089467850862592
1275089479951421441
1275089566014173184
1275089572330864641
1275090198884483073
1275090563415584773
1275090802121814017
1275090811428966402
1275091004752887808
1275091087099596800
1275091162211254277
1275091398186975239
1275091568928731138
1275091697018515457
1275091791453335553
1275091835137003521
1275091968633290753
1275091985754447874
1275092091467714560
1275092111369658369
1275092152662528002
1275092204113940480
1275092206085234688
1275092207570042881
1275092309043032065
1275092443294126080
1275092677894250496
1275092681694339079
1275092761612615682
1275092885847883776
1275093054391816195
1275093165389885441
1275093365877551105
1275094229044342785
1275094330479218688
1275094330206633984
1275094390592147457
1275094812874727424
1275095222599458816
1275095245127065601
1275095710778753024
1275095801576910849
1275095845273325570
1275095931956998145
1275096117131296768
1275097232883290114
1275097362910916609
1275097600367251456
1275097752695955457
1275097787030528002
1275097789140213761
1275097814285070339
1275097845796941824
1275098357049032704
1275098357334228992
1275098540239446016
1275098641502478338
1275098683617533954
1275098881483853825
1275099049012670466
1275099333189386240
1275099439208824833
1275099464617930753
1275099860597948416
1275099898992570371
1275100042311929862
1275100387331244032
1275100540205182978
1275100617149763584
1275100676062838787
1275100772267687936
1275100772959690753
1275101011087175680
1275101505713029120
1275101887654703105
1275102370414952448
1275102597268070405
1275103406257045505
1275103482148683778
1275103488918335489
1275103774470627335
1275104273290924033
1275104776448086016
1275104818940559360
1275104867544154112
1275105028014051331
1275105311205068800
1275105331480272898
1275105462476853250
1275105812629934080
1275105819059793923
1275106098371010560
1275106366567391232
1275106409940541441
1275106781967142921
1275106799209844736
1275106807728529409
1275107073156661249
1275107155251802113
1275107236872937478
1275107301641392128
1275107474669023236
1275107979227009025
1275108334467780608
1275108477187305472
1275108477548015617
1275108717776777216
1275109001831821312
1275109010983747584
1275109174754459649
1275109399225344004
1275109631958941698
1275109944078077954
1275110184634011653
1275111063873138688
1275111267326291971
1275111514068959232
1275111748224327688
1275111870744211456
1275112072452374530
1275112256985014273
1275112367207206912
1275112574896549888
1275112665782931456
1275112874080428032
1275113153567903744
1275113292743221248
1275113409839861761
1275113583056171010
1275113799922704385
1275113831811997698
1275114175598071809
1275114337217261568
1275114715077844992
1275114730991083525
1275114753116065797
1275114881742770176
1275115350472962052
1275115463865962497
1275115644720164864
1275116223152480256
1275116954605498368
1275117177306263557
1275117335582367744
1275118202884939776
1275118237672280064
1275118237802352640
1275118531495911429
1275118862082719745
1275119021722152961
1275119428875825159
1275119727531171842
1275120410342932480
1275120598566477824
1275120956562964482
1275121759654576128
1275122100722962436
1275122133694382080
1275122375600877569
1275122989298847747
1275123254454353921
1275123825605087233
1275123853300285447
1275124151242469376
1275124268897091591
1275124389441388544
1275124571411222529
1275124852400275457
1275124856565182465
1275125070063710208
1275125635254452227
1275125636709986309
1275125686726950915
1275125737222279169
1275126060015894529
1275126304812253184
1275127140737040385
1275127198085795841
1275127355489619969
1275127666614636544
1275127841718513666
1275128115048693761
1275128399900655616
1275128499469197313
1275128559963602946
1275129251830927360
1275129525958041605
1275129621097447425
1275129954791854080
1275129973649661953
1275130202331533313
1275130342479978498
1275130437485166593
1275130435618713601
1275130455839444992
1275130836187262977
1275131081428291586
1275131559276883970
1275131715623714816
1275132116695683073
1275132398955569152
1275132581382705152
1275132633358503936
1275132830360768517
1275132834374713355
1275133014616481792
1275133396663091206
1275133501763989505
1275133676662206465
1275133678746771461
1275133848892866560
1275134174656114688
1275134243891490821
1275134342772080640
1275134346190450688
1275134601221017603
1275134688458412033
1275135072358858753
1275135078990053376
1275135097969106944
1275135367449063424
1275135401276190720
1275135542720712705
1275135555920113664
1275135631971307521
1275135639084601344
1275135692037898241
1275135767300448256
1275135843863314438
1275135874150420482
1275136217181552640
1275136264107368449
1275136353307463682
1275136418663337985
1275136688910749697
1275136919857438723
1275136996134903808
1275138046644695041
1275138326882922499
1275138370344153088
1275138534668713984
1275138864307490816
1275138941264543745
1275139127671812098
1275139372069736448
1275139443754708992
1275139767622082561
1275139830142455808
1275140064964759552
1275140086536044544
1275140157939875841
1275140158074105861
1275140266320592901
1275140600568913920
1275140625428557827
1275140873664241665
1275141117013565448
1275141472669569026
1275141485739094018
1275141504110080000
1275141608799903744
1275141675820646400
1275141728937422853
1275141788064460801
1275141977001074688
1275142222393065472
1275142405554044934
1275142446599602176
1275142966106095616
1275143455778504708
1275143547541471232
1275143636896944128
1275143840786198529
1275144017123172353
1275144163063930880
1275144185335742465
1275144221436108802
1275144239249326080
1275144561573199873
1275144675138195458
1275144884953837568
1275145051908251650
1275145135622254592
1275145211006660609
1275145307119116290
1275145549285658625
1275145616532873216
1275145726742409218
1275146268315054085
1275146520258543616
1275146805450362880
1275146968730423297
1275147115405160449
1275147122770411521
1275147700967743489
1275147705992577024
1275148507431780355
1275148801746051072
1275148973020495874
1275149045158330369
1275149406380208129
1275149590879240194
1275149652707414016
1275149819271503872
1275150222268739587
1275150714801721348
1275150860532711430
1275151031698165763
1275151654166441985
1275151699414581248
1275151897683546115
1275152090126409728
1275152093200781312
1275152449507151873
1275152462580678663
1275153452788862976
1275153486414479360
1275153830783655937
1275153927521079300
1275154081158332416
1275154223882067968
1275154224981004288
1275154845058637831
1275155109878607873
1275155554621677569
1275155684666101762
1275155826181898243
1275156129765613573
1275156283285528576
1275156300989706243
1275156304575844363
1275156455465746432
1275156732210229248
1275156914226237442
1275157235824394242
1275157409217069165
1275158019073024000
1275158187092643850
1275158246198837249
1275158264456589321
1275158308639268865
1275158391770447874
1275158615817625601
1275158774878220290
1275158899964985345
1275159032714743809
1275159068714455040
1275159212113514497
1275159295760510983
1275159531392249858
1275159576321671171
1275159804055629826
1275160036231299078
1275160138907705344
1275160135032135680
1275160288921354241
1275161272078618624
1275161676468441090
1275161722496704512
1275162022561357825
1275162211158286346
1275162685622140934
1275162719042392069
1275162855122317314
1275162897216307215
1275163031325073408
1275163033430560771
1275163069920862209
1275163463334219788
1275163545047642114
1275163549380145152
1275163586759884806
1275163664203612161
1275163716967940097
1275164188432875525
1275164726498979840
1275164769759215618
1275164961329819648
1275165002777927680
1275165153743511552
1275165233502474242
1275165303031431170
1275165473240281088
1275165518450884608
1275165796495482880
1275165877537660928
1275166202105597954
1275166325707505666
1275166928080863237
1275167310819414018
1275167319052873728
1275167931375157248
1275168366500745217
1275168859650166784
1275169151779246082
1275169201930383360
1275169429429633024
1275169503459135491
1275169910147121152
1275169944506859527
1275170238850650114
1275170479347826696
1275171751241138176
1275171966798839811
1275172241098113026
1275172365090074626
1275172519222423553
1275173253758226435
1275173279020564480
1275173459954450435
1275173807205089281
1275174356688105472
1275174599441948675
1275174911456182273
1275175040355569664
1275175064913182721
1275175150707789824
1275175209931280393
1275175440873926656
1275175556389224451
1275175733812432898
1275175996317040641
1275176102827380737
1275176399159152647
1275176547817668608
1275176646111301633
1275176946150899715
1275177083266834433
1275177159141789698
1275177222383468544
1275177301265862656
1275177462075461634
1275177726241124352
1275177775058608129
1275177908785512451
1275177954977382402
1275178010249801730
1275178106207244289
1275178277926305793
1275179015389790208
1275179466323443712
1275179474313777155
1275179982470463494
1275180081405722624
1275180148321648644
1275180219536736257
1275180339728613377
1275180385245310982
1275180549339000833
1275180970992230400
1275181139095846914
1275181278950809608
1275181342406455296
1275181495267799048
1275181975175864322
1275182033841479680
1275182143187058688
1275182192168230912
1275182410334793728
1275182415909011457
1275182418475880450
1275182474683916290
1275182497433890822
1275182795204308992
1275183407484592130
1275183503278256128
1275183504373006336
1275184304734081024
1275184307162603520
1275184309335232512
1275184485173268482
1275184511475691536
1275184590878060544
1275184619604914177
1275185185953329154
1275185337036419073
1275185577210580993
1275185641115058177
1275185886041460736
1275187321873354753
1275187409139924992
1275187525804527618
1275187787810168833
1275187920706711554
1275187998779412480
1275188100864651266
1275188911686508547
1275189151818821633
1275189541402533893
1275189675381137411
1275189832004898816
1275189901336739841
1275189914586370048
1275190198264049672
1275190213627850753
1275191202661519362
1275191288644730881
1275191310606106624
1275191564990656512
1275191743147905024
1275192220497346560
1275192330266578949
1275192431269556226
1275193009408225282
1275193025308884992
1275193104505716737
1275193157211303936
1275193367316647936
1275193379207491586
1275193416478085120
1275193465505226776
1275193582740258816
1275193737396846594
1275193991307411456
1275194198921183239
1275194711716872192
1275194746089156613
1275195309493190657
1275195354212950024
1275195598812008448
1275195802634391559
1275195805784293376
1275195847328890880
1275196106444546051
1275196273860186113
1275196344219680768
1275196352901853190
1275196372350713857
1275196663032885251
1275196693823270912
1275196736399716353
1275196885784039425
1275197022182805506
1275197804047106048
1275197886930640897
1275198192120979464
1275199519635001344
1275199524433096704
1275199526563807232
1275199599075037189
1275199677986725888
1275199721058054149
1275199737491324932
1275199857112866831
1275199943041519617
1275200354012008451
1275200673475366915
1275201128830062592
1275201426826936322
1275201963903406080
1275201994169384960
1275202021860298753
1275202056488394757
1275202069234884609
1275202204375408641
1275202342074417152
1275202415999016960
1275202479295209473
1275202757625024513
1275202802499944448
1275203133032009730
1275203965949562881
1275204084786659337
1275204331868995587
1275204354912419845
1275205138660155392
1275205655838830592
1275205730476449794
1275205810872889345
1275205841277333504
1275206128708837379
1275206680461139969
1275206714959200259
1275206778284912651
1275207067436044293
1275207735534137344
1275208187952709632
1275208350981111809
1275208680007512064
1275209208380616704
1275209295680942081
1275209310017110016
1275209683129831424
1275209749194256384
1275209887648231426
1275210007638937601
1275210246563213312
1275210346752434176
1275210517532065794
1275210979702431744
1275210982315433985
1275211119313944584
1275211666704269313
1275211667232698368
1275212107940638723
1275212109404487680
1275212125481418753
1275212214618787840
1275212239021043713
1275212244595257344
1275212764953231360
1275213318383439875
1275213418757226498
1275213704842395650
1275213707610673152
1275213876389429248
1275214501718024192
1275214588888391680
1275214614884749318
1275214627404525568
1275214836067155968
1275215054460215296
1275215469948125184
1275215545378504706
1275215569629962241
1275215625695178753
1275216000569364480
1275216108820353024
1275216170141077505
1275216578582319105
1275216796665159683
1275217604249096192
1275217756804259840
1275218427733594114
1275218851836440576
1275219062910586882
1275219163838103555
1275219261653475329
1275219391987306497
1275219502213533701
1275219577258094593
1275219992791994370
1275220406048153601
1275220499510046721
1275220590174048256
1275220752762109953
1275221215569944576
1275221421367623680
1275222104334569472
1275222218054696961
1275222227332595713
1275222550147067904
1275222739071139840
1275222822542082048
1275222837763203072
1275223030923493376
1275223295248474113
1275223800896946176
1275223878969839617
1275223981453447169
1275225142319169537
1275225171922690050
1275225475716087809
1275226205042601984
1275226575907123200
1275226938102165510
1275226944464777216
1275227161180372992
1275227182089076736
1275227913785352193
1275228077564530694
1275228091703455744
1275228615714668544
1275229203756089344
1275229211536568321
1275229340792307712
1275229781454467073
1275230857603801088
1275230893825810432
1275230944492875776
1275231178606415872
1275231482613608448
1275232021225172992
1275232147293552645
1275232216638009345
1275232418333708288
1275232724769550336
1275232792041881600
1275233182145744896
1275233211124236288
1275233745256103937
1275233975192227841
1275234008625012736
1275236569029529600
1275236571374071819
1275236774562889728
1275236966360113155
1275237262226153474
1275237411933622272
1275237984447729674
1275238471670599681
1275238616177000448
1275238699668844545
1275238738675859456
1275239133909323787
1275239542006493184
1275239778561253376
1275239787759194112
1275240503085334528
1275241294483333121
1275241565619982337
1275241696574439424
1275241733639593984
1275241936874622976
1275242276978135047
1275242333454438412
1275242549419048960
1275242623494770692
1275242692293820418
1275243963201568768
1275244058902966272
1275244132227825664
1275244197130440706
1275244317930516480
1275244321579479040
1275244322313519105
1275244323487899648
1275244365263319040
1275244560927596545
1275244718037905410
1275244729500930049
1275244813173096449
1275244986125168646
1275245166308265985
1275245353575559169
1275245360231985152
1275245374958186502
1275245451319685120
1275245778408296448
1275245873115680768
1275246101457776641
1275246520506429440
1275246632125284353
1275246708969091074
1275246788891627520
1275248043105964033
1275248572074729472
1275249238126010368
1275249351758163969
1275249500689498112
1275249846673215488
1275249853249937408
1275249920434413568
1275250537080946690
1275251203602079747
1275252015011180550
1275252234348044289
1275252624065875968
1275252775845314560
1275253491120967681
1275254088272433153
1275254110837772291
1275254501541380097
1275254594768166913
1275254696819687427
1275254838184554497
1275255082229985282
1275255194998145025
1275255209871228930
1275255754686181376
1275255759970930688
1275256008085045248
1275256366970679296
1275257360831913989
1275257633822441472
1275257636976390144
1275257852874100736
1275258170248749056
1275258219787665408
1275258447186067456
1275258760114720769
1275258792872153094
1275259169377882113
1275259598933557248
1275259674879811585
1275259868857774082
1275260761233936386
1275260947620409345
1275261073898328064
1275261143586488320
1275261301166653442
1275261441021546499
1275261688493813760
1275261723948220417
1275261905578405888
1275262490302169090
1275263015999373312
1275263067513925637
1275263208048275458
1275263272091090945
1275263649842638848
1275263680838545408
1275263735024803840
1275264099736305666
1275264400723714048
1275264408244060167
1275264918695096320
1275265261755674625
1275265478974464001
1275265513032224768
1275265927999873028
1275266127787110402
1275266335933685761
1275266381785829381
1275266592356605952
1275266841485512704
1275267086324031491
1275267339454472199
1275267401437728769
1275267671186120704
1275267841814441984
1275267964435140610
1275268672890777600
1275268864302080000
1275268910485590017
1275269791180378114
1275269962219827201
1275270461451112449
1275270522998267904
1275270680800563201
1275270699247165440
1275270849445220352
1275271334956859392
1275271474551623681
1275271549038268416
1275271633956151298
1275272160102305792
1275272891379171328
1275273397258215426
1275273422772203521
1275273453285801984
1275273668399112193
1275273817900945408
1275273901883289600
1275274747807498240
1275275044210585602
1275275896807723009
1275275906764898304
1275276555871293442
1275276597646577673
1275276618232139776
1275276647567106050
1275276810838773760
1275277052065861632
1275277643844370433
1275277653596045314
1275277961634164736
1275277977471909889
1275278252886626304
1275278406884573186
1275278941276815360
1275279314456653824
1275279435256774658
1275280358548930560
1275280441294106624
1275280802276933636
1275280845402705922
1275280851924901888
1275282013042466818
1275282366672625665
1275282692209139712
1275283157592543232
