1273834654773084160
1273834716085567488
1273835002388766721
1273835342756483073
1273835413963243520
1273835759645196288
1273836156627582976
1273836345803358208
1273836574548078592
1273836736053903360
1273836915964469250
1273836995047981064
1273837897523900416
1273838234250948613
1273838521883807749
1273838909651288066
1273839464113147904
1273840123118051328
1273840192269369344
1273840193766690816
1273840194861457408
1273840519420968961
1273841071974256640
1273841074050527232
1273841502314205190
1273841574175059969
1273841576314195973
1273841577442422786
1273841816736055297
1273842590669066241
1273843016546033665
1273843059210543105
1273843281684762626
1273843332754497536
1273844283066499079
1273844723283890176
1273844749036859393
1273844770675269632
1273845419110514689
1273845674359087104
1273845687361339393
1273845773466324993
1273845879624151040
1273846353190424577
1273846863414865920
1273847082579828736
1273847249525714944
1273847661913878530
1273848244217483264
1273848400715358208
1273848853641531392
1273849006955933697
1273849114455937025
1273849650051600385
1273850119734034432
1273850162536988672
1273850596009926656
1273851117303103489
1273851304805388288
1273851909959540736
1273852268186484736
1273852605698015233
1273852946988576769
1273853248580079618
1273853655725244416
1273854155468070914
1273854736849084417
1273855167897587712
1273855168950333440
1273855194174980101
1273855841842708480
1273855851284103170
1273856050735640578
1273856052446949376
1273856053927534599
1273856377056878592
1273856554073112576
1273856557290098688
1273856577657806848
1273856620707975170
1273857679568535552
1273857799773130752
1273857854676635663
1273858066400923654
1273858613724024833
1273858819840307205
1273859055992348672
1273859077983145984
1273859127245254656
1273859166671699968
1273859197856342017
1273859473824677888
1273859663738679296
1273860398920486913
1273861755798802433
1273862527227703297
1273862875694731264
1273862952639217664
1273862986004922370
1273863231191293953
1273863392839827456
1273864143871885319
1273864248540770305
1273864249702580224
1273864411472592896
1273864657091153920
1273864894341881856
1273865218519678976
1273865525689413637
1273866314822672385
1273866382455779329
1273866461379952642
1273866932048015360
1273866941053222914
1273867095902760960
1273867245509210112
1273867776248201217
1273867826391121920
1273868174014980096
1273868981858942976
1273869172603326464
1273869222674927616
1273869647255941121
1273869922783973386
1273870114040033283
1273870114040033283
1273870252321968128
1273870382295142400
1273870391937609728
1273870808683819009
1273870897791684608
1273870964347097088
1273871274314326018
1273871277321629702
1273871744873500672
1273872668769615874
1273872736981528577
1273872939021144065
1273873087533133824
1273873375631478785
1273873600123211777
1273873796072603648
1273873900431200258
1273874261938188288
1273874442490392576
1273874468147007489
1273874655229681664
1273874679661572096
1273874816186146817
1273874829712687106
1273875040174346245
1273875101310758912
1273875749456482304
1273875913328013312
1273877414750425090
1273877580517605376
1273878533606125569
1273878708894474240
1273878722052046855
1273879449675628544
1273880554061074432
1273881492624748546
1273881511201308672
1273881720652169216
1273881794287472645
1273882043051642880
1273882072768266240
1273882225679966208
1273883100347432962
1273883315947425793
1273883851148820480
1273884269371363330
1273884684771082241
1273884688579465216
1273884828174336000
1273885182022598656
1273885237001388032
1273885324603805696
1273885449480744960
1273885521199140864
1273885802360119296
1273885867388465153
1273885868432875520
1273885980496363521
1273885981100441600
1273886243734974464
1273886246511579136
1273886366124830720
1273886383250292736
1273886429815418880
1273886496525860864
1273886712729677824
1273886765187764224
1273886979357376512
1273887003361398784
1273887274741235713
1273887663708405761
1273887960409276416
1273888125979365376
1273888294590468096
1273888541840457728
1273888604515897344
1273888932741120001
1273889766543630336
1273889833090506753
1273890230127509504
1273890287249580032
1273890397220212736
1273890691006029824
1273890887601475585
1273891344121987078
1273891438149976066
1273891911615623168
1273892017404284929
1273892148061057028
1273892628275302403
1273892778582388742
1273893065133109248
1273893084686925824
1273893156501827584
1273893614524010498
1273893690541518849
1273893735395471360
1273893894602870787
1273894751448764416
1273894777361182720
1273895414345973761
1273895557677772801
1273896201155379205
1273896714114666497
1273896735547576320
1273897043191386114
1273897568842526720
1273897757045112832
1273897838888411137
1273897887295049729
1273898074910449666
1273898092316811265
1273898123279073280
1273898989881081856
1273899013415342080
1273899395604533249
1273899483974246403
1273899895506833410
1273900509972267009
1273900572752691205
1273900629669425152
1273900699844333568
1273901086789820416
1273901102610518016
1273901106796482560
1273901108008640513
1273901614319964160
1273901979262242816
1273902123693072384
1273902242823880705
1273902273555566593
1273902890617319433
1273903482756493313
1273903484136386560
1273903985888378881
1273903987046006789
1273903988425945089
1273904284552364032
1273904368392089602
1273904368555667458
1273904369423929345
1273904397437804550
1273905220473556992
1273905421024198657
1273905768060813319
1273905857814827017
1273906409743298568
1273907595561119745
1273907704327700485
1273907739752828931
1273908891915554816
1273909050326032384
1273909106328383488
1273910266389057538
1273910522912673797
1273910664751280128
1273910666965864449
1273910668945534978
1273910895782113280
1273911041899012097
1273911772060307456
1273911798564077568
1273911954764070915
1273912127561048073
1273912290614448128
1273912427231444993
1273912565924540417
1273912844116013056
1273912994112647169
1273913076442685441
1273913694397874177
1273913865592545281
1273913946102280193
1273914210985050114
1273914323270860800
1273914380657348610
1273914382360039424
1273915309645344769
1273915814404427777
1273916065706176512
1273916068222787587
1273916069237805056
1273916097432084480
1273916596373925891
1273916968102494209
1273917177834483715
1273917299368628230
1273917940061155328
1273918051323445248
1273918589943283713
1273918597300133889
1273919030341009408
1273919147236360195
1273919156669370368
1273919311678263296
1273919433686253569
1273919577647439876
1273919613345116161
1273919733402939393
1273919990564036608
1273920185041408000
1273920211603935232
1273920302620258305
1273920414767616006
1273920444748480513
1273920655801663494
1273920723552096256
1273920919434641409
1273921021519724544
1273921475276308483
1273921678888914945
1273921738519334913
1273921808409022465
1273922352234053632
1273922444810694662
1273923307906256896
1273923612735688706
1273923869808697344
1273923900800487430
1273924103049797633
1273924127561302017
1273924289205592065
1273924360466837504
1273924484014227459
1273924590339792904
1273924769667330048
1273925252528123911
1273925319230136320
1273925833086906369
1273925878133796865
1273926568587509764
1273926749508730882
1273926766130802689
1273926874553618432
1273927007659790343
1273927739419045888
1273927959615807489
1273928180185915392
1273928186108280833
1273928627852390402
1273928634391199749
1273929085937430534
1273929156221435905
1273929171249627136
1273929381019353094
1273929441677320192
1273929544081301504
1273929754899603456
1273929905697255424
1273929974353997826
1273930002816524288
1273930286712020992
1273930291569188865
1273930541298069509
1273930662689431552
1273930663767359488
1273930718276734978
1273930779207389185
1273930952654204928
1273932104267636738
1273932110450089984
1273932189982392320
1273932373923639296
1273932381997666304
1273932467553132544
1273932758402904064
1273932972970967041
1273932990788145152
1273933601122508800
1273933672819970048
1273933768743583744
1273934112596901888
1273934203848200197
1273935078624722945
1273935782873612288
1273936074667167750
1273936322994921472
1273936404750401537
1273937190796607488
1273937208941166593
1273937333432320001
1273937377426317317
1273937520791900161
1273937688521961473
1273938015354839040
1273938400312209408
1273938431756902404
1273938456947970048
1273938798955712518
1273939010356944896
1273939323566600192
1273939606174662656
1273940045452529666
1273940881750601731
1273940956522311681
1273941110662955009
1273941112252579845
1273941196461703173
1273941249712586755
1273941346156511236
1273941414804631552
1273941476850970626
1273941645298458625
1273941686809493505
1273941762671861761
1273941922126671872
1273942218668195840
1273942450164424704
1273942470003433472
1273942810484527105
1273942864544710657
1273942994052247553
1273943317802295296
1273943360689102850
1273943670610329605
1273944037221961728
1273944377862348800
1273944524059029504
1273944529159229440
1273944587401338880
1273944801545682945
1273945380602777600
1273945385782751232
1273945387733094400
1273945795247648768
1273946016786644993
1273946234655510528
1273946250103205889
1273946385226711041
1273946893521911809
1273946906343940096
1273947172942286848
1273947363112030210
1273947367973302272
1273947407160672256
1273947421865840642
1273947521279307776
1273947821369065478
1273947918987337729
1273948026332221442
1273948074386259969
1273948305651884032
1273948946646339586
1273949087516295168
1273949322128826369
1273949359000956931
1273949464814850049
1273949837461983234
1273950112507670536
1273950152919855105
1273950198126063617
1273950292426592256
1273950926315778050
1273950946016534528
1273951238225346563
1273951407796817921
1273951522230095883
1273951533626011649
1273951701913960449
1273951879047688193
1273951951777157120
1273952305700716544
1273952487691649026
1273952992673357825
1273953136839983104
1273953382743576577
1273953643163717633
1273953658703667202
1273954291397640194
1273954379498913797
1273954408167100417
1273954495744151552
1273954690523414533
1273954840868159490
1273955040160559105
1273955311443947521
1273956273747374083
1273956356584660994
1273956597618933762
1273956619391504385
1273956723410288641
1273957422244257797
1273957715367170049
1273957763912216581
1273958215957352449
1273958311948419072
1273958596884279296
1273958955035787264
1273959774418239488
1273959980807458819
1273960032007262208
1273960507536551939
1273960743981981696
1273960864727646208
1273961023670714368
1273961065756450817
1273961364088696835
1273961364562665472
1273961377561038849
1273961862955180032
1273961975580692480
1273962056249737217
1273962126424576001
1273962416397836288
1273962994209296386
1273963108218875909
1273963116687212546
1273963455557570561
1273963492828160000
1273963878733484032
1273963929446875144
1273963953765462016
1273964175996444672
1273964317499514881
1273964674183311360
1273964884326318080
1273964930845286400
1273965946328059905
1273966288138833920
1273966525154840578
1273966547997020160
1273966567366238208
1273966572617584640
1273966575750651907
1273966638879162368
1273966901111259136
1273966932958613506
1273967396253032448
1273967550083334144
1273967565790834691
1273967888081223682
1273967962941161474
1273968018046017537
1273968796894744577
1273970063452799025
1273970165349261318
1273970806406684674
1273970951508631553
1273970997629202433
1273971059340034049
1273971172439478274
1273971226747207681
1273971418343124993
1273971553877864452
1273971749537931266
1273971766881386496
1273972062025998337
1273972108876492801
1273972527887335429
1273972682275651586
1273972751955570691
1273973180592521217
1273973565109362688
1273973615659270146
1273973620654714880
1273973926713004034
1273973985064222721
1273974119575498753
1273974235573207051
1273974245316530176
1273974516675461121
1273974572975620100
1273974948848173058
1273975204956553216
1273975234664763397
1273975330827653131
1273975517583114240
1273975575665836033
1273975707857645568
1273975709032042497
1273975779127373824
1273975853639221249
1273976046585511937
1273976162784546816
1273976207873159170
1273976210658217984
1273976216337428480
1273976337464799233
1273976762582601728
1273976953385648136
1273977188417667075
1273977219061354500
1273977480387452933
1273977580413222913
1273977633710186496
1273977794771464194
1273978148103827456
1273978241733349377
1273978465449062401
1273978523317919744
1273978858291834881
1273978900335464448
1273979094443663361
1273979118422577153
1273979149628170240
1273979428054249472
1273979568261599233
1273979706229043202
1273980123923054592
1273980376277553153
1273980426269450241
1273980717329010689
1273980956693725186
1273981065674264577
1273981149832871937
1273981500409683969
1273981527005769728
1273981760305541120
1273981796108120064
1273982027247869953
1273982319314034689
1273982440160231424
1273982534565625857
1273982567038017538
1273982573824401409
1273982747921584128
1273982747179134976
1273982806071394304
1273982853152485379
1273983434684235776
1273983536060600321
1273983598895534081
1273983653824139266
1273983731842330625
1273983803577585664
1273983847605121029
1273983909714374656
1273983947421220864
1273984425274093568
1273984477241491456
1273985222791528448
1273985293582991361
1273985717186723840
1273985794059968512
1273985812707913730
1273986241193803778
1273986469057757189
1273986490234699777
1273986491644088320
1273986579850297344
1273986669520306176
1273986919546970120
1273986935627960320
1273987419650641920
1273988863845941248
1273989183829409792
1273989986606612482
1273990059054768128
1273990228294975491
1273990236373241856
1273990251883757568
1273990322087919616
1273990432700215299
1273990484273303553
1273990501016965122
1273990555551150083
1273990794316300288
1273991056481124353
1273991056493875202
1273991142347063298
1273991295145566209
1273991547260932096
1273991560363900934
1273991595705225216
1273991848495808515
1273991909296549889
1273991999063023619
1273992080868638720
1273992091807465475
1273992255565684738
1273992645149417472
1273992802540695560
1273992880101756929
1273992905598926848
1273993491006099457
1273993511302553601
1273993601144492036
1273994009879470083
1273994142721376256
1273994613683040256
1273994648298668033
1273994665310793728
1273994724853133312
1273994731236843520
1273994817832353793
1273995233118871552
1273995406150639619
1273995868811735041
1273996079403499522
1273996189302693888
1273996223230251008
1273996890619744262
1273997020487974914
1273997125995675648
1273997199857328130
1273997468628377600
1273997582709202944
1273997715240890368
1273997773965230081
1273997792462213120
1273997814285004800
1273998216262975489
1273998224102232064
1273998225310130183
1273998370663739397
1273998449155989510
1273998472417591298
1273998785946046464
1273998990087008258
1273999037784567810
1273999137139195904
1273999156613349376
1273999185755418624
1273999281477881859
1273999386310324229
1273999545433763840
1273999662693978113
1273999925630636035
1274000005444112385
1274000106296160257
1274000188798128133
1274000424576544769
1274000636829413377
1274000990010781697
1274000996453298181
1274001062001889286
1274001126925332484
1274001169594101761
1274001295486193664
1274001578198994947
1274002099924279298
1274002129678733315
1274002475843018753
1274002830936981504
1274002942454935552
1274003408404570114
1274003604458872832
1274003642974998528
1274003884202242050
1274004099445424130
1274004204022104064
1274004275505610752
1274004436873068544
1274004540308615170
1274004909957005312
1274005083257257989
1274005113783193600
1274005297896607745
1274005534153162752
1274005535163944960
1274005694405062657
1274005967626285057
1274006315954851840
1274006671870832640
1274006952918605825
1274007147035217920
1274007229734309888
1274007371849875457
1274007501638336513
1274007572887015426
1274008150505664518
1274008270538186752
1274008339463241728
1274008596183908353
1274008991341989888
1274009187819929605
1274009482088058881
1274009528862937091
1274009570810171393
1274010630039785476
1274010810667413507
1274010853319344128
1274010981967056899
1274011038116122626
1274011440966443013
1274011775621566470
1274012356415311872
1274012408181293057
1274012649789980674
1274013130075619329
1274013144982204416
1274013190830133251
1274013417997774848
1274013681744064513
1274013767433629703
1274014070669180928
1274014428200083459
1274014468608086016
1274014543920988162
1274014646832414721
1274014652498837504
1274014656240246786
1274014682639187969
1274014701228343299
1274014855830388751
1274014951074598913
1274015265471291393
1274016139555811331
1274016150855319554
1274016340886663177
1274016620965486596
1274016790746628096
1274017220763451393
1274017280339382277
1274017441769816064
1274017605993598976
1274017878497546240
1274018394434678786
1274018445793857545
1274018457072402432
1274018658075975680
1274018735662272512
1274018743404957696
1274018803270246401
1274018832789757952
1274018872618778626
1274018878872567808
1274018939501150209
1274018939694198784
1274018972363485188
1274019005439803393
1274019037945704448
1274019072796213248
1274019166551511042
1274019351339900936
1274019460790321152
1274019972637958144
1274020077587890178
1274020130733928449
1274020457113686017
1274020540060237824
1274020759040454656
1274021187224510464
1274021408864165888
1274021482235072512
1274021579098292226
1274021580792872961
1274021725848711168
1274021766021607425
1274021926726520836
1274022034285236225
1274022078543347718
1274022088290992128
1274022435709431808
1274022665246957571
1274022839000207361
1274023071293243397
1274023263237177344
1274023700891869185
1274023730092691456
1274023863521890304
1274023881582542848
1274024217173012485
1274024357384409088
1274024416259837962
1274024524846153731
1274024539920482306
1274024720648876034
1274024775917109253
1274025025927098376
1274025240994082818
1274025671623430146
1274025858248986624
1274025966218678273
1274026010619641856
1274026106950205440
1274026117180129281
1274026175786962944
1274026705083129857
1274026863124533249
1274027432664850434
1274027528735404033
1274027726622638082
1274027729592045568
1274027836056240128
1274027954473967618
1274028116097335296
1274028284653842439
1274028330749243402
1274028482700496897
1274028510609367040
1274028575830794242
1274028716805492744
1274028819259830273
1274028890164473857
1274029069848494080
1274029350107611136
1274029496862212097
1274029663199821827
1274029768837672961
1274029875037384704
1274029948467109888
1274030007489306624
1274030075646742529
1274030562978791424
1274030595996356616
1274030764494139393
1274030873273393152
1274030969541079041
1274031165188509699
1274031312630931456
1274031461092528128
1274031634787041280
1274031689895944193
1274031931798294529
1274032510410907648
1274032553410867205
1274032671530913793
1274032722353238016
1274032822622314501
1274032961696997384
1274033289964261376
1274033404762370054
1274033455375024131
1274033572299657221
1274033621117132801
1274033850075746304
1274034124429426691
1274034188744896512
1274034574042050561
1274035218861699072
1274035356409769984
1274035360553730048
1274035462664003584
1274035855737274368
1274035856882335745
1274035861433339906
1274036092220706817
1274036368486924289
1274036450841985025
1274036611399868417
1274036615183314949
1274036766471860233
1274036816581181440
1274036887452372992
1274037084970459137
1274037361677123584
1274037494368083969
1274037500277936132
1274037616522997803
1274037850695221250
1274037936925917185
1274037992793927680
1274038706861740034
1274038998214770688
1274039202078957569
1274039204012572675
1274039378927591425
1274039864313483270
1274039926988947461
1274039978335571969
1274040372205948930
1274040540774961152
1274040739740233730
1274040754357313544
1274040860779429890
1274041075779489792
1274041669512564737
1274041685861900289
1274041744544468993
1274042087269371912
1274042190508044288
1274042274050199559
1274042277527277570
1274042303557009418
1274042454073905157
1274042458473668608
1274042499892420611
1274042531530051584
1274042996703494144
1274043177259982848
1274043189834518534
1274043343824138243
1274043405761470464
1274043460635549697
1274043571960721408
1274043581775392768
1274043739422568458
1274043959073964032
1274044032721788930
1274044240008482818
1274044254071992320
1274044316340682752
1274044542363156480
1274044563980783617
1274044599405883395
1274044685049303041
1274044766813138945
1274044876968136707
1274045423448178689
1274045695801077760
1274045865754275841
1274046054418141184
1274046056477556736
1274046057555521537
1274046122114179072
1274046255229001734
1274046434309005317
1274047168102490112
1274047468209164290
1274048206041686019
1274048266053791746
1274048274517962760
1274048514864054274
1274048593209540614
1274048886282346499
1274049456745439237
1274049536286232576
1274049667978928129
1274049922359160834
1274050320478461953
1274050474149322752
1274050525630287872
1274050703481167872
1274050816165412864
1274050980129255424
1274051071711875072
1274051088103006208
1274051185385840641
1274051249495855104
1274051328038318084
1274051492224413696
1274051579444776960
1274051873167880197
1274051885218050050
1274052549855916033
1274052841519398917
1274053264003260417
1274053438020767744
1274053821216575495
1274053853831446533
1274053942050160641
1274053979400540161
1274054029140725762
1274054360201396224
1274054938482610179
1274055079415500802
1274055107835985921
1274055625006297088
1274055687446896640
1274055743487070209
1274056596612689923
1274056903505711104
1274057203738193922
1274057253985845248
1274057263754461184
1274057316686598145
1274057337494556679
1274057395988099072
1274057627643887617
1274057744841146369
1274057985065717763
1274058388486402048
1274058421516500998
1274058834491957254
1274059348977778695
1274059487649976322
1274059496013336578
1274059658219720706
1274059817783525376
1274059821369765891
1274059911014596608
1274060029235277830
1274060049565069312
1274060058511527936
1274060087502536704
1274060150081490944
1274060235238506496
1274060309502873605
1274060503334236161
1274060668895924230
1274060884273516547
1274061212540682246
1274061400122560512
1274061403939319809
1274061566086955009
1274061658076241920
1274061997588516865
1274062144053678081
1274062282939666432
1274062399729999874
1274062534845267968
1274062580647104512
1274062773736046599
1274062787803824128
1274062860805693441
1274062909232918528
1274063667974283264
1274063922459361280
1274063952142622733
1274064345006313477
1274064379353477121
1274064769624965122
1274064888235728896
1274065120214364165
1274065262111870976
1274065508023877635
1274065650043031552
1274065941270343681
1274066315456757760
1274066548840374273
1274066612757413889
1274066724896280578
1274066763643314182
1274066897798119424
1274067388032565248
1274067422056796160
1274067597957500929
1274067946210541577
1274067983451766784
1274068001059483648
1274068021376622593
1274068095745875968
1274068762610864136
1274068843930017799
1274068968039383043
1274069036654100481
1274069074843181056
1274069323624206348
1274069323821264902
1274069367618072576
1274069412216295431
1274069431501705216
1274069574602952705
1274069644278718466
1274069760603574273
1274069983874682881
1274070238418669572
1274070255510474753
1274070264792432640
1274070489481256962
1274070648323702784
1274070960648466434
1274071004554432515
1274071065757511680
1274071295953719296
1274071344762609664
1274071403151712257
1274071438371229697
1274071841829605376
1274071954769817601
1274071967973478401
1274072047291789312
1274072047568683009
1274072097153662976
1274072287738834946
1274072480722944001
1274072535760375809
1274072682687008770
1274073345261285377
1274073370041163777
1274073504871329792
1274073573292941312
1274073907251818497
1274073959303176193
1274074085157453824
1274074266636627968
1274074483494543360
1274074537076850688
1274074594828333056
1274074756153839616
1274074832305561600
1274075389749604354
1274075964624994304
1274076206355361798
1274077160546930688
1274077585287380993
1274077653147025409
1274077786660130816
1274078210121256963
1274078301284433922
1274078302035197952
1274078515529502721
1274078565420728321
1274078586257977344
1274078608945012738
1274078767707635713
1274078855914049537
1274078875082018816
1274079128673804289
1274079405112000513
1274079559340773376
1274079644933926912
1274079929978798085
1274080399430426625
1274080567995379718
1274080783712518144
1274080876100489216
1274080901572395009
1274081021630320646
1274081085517955074
1274081090446204929
1274081171509575680
1274081287381401603
1274081370957131778
1274081535709212672
1274081557683240961
1274081665254592513
1274081976182550532
1274082494917287937
1274082756369186823
1274082860220252169
1274082966541647874
1274083039786778625
1274083163518537728
1274083261216698370
1274083369198989318
1274083530419720197
1274083700851060739
1274083977796689920
1274084075704287232
1274084560683311107
1274084849758986246
1274084976502374400
1274085161722884097
1274085301737140226
1274085310691864576
1274085625298325506
1274085916089430016
1274085957193564161
1274086060868263937
1274086501912100864
1274086524682895360
1274086589317238787
1274086608149643266
1274086668396527616
1274086670976135174
1274086687723999232
1274086806384979968
1274086889667133443
1274087027345174530
1274087080742789127
1274087357248147456
1274087451229859842
1274087473010876418
1274087583190941696
1274087942399700993
1274088039388717056
1274088430192951300
1274088648456060928
1274088779884593152
1274089009011134465
1274089060353683461
1274089295511523334
1274089309759553536
1274089343666266114
1274089353913028609
1274089391066144775
1274089956441575427
1274090225397104648
1274090360789176320
1274090487943696385
1274090664498790404
1274091034155397123
1274091103755464705
1274091108063035392
1274091583680516099
1274091878565261316
1274091891856945154
1274092295193866241
1274092464568184843
1274092583225044994
1274092980849131521
1274093037233340417
1274093038818770947
1274093162009681921
1274093253000912897
1274093346676498432
1274093384999763969
1274093397683421184
1274093513689518082
1274093658598510592
1274093717285007360
1274093834037854208
1274093896679788544
1274094385085460481
1274094683048882176
1274094921042071553
1274094922648424448
1274094983520411649
1274095220964110338
1274095552339329029
1274095908637024256
1274096135796219904
1274096134672154624
1274096334631514112
1274096533760335880
1274096585094377475
1274096638395469824
1274096806045945856
1274097942589247490
1274098297842675718
1274098321360138244
1274098369145651200
1274098496212090880
1274098828506017793
1274098835665702913
1274099295436840961
1274099357248131072
1274099761373683717
1274099791379619840
1274099820286873601
1274099911596834823
1274100103712854017
1274100244049915904
1274100546144800768
1274100778853117952
1274100872923041792
1274101099981688832
1274101858609618944
1274102014281203718
1274102122297143298
1274102742622130177
1274102954866458625
1274103203890675713
1274103241505222658
1274103341572927503
1274103451564244992
1274103681881907200
1274103814682017798
1274104242475798528
1274104292761374726
1274104313078480899
1274104722916548609
1274104775982931971
1274104978790064128
1274105125125136385
1274105153214468097
1274105988040318982
1274105998735814656
1274106139542683648
1274106471014334464
1274106616225435650
1274106911844184064
1274107100516487168
1274107575781351424
1274108334501588992
1274108366617542656
1274108396581597185
1274108799624916997
1274108856151482368
1274109241163501569
1274109621603631106
1274109724724736001
1274110525736128512
1274110868826046464
1274110934798274562
1274110976435146752
1274110983359905792
1274111231687720960
1274111232698540032
1274111316450402306
1274112190073769986
1274112227294040064
1274112293429747714
1274112352707698688
1274112380881043463
1274112662088097793
1274112675992215555
1274112914186735616
1274113788682395648
1274114072276078592
1274114130568450048
1274114147316269058
1274114184196882432
1274114363834671111
1274114759520968704
1274115016694906883
1274115040044560385
1274115110387298306
1274116173509074951
1274116263346933761
1274116770509586432
1274116935899283459
1274117073929715723
1274117153021743106
1274117195312873472
1274117379736420353
1274117958382518272
1274118097667084288
1274118171470049280
1274118479310962688
1274118757145862144
1274118951006593025
1274119170515521536
1274119419535536129
1274119442889273344
1274119989684043777
1274120040871165954
1274120183339196418
1274120228276965376
1274120309654917121
1274120485543063552
1274120753676464129
1274120785095950336
1274120826900660224
1274120887936192516
1274121153070718977
1274121478154436610
1274121527714349056
1274121567677579270
1274122483994710016
1274122576206405632
1274122754015494144
1274122891660013569
1274123108333617157
1274123468422946816
1274123580649824256
1274124145572360193
1274125262087696390
1274125663709147142
1274125868940615682
1274125918240485378
1274125971331977218
1274126091792158720
1274126093448916994
1274126412610494465
1274126693716852737
1274126799673401344
1274126828546879489
1274127456593575938
1274127527775219714
1274127577708462080
1274128107360980993
1274128226982473728
1274129326603206659
1274129719412359168
1274130490245742593
1274130518662156288
1274130565135044609
1274130718159929352
1274131131286380546
1274131258755420161
1274131548661583874
1274131606178070528
1274131663639937025
1274131719902420992
1274131774961000458
1274132166260125696
1274132372691304455
1274132434544660480
1274132677030023172
1274133092173787136
1274133168191344641
1274133684476657664
1274134067508846592
1274134132436733954
1274134241798950919
1274134404810575874
1274134591880790016
1274134961679990787
1274135019829833728
1274135050708291584
1274135208032428034
1274135637117956096
1274135683544813570
1274135859244134400
1274135929570156544
1274136119735734275
1274136632577400832
1274137066981515265
1274137569844957187
1274137623959949320
1274137741312225280
1274137957901971463
1274138014277611525
1274138041570021379
1274138157332783105
1274138220213698560
1274138402644987911
1274138563588706304
1274138781789163521
1274138835832766466
1274138872306425856
1274138896499163139
1274139024542830593
1274139184626876418
1274139226301497344
1274139514953441281
1274139918328115203
1274140139778949121
1274140163317420033
1274140858087100417
1274140872242839553
1274140973283577857
1274141030548455424
1274141181635485696
1274141182885457920
1274141184114352129
1274141289269862402
1274141333813329920
1274141684876611585
1274142484856213510
1274143086709542912
1274144065647341568
1274144107263385602
1274144786954326018
1274144918081024000
1274145124210049024
1274145260088811520
1274145726789009413
1274145752709726208
1274145981098004480
1274146014304370698
1274146144126251008
1274146672289947649
1274147194900287490
1274147339868024832
1274147781041676288
1274148084897984517
1274148288665698304
1274148651426877441
1274149326302990337
1274149355268837376
1274149975425875968
1274150850135568386
1274151539326750727
1274151672579751940
1274151855170428930
1274152281064321032
1274152291613003778
1274152323678449664
1274152750813794304
1274152840009781248
1274153078997028865
1274153104997564416
1274153391409836032
1274153504123338752
1274153603880685571
1274153937889886209
1274154440614969346
1274155054514294789
1274155302997409792
1274155372081745920
1274155574259789829
1274155664311496709
1274155753872424961
1274155863188606976
1274156055203926019
1274156147432448001
1274156147507736576
1274156148862578690
1274156405084295175
1274156762636193793
1274157139557339136
1274157413541781504
1274157427366264833
1274157697185787910
1274157967043108865
1274158376914690048
1274159180912476160
1274159187967315968
1274159285103218693
1274159502816956417
1274159569774751744
1274160308660174853
1274160514130731008
1274160959574196225
1274161056110305281
1274162168422977536
1274162449130848257
1274162695558836225
1274162802056474624
1274162915134840832
1274163142155735040
1274163515155251200
1274163777819246597
1274165449031385088
1274165660269109248
1274165664127819776
1274165737255571456
1274165872295280641
1274165916788555776
1274166038884737024
1274166182069907461
1274166734396829703
1274166806735970305
1274166975493820419
1274167033232588800
1274167454261030914
1274168682017677313
1274168962767622144
1274168993558003713
1274169256440102915
1274169282616872962
1274169389617745921
1274169414590648320
1274170529121959938
1274170718197071874
1274170770902654976
1274171126663376897
1274171374647554048
1274171757965070339
1274171819126403072
1274172481121771521
1274172581311119362
1274172832256266240
1274173331089035264
1274173543056658433
1274173838842945536
1274173977724882944
1274174069798244352
1274174194310352896
1274174346349723661
1274174348069343233
1274174385721675784
1274174442231476225
1274174576855904257
1274175038015655938
1274175232987848710
1274175397899296768
1274175804361125888
1274176018111246337
1274176352414031873
1274176760234508295
1274176901016424448
1274177198321283073
1274177272015134727
1274177947671433217
1274178308557635587
1274178403453861891
1274178489604866048
1274178562610868226
1274178793058504706
1274179217203363841
1274179382081355779
1274179382693814272
1274179798550618113
1274180187966582785
1274180621741457411
1274180791128522753
1274181098390671360
1274181102547144705
1274181362405257216
1274181363235803136
1274181434232750081
1274181550993739776
1274181671118667776
1274181757554827265
1274182025138835457
1274182312490655744
1274183281546797058
1274183617997086725
1274183845231972352
1274183852236460034
1274184017827553280
1274184227047698432
1274185742030430209
1274185973950148613
1274185975027994624
1274187464958189570
1274188070674456589
1274189222052720640
1274189345554157573
1274190044182515712
1274190154601807872
1274190272893763588
1274190500753539073
1274190685671952384
1274191593533255680
1274191970353795072
1274192104105947136
1274192391096991744
1274193159812243457
1274193250207834113
1274193345989029890
1274193411223040003
1274194671493877761
1274195765473222657
1274196199768285184
1274196289362825216
1274196369264312325
