1268762369842388995
1268762539145539584
1268762663649185793
1268762913780543490
1268763879208882177
1268765222388535297
1268765280286715905
1268765808227954688
1268766084934651905
1268766169940582401
1268766245572108288
1268766370361212931
1268766633603895297
1268766639090069504
1268766641350823936
1268766714382233600
1268767183460597760
1268767615088033794
1268767957494177794
1268768335853842433
1268768743263473664
1268768804605231104
1268769276397146116
1268769512167485442
1268769554370564097
1268769571470741510
1268769808448978944
1268770068747468800
1268770784874385410
1268770869507170304
1268771163276181505
1268771835400925185
1268771934097018881
1268772044230914048
1268772177882611713
1268772371776880641
1268772374847148032
1268772426181079040
1268772452277956608
1268772589301903361
1268772935621316609
1268773858208776192
1268773994364272640
1268774106406760449
1268774110412320770
1268775037357752321
1268777768126480385
1268777891367653382
1268777902524338179
1268778318540701698
1268779415711997953
1268780032559898624
1268780105582739456
1268780533074583552
1268781007701975040
1268781287239811075
1268781375534125056
1268781733584855040
1268781735740768257
1268781736780894208
1268781738987118592
1268782111504445440
1268782499821498370
1268782611289247744
1268783258755571712
1268783858029195265
1268783880221470720
1268784818873131014
1268784991623929856
1268785121005654016
1268785121978695680
1268785632806965254
1268785780799004672
1268786013339398144
1268786898023198721
1268787230186897408
1268787268661248000
1268787381743824896
1268787426400579585
1268787532092911616
1268788576483004416
1268788991630938117
1268789787076358145
1268790271212429313
1268791143036145665
1268791462004690945
1268792084426702848
1268792272050667520
1268793435185729537
1268793606653054977
1268795300744957952
1268795998022840321
1268796348578611202
1268796458578345985
1268796972774748160
1268796973236154369
1268796974800662535
1268797366880141314
1268797901867823110
1268798330596995076
1268798437430083585
1268798509366628353
1268799011319881728
1268799449377181697
1268799777921282048
1268799822707986432
1268800012739198981
1268800115533246464
1268800532245819392
1268801199865765888
1268801479101550592
1268801550010507266
1268801559640584193
1268801698778275842
1268801833667104768
1268801863190810625
1268801870589394944
1268801870824222721
1268802345418330112
1268802775762288641
1268802799246196736
1268803116771745792
1268804843273101312
1268805065516539905
1268806014968594432
1268806019628576769
1268807176186933254
1268808161147752448
1268808909717979137
1268809631901585408
1268811362517516288
1268811711160750081
1268811930333933568
1268811935430012928
1268811935832846336
1268811936491204608
1268812562826579980
1268812877395345408
1268812889156173826
1268812929396289537
1268813522433118208
1268813634945323011
1268814641859301376
1268814984806633472
1268815184312913920
1268815286515519493
1268815580213047296
1268816539463094274
1268816685416448000
1268816966380208128
1268817132382572545
1268817377686405120
1268817568036532225
1268817837784694784
1268818172343435265
1268818258460884993
1268818270422958080
1268818457891467264
1268818492138180611
1268819481565949952
1268819587690369025
1268821209489293313
1268821225851191298
1268821282885427200
1268821471620718597
1268821668132270080
1268821750231392256
1268821852761346050
1268821952090824704
1268822178574880774
1268823229742923776
1268824648738672641
1268825043724832768
1268825070845095941
1268825084384419843
1268825095050592256
1268826607172694017
1268826626554462208
1268826707143917568
1268827029710860289
1268827030793023488
1268827370699530246
1268827975308447744
1268827976977707009
1268828276614709248
1268828571419717633
1268829977493016576
1268830683402833920
1268831814124072960
1268831940653826048
1268832893884928000
1268834173093064705
1268834280295317506
1268835476351397890
1268835996638076933
1268836249374281737
1268836835863691264
1268837338077106176
1268837653652398082
1268837667292286976
1268838900900003841
1268839280501112833
1268840025258627074
1268840531276238851
1268840679754608642
1268840682095095810
1268841330765107201
1268841660290646018
1268841788460224512
1268842038512025601
1268842130140626944
1268842131252080641
1268842131277271045
1268842132837511168
1268842134074830848
1268842177335001089
1268842285300670465
1268843827667914755
1268843836987641863
1268844101732110336
1268845099611574272
1268845381602992129
1268845406802321409
1268845454470586372
1268845773057396737
1268845934995111936
1268846243826077696
1268847698578411520
1268847732346806273
1268848020843618305
1268848175567171588
1268848413912838145
1268848973877411840
1268849833470824448
1268850071598178306
1268850257586196480
1268850441200136194
1268850936862126080
1268850971364507654
1268851073097379840
1268852384903634950
1268852429992407041
1268853359622017024
1268853450709905408
1268853559451238401
1268853672995426305
1268853824527220737
1268853902285381633
1268853904709758978
1268854236814684161
1268854276543176705
1268855475057164289
1268856081897320448
1268856224222765058
1268857105936789504
1268857177072119809
1268857230020931584
1268857231212113921
1268857232986234881
1268857232965296133
1268857234018062336
1268857235062439936
1268857236144574464
1268857286933577730
1268857328733995008
1268858778755256321
1268858812016005121
1268859112558919680
1268859581754740736
1268860302747189249
1268860541000392704
1268860557614100481
1268860586328113153
1268860706021089285
1268861040533659648
1268861184213577728
1268861305844269057
1268861762973114369
1268861894946770945
1268862418228318208
1268862994135556096
1268863118349926401
1268863696148869121
1268863793536421893
1268864253773176832
1268864812836061186
1268865125143973889
1268865662065299458
1268866837011456002
1268867482724585473
1268867779500879878
1268868487772090369
1268868910910189568
1268869065453568007
1268869191312039936
1268869214087057409
1268869964343230464
1268871556756836352
1268872205359738880
1268872206366371841
1268872986959831040
1268873204019404800
1268873596442562560
1268873986810818562
1268874302889299970
1268874648608927745
1268875587977973762
1268875871923965953
1268875945697517571
1268876920013406209
1268877080470491136
1268877303507009537
1268877769443811329
1268877785289895936
1268877820249411584
1268878029637521415
1268878096322748416
1268878418701094912
1268879739667824640
1268879833607659520
1268879936267354112
1268880138156064774
1268880266686152706
1268880407212236802
1268880555564773378
1268880899862650881
1268880961833439232
1268881047921532928
1268881613166870529
1268881630388719617
1268881891970691077
1268882017707528193
1268882096807915522
1268882106375168006
1268882410042580992
1268882823210991618
1268882862880821248
1268883291593039873
1268883784117542914
1268884000547893249
1268884438076633088
1268885631347851265
1268885736205496321
1268885737648328707
1268887429588504578
1268887430544801792
1268888332920029187
1268888798450069504
1268889372180377600
1268889644172746752
1268889973849284608
1268889994678226950
1268890554416467969
1268891009137721347
1268891123667415042
1268891140020936708
1268891263539056642
1268891377947082752
1268891429046231040
1268891472021118980
1268891519533998080
1268891819452104705
1268891861646704642
1268891981633257477
1268892181068165122
1268892194892648448
1268892976090157068
1268894053690740737
1268894147160743937
1268894904123613184
1268895340348026881
1268895752123752449
1268895991039578112
1268896625059037189
1268896637604134912
1268897189213999106
1268897470672703490
1268897592622137350
1268897819835785218
1268897859392290816
1268898005073174528
1268898161873076224
1268898520381165573
1268898684848218112
1268898687725572098
1268899925783347201
1268900026845212672
1268900854033154060
1268900864082640901
1268900864133128198
1268900913072279552
1268901082052399105
1268901413582667776
1268901464489017344
1268902021815468034
1268902530903236609
1268902533507891200
1268902710692241408
1268903094055829504
1268903471463481344
1268903522185216001
1268903575327047682
1268903577906544643
1268904293748428801
1268904711983415298
1268904769797738497
1268904775065776129
1268905262943023105
1268905382115717120
1268905635162267648
1268905656674930693
1268905733367779328
1268905998711951360
1268906044287311873
1268906142563893249
1268906207739346945
1268906237552398337
1268906417487884291
1268906448353927168
1268906733486948352
1268906988588728320
1268907100043915265
1268907142020464640
1268907500209868803
1268907521579683841
1268907657248804866
1268907682104315907
1268907862497034241
1268907962006827008
1268908233357504513
1268908321521594370
1268908357970255877
1268908475314171905
1268908808702754817
1268909486103834624
1268909649065017345
1268909804518440961
1268910030323138561
1268910344564609024
1268910466400694272
1268911424618795008
1268911587579973632
1268911913750147073
1268911954103537666
1268912046780923904
1268912169376075777
1268912439854354437
1268912673640587264
1268913399372697605
1268913482088411136
1268913557820841985
1268913609616261121
1268913929247490048
1268913993986519041
1268914429401411591
1268915207595872257
1268915221105606659
1268915424055504896
1268915615651131393
1268915913882923008
1268916600213774336
1268916613404864513
1268917227677515779
1268917376851963905
1268917378030505986
1268917379293048837
1268917381499240450
1268917380454871043
1268917572751298561
1268917759234248704
1268917939509563395
1268918199350964240
1268918280615583746
1268918469128568832
1268918768119369729
1268920367835422723
1268920762720813063
1268921014592901121
1268921597894766592
1268921666740068352
1268921979463221248
1268922692247400451
1268922865916825602
1268922968400429056
1268923375021445125
1268923477920223233
1268923558169804805
1268924571568259074
1268924755220082760
1268924977417519105
1268925270754541582
1268925620798607369
1268925976722894848
1268926334564216838
1268926413589172226
1268926702568308737
1268926856822226945
1268926958974300163
1268926999143149569
1268927322272522240
1268927386667618304
1268927418695389185
1268927947135688704
1268928102622572544
1268928290401722368
1268928338162139142
1268928577342517254
1268928877272989697
1268928884063571971
1268928978242412544
1268929080243687431
1268929210871091206
1268929335588724736
1268929625591287811
1268929861663457280
1268930197665001480
1268930504058863617
1268930608870445057
1268932298617085960
1268932349053431811
1268932349166641153
1268932356183691264
1268932949870772225
1268933595583954946
1268933700227645443
1268934348343922693
1268934549309992969
1268934626287980544
1268934718176755712
1268934851933073408
1268935020489605123
1268935048616697856
1268936181808599048
1268936654917697538
1268936728154386433
1268936789596819456
1268936826305286144
1268936886136877057
1268937215943610369
1268937251318304770
1268937653317222405
1268938065092980739
1268938733069336578
1268939354329747458
1268939717829169152
1268939755544346625
1268939797948760075
1268940124366176256
1268940775448031234
1268940775448031234
1268940932189237250
1268941201610207232
1268941455533506560
1268941536651145216
1268941571896074240
1268942015322107910
1268942053951578112
1268942069042688009
1268942205756100610
1268942402879918080
1268942569276346374
1268942676210200577
1268942867390771200
1268943320144916480
1268943407659048960
1268943545362116608
1268944164034695168
1268944824717230090
1268945380668030978
1268945613942472704
1268946559074369536
1268947077410754561
1268947324971044864
1268948212221607936
1268948299337302021
1268948503230849024
1268949557318242305
1268949762788790272
1268949927327141889
1268949951385669633
1268949984340111360
1268950245947224064
1268950416974372866
1268950518619045889
1268950872417079301
1268950962565263365
1268950963152252930
1268951097189838848
1268951158787366920
1268951582462431232
1268951672228769792
1268952176992362496
1268952178603044864
1268952462800674816
1268952802107314176
1268953784945979393
1268953792617295872
1268954611345510403
1268954725896110086
1268955508607717376
1268955664149172224
1268955721502281728
1268955751445381120
1268955872950091777
1268956357044117509
1268956427747569666
1268956552326774784
1268956593439342597
1268956637710159872
1268956804760903687
1268956850998968322
1268956961179041795
1268957010571284480
1268957266453032962
1268957415929757697
1268957469268721664
1268957500218499080
1268958185571987456
1268958726611927048
1268959375248568335
1268959496455454726
1268959790300102657
1268959846243553280
1268959898227879937
1268960097788665858
1268960496746729472
1268961028752228352
1268961344562384902
1268961466742222849
1268962294722990104
1268962295587016704
1268962295977111553
1268962370367426560
1268962779890737153
1268963309992251394
1268963310130442240
1268963630126632961
1268963812335632387
1268963912583712768
1268964293002661888
1268964365845266432
1268964438209486850
1268964613602844676
1268964803902672897
1268964906885361671
1268965098502012934
1268965812821528580
1268965843762741248
1268965983059730432
1268966025753776130
1268966052047790083
1268966645252460547
1268967085952110592
1268967612651909122
1268967996334256131
1268968066240712709
1268968360840253441
1268968476498104325
1268968496345624579
1268968787719655425
1268968966233354240
1268969753332322309
1268970005250494465
1268970226655379456
1268970344473296896
1268970539793690624
1268970885324705796
1268971463400230912
1268971615494107136
1268972163912085504
1268972590401556481
1268972849794093056
1268972881649827841
1268973410580824065
1268973479044448263
1268974509404504065
1268974822568210433
1268975203356467204
1268975270737973249
1268975352992366593
1268975629531336704
1268975723970211841
1268975802596630573
1268975998185410565
1268976237420126208
1268976342428614657
1268976632112562185
1268976721723875328
1268977210200858624
1268977403780452352
1268977417256939521
1268977763874201600
1268977841418440705
1268978448556490752
1268978589426466818
1268978812240486419
1268979373157351424
1268979376319848458
1268979844546691083
1268980092090355714
1268980203067449351
1268980346290352128
1268980438011387905
1268980507762724871
1268980735073046528
1268981220920172544
1268981537850212353
1268981623963467776
1268982416980545545
1268982927377027073
1268983773552676870
1268983828481220613
1268983856033599488
1268984008857333760
1268984433052450817
1268984514744737793
1268984849140002820
1268984967230566400
1268985137271910401
1268985381485240322
1268985855277969409
1268986630364413957
1268987091947450368
1268987142975471617
1268987650628890629
1268987743419457540
1268987980129107969
1268988143732166659
1268988228331343873
1268988288603426824
1268988492140306432
1268988780809248768
1268989084547969024
1268989507421868033
1268990048856420357
1268991173894512643
1268991242916057089
1268991299044225025
1268991441348542465
1268991497845616641
1268991616867422208
1268991673838772225
1268991694462164999
1268991841032167424
1268992119277891584
1268992353026674689
1268992416197103616
1268992984235814914
1268993183561797633
1268993238318399489
1268993257863872514
1268993482674356224
1268993523208138752
1268994320113135617
1268994578855735296
1268994677346271233
1268995013360283648
1268995480614125569
1268995976255221763
1268996024556814338
1268996227460448256
1268996532683988993
1268997191030517762
1268997538129928194
1268997598196781057
1268997832478003211
1268998032164564993
1268998304941191168
1268998357319639044
1268998359110516736
1268998677449904129
1268998696294928389
1268999300035555329
1268999701870915586
1269000590149005313
1269000740812529668
1269000965278982144
1269001986713796610
1269003045049860098
1269003378111234049
1269003530007908352
1269004617792344065
1269004697664290816
1269004784650129408
1269004849905111040
1269005083296972800
1269005284116226051
1269005378127265794
1269006337284861952
1269006521863716869
1269006718840651776
1269006803645448196
1269006856267038721
1269007058382323712
1269007098899132416
1269007100073480192
1269007135876268032
1269007283759067138
1269007404060082176
1269007750933082112
1269007994014052352
1269008269999083520
1269008620743786496
1269008966471860224
1269009226711674880
1269009249029455873
1269009307510726661
1269009372388028416
1269009384945922049
1269009453086650369
1269009539707404289
1269009551363239936
1269009741587591168
1269009795366809600
1269010514690129924
1269011010125475844
1269011038457884678
1269011248429105154
1269011371301183488
1269011461080309760
1269011666534105089
1269011711530545155
1269011744946561026
1269011879331950592
1269012107808423936
1269012252595646466
1269012321805926402
1269012687599665152
1269013206430867464
1269013438371528707
1269013771587997696
1269014271062618113
1269014357536641029
1269014756939218944
1269014855463428100
1269014899377803264
1269015259051950089
1269015296125341697
1269015343021936641
1269015422071738368
1269015540481343495
1269015711432802305
1269015820413394945
1269015826407084032
1269016343430533120
1269016491996917769
1269016535949066249
1269016773518659587
1269016820767490048
1269017113433382918
1269017216231575553
1269017444724740096
1269017480070000640
1269017542363738115
1269017592611700736
1269017973517246465
1269018164110729217
1269018403357908992
1269018914698264577
1269018937074814978
1269019471693348864
1269019992332423173
1269020057780269056
1269020488522543105
1269020519426396160
1269020932342980610
1269021161402380288
1269021485164830720
1269021601326129153
1269021924551688198
1269022192945094657
1269022216961904644
1269022421035757568
1269022460189556737
1269022526082088962
1269022598576304128
1269022695418736640
1269022864042340352
1269022916257202176
1269023012281561088
1269023268427587585
1269023295489347590
1269023509935788033
1269023823770333184
1269023973846716418
1269024020340649984
1269024578489266176
1269024626044104704
1269025119801937926
1269025512472657922
1269026056792453122
1269026244680716289
1269026318454345728
1269026374469246976
1269026441636786177
1269026495290396681
1269026895745728512
1269027042839990272
1269027180333408256
1269027733465677825
1269028074508730369
1269028282328133632
1269028907551989761
1269029035465678851
1269029400995082241
1269029620512247808
1269029682512625664
1269029812137574409
1269030169475518470
1269030786373648384
1269031129446625280
1269031548826910720
1269031637410603008
1269031680981032960
1269032122309849089
1269032141280563200
1269032640302190593
1269032686175293442
1269032995681435648
1269033157703204866
1269033208525570049
1269033283716775939
1269033716996870150
1269035199540670467
1269035395951529987
1269035439689732096
1269035820847169538
1269035870725844993
1269035909086957569
1269037029020622848
1269037290115919873
1269037291789377536
1269037293748150273
1269037308252229632
1269037419870879744
1269037978074185730
1269039044752805890
1269039297577062403
1269039755074965506
1269040041260695555
1269040088211755008
1269040554752516096
1269040815592144897
1269040869568585734
1269040942046015488
1269040981317488643
1269041390236971008
1269042075917414400
1269042143827496961
1269042317501042688
1269042380872781824
1269042419053535233
1269042421708587008
1269043055513853952
1269043452618117120
1269043509236871168
1269043525187825665
1269043767761350656
1269045071447355398
1269045099129954319
1269045102908862464
1269045248593985538
1269045424394055682
1269045679063777280
1269045699896700928
1269046077396668416
1269046443236622337
1269046477596303360
1269046639957696512
1269047270751850498
1269047439648002049
1269047902103429120
1269048506171502593
1269048603261239298
1269049041704411136
1269049042400575489
1269049767713177600
1269050252759359488
1269050271092670465
1269050345113731073
1269050641646858240
1269051011454218242
1269051012972756992
1269051047277924353
1269051243537879042
1269051741137494016
1269052135993421825
1269052514638286848
1269052515712004096
1269052515808468994
1269052615213625347
1269052660986056711
1269053158476574720
1269053395706486785
1269053518041812997
1269053881742393345
1269054222261055488
1269054378733961216
1269054562037612545
1269054765352304641
1269055268169670658
1269055786812092417
1269055914524303362
1269056410425401354
1269056688260132864
1269057017966190592
1269057810567884802
1269058455576420354
1269059536691671040
1269059990800785409
1269060194182496256
1269060198691336193
1269060243008491522
1269061157882658817
1269061338711511040
1269062180810473473
1269062191434600454
1269062603181096966
1269062774224805890
1269063430503305220
1269063470953136129
1269064051872673794
1269064233536368641
1269064885280931848
1269065267965046784
1269065785110118401
1269065948943781888
1269066565753933824
1269066702068817923
1269067078897713154
1269067288239648768
1269067398176559108
1269067488769085440
1269067489205317632
1269067500718678017
1269068352690851840
1269068372487991296
1269068390544674816
1269070350270201857
1269071410808446976
1269071606598361089
1269071912736604163
1269072045331173376
1269072401821626368
1269072417433026561
1269072602108174337
1269073345846185987
1269073705092644864
1269073715024687105
1269074042679681025
1269074096744214529
1269074135419928578
1269074431013511168
1269074523183251456
1269074679169347584
1269074982874873858
1269075930967871488
1269078269942468611
1269078329509937152
1269078830536364034
1269079090868428800
1269079102843236353
1269079209911123969
1269079234351378434
1269079634798354432
1269080089884590080
1269080130061848577
1269080589875007489
1269081362155417600
1269081458175438849
1269081460171919361
1269081607383777282
1269082229998641152
1269082381182480387
1269082466720968704
1269082468881035264
1269082848423825409
1269083106650263553
1269083343976529927
1269083344878342145
1269083906357198849
1269083931724460032
1269084260838674432
1269085638634151936
1269086466090643459
1269086488526028800
1269087913674866688
1269088229455810560
1269088501036920832
1269088678464442370
1269089122116919296
1269089422961553408
1269089441399943168
1269090397202063360
1269090681034809344
1269090808814280704
1269090898031210506
1269091496311033856
1269091777559986176
1269091779183210496
1269092028614234112
1269092285196767234
1269092426444128257
1269093038888017921
1269093340999491584
1269093985030635527
1269094019856044032
1269094049488740352
1269094135081906176
1269094758133182466
1269094936030347264
1269096164722343936
1269096977146564608
1269097163465736192
1269097446598033409
1269097499911954432
1269097558519013376
1269098458952105986
1269098662354976768
1269098673301975040
1269098800100106240
1269099091532922886
1269099257228746752
1269100025612840960
1269100114343231488
1269100286725029889
1269100646948536320
1269101329483468800
1269101574330204161
1269101787333746688
1269102089743015938
1269102125616779264
1269102482128601091
1269102533357772803
1269102692183531522
1269104711900200960
1269105065438183430
1269105346062278656
1269105539830747136
1269106514628882433
1269107134790328330
1269107293376872451
1269107513305165824
1269107935793340418
1269108844589797378
1269109136836276226
1269109284899618819
1269109524868280321
1269109849876389890
1269110508059328513
1269111064878370818
1269112102058446848
1269112539511615488
1269113390733111296
1269113413948641282
1269113498077806592
1269114087180513281
1269115007377309701
1269115429860995072
1269115432532799488
1269116445767557120
1269116463694020611
1269116555910135808
1269116562843238405
1269116946315870208
1269117189619093510
1269117643312816128
1269118960915677186
1269119178792992769
1269119292626341893
1269119901844865025
1269120363033579520
1269120524753436673
1269121020650291200
1269121038337609730
1269121823209373696
1269122285417439237
1269123470211891202
1269123746935173120
1269124119221633031
1269124178499772417
1269124206656135170
1269124429537148928
1269124442262814721
