1269125267366318082
1269125321980329985
1269125363222802432
1269126136962756609
1269126380991778816
1269126600479707136
1269127530860118016
1269128883368009728
1269129072203964417
1269129493723127809
1269129616276500482
1269129771344150534
1269130932881104896
1269131716075102209
1269131847361052674
1269131868429070343
1269131933822394369
1269131959206379520
1269132213737582592
1269132268108419074
1269132919605301250
1269133081509793792
1269136062099738625
1269137209665425408
1269137523042910208
1269138284304883712
1269138396267474944
1269138700178460673
1269138970698530816
1269139212093161473
1269139718551171072
1269140085204824064
1269140484628365312
1269140578450788352
1269141951565238273
1269142013301186561
1269142866854424578
1269142868112732161
1269143376982675457
1269143582457253888
1269144213029105664
1269144274307813377
1269144368939704321
1269145397672448007
1269145694121713664
1269146007906013184
1269146901003280384
1269146942023634945
1269147454441754626
1269147543751065600
1269147871850487808
1269149018644451328
1269149154921582594
1269149538729832448
1269149990565425154
1269150398604095488
1269150698328989696
1269151482437177344
1269151996570984449
1269153528943124480
1269154037112492032
1269154315249344512
1269154442957504513
1269154575275175936
1269155158321225728
1269156814169440257
1269156871958679558
1269157316257091584
1269157675792846849
1269158087438417922
1269158089858576386
1269159001712984065
1269159820680019968
1269161112781688833
1269162742516256768
1269163071228063744
1269163078039601153
1269165167545323521
1269165472051683329
1269168211481763840
1269169037876977664
1269169382183354368
1269170463521071104
1269170653158084610
1269170927817961472
1269171259813834752
1269172205176455168
1269172835462701056
1269173051947696130
1269173200585240577
1269173203563188225
1269173205719121920
1269173354260463616
1269173844918644736
1269177511340113921
1269177556621824000
1269177927226122241
1269178757287469061
1269178822315986944
1269178822189973506
1269179634647814144
1269180302343262208
1269180347452973059
1269181069947023360
1269181271147712512
1269182425495715841
1269182661551108101
1269183312008019968
1269184136087875584
1269184497590951936
1269184543992537088
1269184646278938624
1269185264401952769
1269185367673942018
1269185387588657152
1269186473816993792
1269186921588277249
1269186944048734208
1269186970070274048
1269187325038415879
1269187417535381505
1269187513488486401
1269187807362326529
1269188037017133058
1269188039017824258
1269188040137650176
1269188355524304896
1269188530967805952
1269188625926848513
1269188950234730496
1269189141616635906
1269189203709001730
1269189468201852928
1269190186182807554
1269192324719968256
1269192330772439040
1269193051710332929
1269193134287749120
1269193618029514753
1269193934372253697
1269194236689297408
1269194531418845184
1269194783152627712
1269194795781586946
1269194878283665408
1269195838670041088
1269196037073391618
1269196066458566656
1269196628159639554
1269197083128537088
1269197291795050496
1269197477694984193
1269198078067781632
1269198402631450625
1269200661289336832
1269201380398567425
1269201636955697153
1269201955290832897
1269202226091896832
1269203082598133760
1269203118299979777
1269203943869091840
1269204380311523328
1269204458593849344
1269205273060667394
1269205989217071105
1269206715351945217
1269206800265621508
1269206858172112899
1269207490110951424
1269207538123210753
1269207808857329664
1269208134721118208
1269208451017670656
1269209403938541570
1269210429403914247
1269210524090355712
1269211325076365315
1269211380059693057
1269211439203381248
1269211967262281728
1269212205326782464
1269212577856466944
1269212577554411522
1269213243895136265
1269213793915146241
1269214337345912832
1269215239918288896
1269215515693608960
1269216066212966402
1269217493433884678
1269217503236034560
1269217943247863808
1269218238501543937
1269218728383664128
1269219126742077441
1269219208061169667
1269219408284659712
1269219830122582022
1269220262408568833
1269220397549080578
1269220751971946499
1269221515205148675
1269221568061685767
1269221954793254917
1269222070124249090
1269222353017454594
1269222522555334656
1269222731553427457
1269223153282285568
1269223270701625345
1269223269598543872
1269223560200876033
1269224137802813440
1269224164830912512
1269224449620021248
1269224718558793728
1269226079513907200
1269226398377336832
1269227292833615873
1269227806103236608
1269228305183461376
1269228824648089602
1269228884685402113
1269229270297194496
1269229411145879553
1269229502166642690
1269230204142014469
1269230340813488129
1269230355149619202
1269230721832542211
1269230860957552640
1269232183631323136
1269232929927880707
1269232960173035522
1269232961192247298
1269232962278617089
1269233018000064520
1269233448574738432
1269233458909413376
1269233547254136834
1269233908933156866
1269234168023695362
1269234696547971072
1269235383478484994
1269235426704809984
1269235876829298688
1269237064903659521
1269237344281952260
1269237357712007169
1269237932013105152
1269238355709001728
1269238421832204288
1269238618066956295
1269238697448243201
1269238701563031554
1269239074646380547
1269240089063952384
1269240514215174148
1269241150004756480
1269241681666363394
1269241690931564544
1269241726201454593
1269241903784091648
1269242800283009024
1269243930282848256
1269244531473412096
1269244699681918976
1269244873250660352
1269245494640939010
1269245539540848640
1269245599062212609
1269245676916899840
1269245701730508800
1269245774040387586
1269247154624888833
1269247282655846402
1269247808059498497
1269247898434371585
1269248520873115649
1269248976131256322
1269249883485220864
1269250128277319681
1269250190961246209
1269250193502830597
1269250898003460096
1269251055306637313
1269251060670988288
1269251237959983105
1269251389999456256
1269253009030217728
1269253158250971136
1269253778240389120
1269253809873747970
1269253911183056897
1269254454798356480
1269255103330082818
1269255336277487618
1269255821059338240
1269256002043510784
1269256106670317574
1269256519280807936
1269257208560156672
1269257705664868352
1269258205944840192
1269258482924036096
1269258721927892994
1269258970587332608
1269259047729012738
1269259881380376577
1269259918483259392
1269260011034689537
1269260637747675136
1269260700389535745
1269261368428867585
1269261490479038464
1269262009331138560
1269262249778176003
1269262551918968832
1269262904160706563
1269263720380805120
1269263736797310980
1269263787871178755
1269263901675466753
1269264044080476160
1269264188536307712
1269264188062543872
1269264949383237633
1269265343089795072
1269265431845638147
1269265458999459846
1269265594550874113
1269265725077757953
1269266433269288961
1269266528626708480
1269267190055948295
1269267325926215681
1269267407228538883
1269267689857363975
1269267828928122882
1269267874654425088
1269267989762891778
1269269255167541250
1269269295252586496
1269269316886843392
1269269414257594369
1269269684907585536
1269269751374778371
1269270191281770496
1269270527245508608
1269270551475957766
1269270687128018944
1269271429947764745
1269271524751446017
1269271742855417858
1269272006727475200
1269272021210476549
1269272154983596035
1269272352501702657
1269272975079092226
1269273007492681729
1269273188409716737
1269273668481249282
1269274240190230529
1269274484256591873
1269274696803024898
1269274704809873408
1269274739199086595
1269275030799757314
1269275445398290433
1269275742556299264
1269275847795458050
1269276373358718981
1269276385366900737
1269276441289596928
1269276466509828097
1269276996451946496
1269277120892678144
1269277855793455104
1269277898990473216
1269277973292765186
1269278001985753090
1269278004150104064
1269278005324509184
1269278041429045250
1269278469495627778
1269278565620748288
1269278749083799559
1269279220305444865
1269279579862192130
1269279843885019138
1269280199717335042
1269280511547015168
1269280624600387584
1269280670196609027
1269280733610287105
1269281228206866433
1269281611100631040
1269281661205843968
1269281929628725249
1269282105936273409
1269282670594281473
1269282684058038272
1269283026925740032
1269283059897155584
1269283163555037186
1269283286666424324
1269283532532219906
1269283835075858437
1269283867967578114
1269283923827310606
1269284336165060611
1269284507334688770
1269284520177610752
1269284701799358466
1269285094507687937
1269286194313080832
1269286317357178880
1269286646345658371
1269286638829568003
1269287033249263616
1269287125876379655
1269287549857460226
1269287632414150659
1269287983565410304
1269288292555636741
1269288750816923648
1269289333330149377
1269289466499383297
1269289478591578114
1269289497704796160
1269289579028402178
1269290165517848578
1269290407231401989
1269290751378231296
1269291015682301952
1269291265893568516
1269292176913117185
1269292683937243136
1269292851374034944
1269292992063512579
1269293112070819840
1269293113341706240
1269293114541305857
1269293359132299264
1269293545917157376
1269293687139377152
1269294257619324928
1269294802308218886
1269295368308588544
1269295369780727808
1269295372095991809
1269295876863918083
1269295983713796096
1269295982790889472
1269296416503091200
1269297258559868930
1269297619655725057
1269297844302872577
1269298104429314049
1269298328224837633
1269298474652033031
1269298598254014470
1269299483017277442
1269300170337906689
1269300350533672964
1269300553454161921
1269301036847640579
1269302024383971329
1269302030557798400
1269302507508989954
1269303149766086661
1269303760892956677
1269303876340953088
1269304069081960448
1269304305200230400
1269304644204933124
1269304692502409217
1269304762744352770
1269305096065757184
1269305135118909451
1269305290895187968
1269305488820383746
1269305545380581376
1269305603710746626
1269305912461754368
1269306577988644864
1269306717017382912
1269306773418147840
1269306896579809281
1269307063982862337
1269307193423249410
1269307335316570114
1269307580855263232
1269307832014233602
1269308082661650432
1269308084997914625
1269308319564533761
1269308458320318465
1269308467010916352
1269308884889620480
1269309154067394562
1269309266101506050
1269310704894476288
1269310818396573697
1269311503028703233
1269311720721448963
1269312013194403841
1269312235467427842
1269312600761937921
1269312994522968065
1269313021068955651
1269313071174029312
1269313456840245249
1269313511408222208
1269313710259974145
1269313740912001024
1269314015194304512
1269314142684372992
1269314250079494144
1269314369524989954
1269314565646495744
1269314811944267776
1269314870186577921
1269315043331420162
1269315320180850690
1269315643209404417
1269315832598929408
1269317115053555715
1269317320855486467
1269317969567518726
1269319108140638215
1269319587817979911
1269319904865501187
1269319965452259332
1269320087187718150
1269320196235440130
1269320437420310528
1269320756787200001
1269320871140786179
1269321558046248961
1269322177897250817
1269322517178486785
1269322685538013184
1269322713472151557
1269322758149849090
1269322872805158912
1269323047489507339
1269323057752977410
1269323059502043136
1269323237965672448
1269323684797243394
1269323714115416065
1269324080655872000
1269324256523030529
1269324388811358208
1269324485074829312
1269324693489750022
1269324949602304000
1269325101910155265
1269325120373501955
1269325568392060928
1269325569067372544
1269325728803426310
1269326120593186816
1269326179976318976
1269326313887801345
1269326427771604993
1269326702104260613
1269327087174692865
1269327153331671040
1269327602285776901
1269327645977673729
1269327741620326400
1269328286968143874
1269328828108804102
1269329360303128578
1269329536300322818
1269330238099652615
1269330392718487554
1269330559811104771
1269330767995437058
1269331020412645382
1269331289603072000
1269331366241591303
1269331428090707968
1269331461427154947
1269331989871632386
1269332456525660160
1269332567100207106
1269332773287817217
1269332922236108801
1269333008114384896
1269333423690317827
1269333466191101958
1269333554141392896
1269333659837960192
1269333677483479044
1269334215503593472
1269334228854079488
1269334944020561922
1269335142176362496
1269335526554980352
1269335529151217668
1269336218606751744
1269336695486414848
1269336716415889408
1269336832405204992
1269336838361116674
1269337320462995456
1269337455318249473
1269337517184233473
1269337597979045888
1269337801801306114
1269338032559161344
1269338030327783424
1269338083545305092
1269338163006320642
1269338194857746433
1269338308863197184
1269338846786977798
1269339085061029888
1269339441019195397
1269339559961206785
1269339761098887169
1269340230357843969
1269340781657026561
1269341112231223300
1269341394675609600
1269341491526340610
1269341566348546054
1269341712616431616
1269341975876173825
1269342022378405894
1269342063876849664
1269342485878194176
1269342523648073730
1269342942352867329
1269343160947429385
1269343263963537408
1269343691501600772
1269343797093130240
1269343934800510978
1269344058184536064
1269344066078224384
1269344661023449088
1269345109109354498
1269345270086557696
1269345609556930560
1269345883428204548
1269346140941684736
1269346304053907456
1269347482091294726
1269347567156035584
1269347580909178882
1269347619232415746
1269347752825192449
1269347930915430400
1269347954709716993
1269347995713187840
1269348413096833024
1269348504629116928
1269348528616177665
1269348731071184896
1269348834968289281
1269349179706540032
1269349252687441921
1269349491825618944
1269349843539034112
1269349890842394626
1269349934307790848
1269350356808417280
1269350726779768832
1269352028389638145
1269352050388762624
1269352687524556801
1269352876360388608
1269352874204512258
1269352882651820032
1269353306138304512
1269353615338151939
1269354082524938241
1269354124438409216
1269354358686318593
1269354574852296706
1269354794965184513
1269354843195523078
1269354867254050816
1269354871662292994
1269355477738991617
1269355549637988352
1269356090665377795
1269356826522419204
1269357214852165632
1269357325732794369
1269357645846241280
1269357825500856321
1269358036767977473
1269358189700677632
1269358413596803074
1269358448501837825
1269358504818536449
1269358566730862592
1269358590445248512
1269359566090690561
1269359573833527298
1269359812573356032
1269360058292293634
1269360683608690688
1269360906166833153
1269361017261301762
1269361097343188992
1269361541700358144
1269361868721852417
1269362114646478848
1269362457694343170
1269362485565566978
1269362975070195714
1269363624763469824
1269364262369144836
1269364633137266688
1269365629934612485
1269365982172250112
1269366231137685506
1269366279401541632
1269366402974052353
1269366409907363840
1269366678879600642
1269366911151804416
1269367219517034497
1269367347258683392
1269367844912812032
1269367845059608576
1269368472506687494
1269368907418284032
1269369189325770757
1269370584464527360
1269370810168479744
1269371707497885696
1269371771196542976
1269372102131347456
1269372254980202496
1269372509192892416
1269372670119948288
1269372939599781889
1269373137432522752
1269373334489309190
1269373506132643840
1269373797007851521
1269374107629600768
1269374346226696193
1269374399309807619
1269374702264504322
1269375139201847296
1269376029900058625
1269376237325086720
1269376328798736387
1269376448785199105
1269376571967561728
1269376645179285505
1269376638543749120
1269377073002536960
1269377626247921666
1269377686503292930
1269377930683170821
1269378024790777857
1269378037348433920
1269378425837453313
1269378499590012928
1269378742520033283
1269379678701305856
1269379825233428480
1269379911069958144
1269380719480049665
1269380759263084545
1269381344880181273
1269381435259002881
1269381471090835456
1269382373164154881
1269382694229561344
1269382695303262209
1269382697715068928
1269382698730053633
1269383548202606598
1269384143579865089
1269384288409092097
1269385422926311426
1269385583102590976
1269385599519199232
1269385873407254544
1269387554312409088
1269387785384927244
1269387797313380352
1269387817920212992
1269388239628046338
1269388660182446080
1269389698352336896
1269389875293196293
1269390275824271360
1269390562865688579
1269391260277760000
1269392352789086208
1269392774253723648
1269392997399040002
1269393266178273280
1269393677824274432
1269395095075213312
1269395634630676486
1269396077997891584
1269396148919373826
1269396418160218119
1269396661882638337
1269396828518117376
1269397016465063939
1269397463502217216
1269397671728431105
1269397673297055744
1269397795535978496
1269397831422484481
1269398546907893760
1269399375815507968
1269400129263603725
1269401410191450113
1269401650638307330
1269401707173367809
1269402397937471494
1269402425343033344
1269402458767405063
1269402889291796481
1269402936259600386
1269403236672339968
1269403360697843712
1269403778660405249
1269403993668636673
1269404106663264257
1269404240142897157
1269404320065257473
1269404541210025985
1269404696231292928
1269404826984755202
1269404864003661828
1269405164307243009
1269405791687245824
1269405799979220992
1269406268017356800
1269406633584726016
1269406674579795969
1269407433321037824
1269407590439665664
1269407798842048513
1269408939268960256
1269408966821412866
1269409144127270912
1269409164205461504
1269409343847518211
1269409505202200577
1269409602690482176
1269410288366809089
1269410610032316417
1269410665392979968
1269411265962598401
1269411425749012480
1269411528215846918
1269412391374090246
1269412392393273345
1269412396457738240
1269412522307784706
1269412604310695936
1269412718479642625
1269413519117692928
1269413702798893057
1269413717910880259
1269414015870124032
1269414459715584001
1269414566888222720
1269414611297714176
1269414894715240450
1269415212245008390
1269415332021747717
1269415595797131264
1269416030746615808
1269416067438276608
1269417087962943490
1269417227926863872
1269417447049826304
1269417714411614209
1269418232240373760
1269418712748056577
1269418778095476736
1269418838522822657
1269418959687897089
1269419104697561090
1269419299879313409
1269419532789088261
1269419690364940288
1269419728830939141
1269419789556109312
1269419934377017344
1269419963250552834
1269419976609468416
1269420448711917569
1269420978322518017
1269421060308402177
1269421105405665280
1269421740951605250
1269421755124375552
1269422217072267264
1269423835641778176
1269425044658192384
1269425498804965376
1269426748678176768
1269427317857759237
1269427366951972864
1269427367992123392
1269427616928366600
1269427657357262851
1269427990317989889
1269428146278981635
1269428214222462977
1269428336561963009
1269428346024333313
1269428538760929280
1269428583539322880
1269429367479980033
1269429490041659396
1269429870951649282
1269430190695907330
1269430199734669318
1269430318102175751
1269430385936494592
1269430793446842374
1269431233286676480
1269431931403415556
1269432313902964742
1269432323889561602
1269432401924632577
1269432767424737282
1269433025177231361
1269433027916173317
1269433626254471168
1269433886318231552
1269433929393725447
1269434374610538497
1269434487353507844
1269434642647715840
1269434661677064192
1269434834713300992
1269435029043605506
1269435265426350080
1269435743719563266
1269435804528476162
1269436399213858819
1269436529673269249
1269436545796313089
1269436779230355457
1269437752254308355
1269437762400378880
1269438374273781760
1269438500950224896
1269438537717313536
1269438605891698689
1269438712066322438
1269439243505397760
1269439383251419136
1269439393170894852
1269439662596280321
1269439820780105729
1269440869121261568
1269441475412180993
1269441781051068416
1269441921803526152
1269442210442838017
1269442211877249024
1269442233935241217
1269442273986654214
1269442285906911235
1269442647552413696
1269443118908076032
1269443461075394563
1269443848960274432
1269446198806687752
1269446508312748032
1269446662579240962
1269448137489317890
1269449134156787718
1269449679235887104
1269449906235867137
1269449904281260032
1269450020379598853
1269450494084354048
1269450661827092482
1269450859525681162
1269451245439332352
1269451433960710145
1269451472477052929
1269451918239305728
1269452190344597505
1269452686220570625
1269452787294900224
1269452900327186441
1269453100890415114
1269453655914283010
1269454009292730372
1269454141971140609
1269455040001060865
1269455574707691526
1269455746275647489
1269455807378345985
1269455815225888770
1269455838969769986
1269456213894328320
1269456298778624002
1269456361798209537
1269456492287062017
1269456611984248832
1269456956584067073
1269457905268527105
1269457919906656257
1269459560692998145
1269460228409487360
1269460286777577472
1269460417413296128
1269460619067035649
1269461275765018624
1269461617437282305
1269462405907652608
1269463059157958657
1269463122949165064
1269463651540492288
1269463781308092417
1269464399527456769
1269464540183433221
1269465192049434625
1269465330918670336
1269465391048376321
1269465699879092224
1269466674844938241
1269467456445321217
1269467790060204037
1269467857278173185
1269468139370274817
1269468935751172096
1269469073043345409
1269469263238180870
1269469448445915138
1269469582261137409
1269470056997703680
1269470223184400386
1269470974354903040
1269471784581070848
1269471876390236160
1269472322072838145
1269472380855947265
1269472450804363264
1269472467195756547
1269472483033452544
1269472697886670848
1269472936639041536
1269473149848084481
1269473183230558209
1269473371244429314
1269473610017787904
1269473859457241088
1269474187304931335
1269474222931415040
1269474606278225927
1269475047607021569
1269475890486009858
1269476352442413057
1269478178227134466
1269479219496734720
1269479416545128449
1269479743977664513
1269480584503533568
1269481255948759047
1269481249963417600
1269482108147380226
1269482500381904896
1269482518681497601
1269482842872074240
1269484591535947776
1269484766275031041
1269484864861925376
1269484865973452802
1269485939304419333
1269486010209046535
1269486036129898496
1269486470047416320
1269487018632982528
1269487258404483077
1269487856822685696
1269487917342306304
1269488815825182721
