1271298718554132482
1271299142313279489
1271299277499895809
1271299745617715200
1271299982767906819
1271300027932200960
1271300358128762880
1271301452116316160
1271301680609419266
1271301807831220225
1271302775356354562
1271303083503398912
1271304352871964675
1271304390318661632
1271305963283386368
1271306186521022464
1271306782384758790
1271307631546765312
1271307813692866560
1271309449014067202
1271310512760868871
1271310923018321920
1271312027529515014
1271312031761657857
1271313410211241984
1271315000452239362
1271315303608139776
1271315340203417600
1271315517073051651
1271315701068787717
1271316743252635658
1271316809870749700
1271317600429998080
1271317894782058497
1271318824558579712
1271318962043678720
1271318987821875201
1271319218902855688
1271319666397339650
1271320011760480258
1271320267357212672
1271320491710533634
1271320591761412096
1271320792668635136
1271321645827813379
1271322698182848512
1271323842695159814
1271323904770863105
1271324935974031360
1271325208092131331
1271325591086567424
1271326393285005312
1271326879148957698
1271326880185020416
1271326884370866176
1271327429781385216
1271328139046576130
1271328677012242432
1271328731043266560
1271329880366448641
1271330195379646466
1271330291655733249
1271331066960175106
1271332467757080578
1271332688218124288
1271332909668945922
1271334621066620933
1271334772267237376
1271334787995897856
1271334819729772545
1271335330281635841
1271337377982791681
1271337565069680640
1271337922180968448
1271337953403342849
1271338034655608832
1271338116746526720
1271339675878330368
1271342232398749696
1271342239701221376
1271342245019439105
1271342246109970432
1271342248903360513
1271342721836318721
1271342734704599042
1271343263467765760
1271343412151595009
1271343518481633285
1271345305921953792
1271345477422927872
1271345483009703936
1271346044392087552
1271346132325629953
1271346508575592449
1271346738163445761
1271346888336216064
1271348203292471297
1271348581627236353
1271349359582593025
1271349485675835395
1271349692572581889
1271350017299828736
1271350180663529472
1271350478463516672
1271351294867972096
1271351775740801024
1271351854920859648
1271351904245866496
1271352928004079616
1271352999852589056
1271353101694504960
1271353253742051328
1271353888558534656
1271354063066628097
1271354202254528518
1271354409436344321
1271354585161052160
1271355366597509120
1271355439318552577
1271355838016487424
1271355876025262081
1271355953959636993
1271356610959597569
1271356720032464896
1271356955315953684
1271356956381376513
1271356957450858496
1271357018717204482
1271357076854288384
1271357343813550086
1271357345541611524
1271357867031965696
1271359130100432896
1271361920935870465
1271361989323849731
1271362354694012928
1271362490186829824
1271363213897216003
1271363933656485889
1271364930101526534
1271365334725832704
1271365633872035841
1271365722975932417
1271365769683746822
1271366667608653826
1271366904452546563
1271366935440130050
1271366942125932548
1271366960471736320
1271367031904968706
1271367197911326722
1271367529882058752
1271367577978187777
1271367916886220801
1271368058532134912
1271368480114257920
1271368830451941376
1271369251669106690
1271370580797861890
1271371045102972928
1271371128355917824
1271371609731936259
1271371851462111232
1271372053841506304
1271372056072863744
1271373018254770176
1271373190237954049
1271374098648772610
1271374188108853248
1271374320082628608
1271374458280906752
1271374579508764672
1271374995898449920
1271375016471531520
1271375462334431234
1271375653816819712
1271375832095666179
1271376352315400195
1271378113549795329
1271378969284272129
1271379100893171712
1271379337061838852
1271379357668454404
1271379467387183104
1271379513285455873
1271379842185834498
1271380348346281984
1271380486489640961
1271380607436640257
1271380608652939266
1271380745815314434
1271381379150950400
1271381383433400321
1271382135220436995
1271382372253081601
1271382775384412161
1271382963108884481
1271383129958371329
1271383294366502913
1271383686097899520
1271383689000337408
1271383735104086017
1271384376094478337
1271385247947657216
1271385921137623041
1271385995984941056
1271385995984941056
1271387031327797248
1271387035538882560
1271387037585731584
1271387038692995072
1271387177029644289
1271389344444579841
1271389847052341249
1271391394758823939
1271391555685715969
1271391834217025536
1271391965146423296
1271392863264190465
1271393160535502848
1271393278684954625
1271393699306582016
1271393780936192001
1271393962708946947
1271394180846288896
1271395925496336384
1271396072489771009
1271396940719230977
1271397617986125824
1271397996467499013
1271398217213591552
1271398668986392578
1271398722325397509
1271399145480339456
1271399255186472961
1271399442449600518
1271399700667588609
1271400339749711872
1271400670189535232
1271400996879527938
1271401077515210757
1271401155306946563
1271401195593179137
1271401480642277383
1271401753943003136
1271401886910836736
1271402717206978562
1271403633477857281
1271404094838771712
1271404152938209280
1271404755538120706
1271404777029677057
1271404827004846080
1271405012716064769
1271405932862464001
1271406367849537536
1271406587979223042
1271406721739698183
1271406904208547841
1271408017397989377
1271408513093263360
1271408554482774016
1271408744585474050
1271408984667422723
1271409378562891777
1271409602622414849
1271410055183609856
1271410462983245824
1271410857113608193
1271410915754287104
1271411206960676864
1271411240062144512
1271411581952446464
1271411780603043840
1271411906591559680
1271411978674884608
1271412003681247234
1271412426076901377
1271412454547996673
1271412753811505152
1271412908048683013
1271413296122466306
1271413738747449344
1271413776458407938
1271413842887802886
1271414114741559301
1271414458787811329
1271414466010206209
1271414778410524673
1271414938406436864
1271415311439409155
1271416409579347969
1271416568963096578
1271416660222570497
1271416680284139522
1271417044844642305
1271417078709473280
1271417099747909633
1271417112133873664
1271417657787510786
1271417916190269442
1271418015813439488
1271418119265886208
1271418153399128064
1271418715196796928
1271419003114795014
1271419416283164672
1271419610512928773
1271419612299702272
1271419666808725504
1271419811315277825
1271420303105810435
1271420330725330945
1271421580535640064
1271421680100016128
1271422080928616449
1271422410470776833
1271423358601740291
1271423752975179777
1271423948689899521
1271424360100888576
1271424411678187521
1271424596634296320
1271424998666895361
1271425053746327552
1271425092434657280
1271425110646370304
1271425117373988865
1271425144465080320
1271425210307264512
1271426412621283328
1271426436977635329
1271426894072877064
1271426920433901568
1271427706912231427
1271427930837725185
1271428176607051777
1271428528068685826
1271428733216395264
1271428749398028288
1271428780540727296
1271430061241978880
1271430108478427138
1271430540437135361
1271430593985810434
1271430904070709256
1271431047863926785
1271431303204831232
1271431404157571072
1271431479332147201
1271431577344643074
1271432091113099270
1271432241688842240
1271432242573778946
1271432244377288706
1271432246264766464
1271432599152590850
1271432987801014273
1271433152184094721
1271433165966577666
1271433376520642560
1271433996417798147
1271434106090520579
1271434142933299201
1271434303189237761
1271434386588696577
1271434402824769538
1271434483905028099
1271434486253666304
1271434558836260866
1271434708942041088
1271434780324872192
1271435049699880962
1271435065084567553
1271435514009153540
1271435702958542850
1271435894256435205
1271436150339764224
1271436349107769344
1271436479592632322
1271437247141892099
1271437284001251328
1271437567922241536
1271437625279148032
1271437828870684673
1271438234501947393
1271438252076077057
1271439166925045762
1271439605200453638
1271439719348355073
1271439860201635841
1271440486440620037
1271440924858441728
1271441410747772928
1271441597415055362
1271441908833964036
1271442561488482306
1271442828795707394
1271443147059605504
1271443823655374849
1271443903833444354
1271444239574896640
1271444438456418305
1271444669919113217
1271444711241326592
1271444723845279750
1271444808431620097
1271445315049140226
1271445429624778758
1271445941061640192
1271446077716250625
1271446602092249088
1271446741511024640
1271446903151120389
1271446922138513417
1271446928241209344
1271447791974281217
1271447819862319106
1271447861721477122
1271447949445410816
1271448303654191104
1271448372956688384
1271448491831812099
1271449018602860544
1271449185913626625
1271449363777155074
1271449423911030785
1271449437626224652
1271449826861780995
1271450343063220224
1271450619031814144
1271451292423028737
1271451345598504964
1271451701631873025
1271451958948147200
1271452210904338432
1271452357319102464
1271452496477794304
1271452524831223810
1271452812505948162
1271452927769677824
1271452991812284416
1271453382960656384
1271453416766783489
1271453491073110016
1271453939418963968
1271454818196848640
1271456011438694400
1271456131001380865
1271456189646241792
1271456460275408903
1271456588885225476
1271457040645447684
1271457050783080448
1271457375510298625
1271457469148139523
1271457483198889984
1271457569282953222
1271457781565054976
1271457847373692929
1271457995256287232
1271458412434526218
1271458958050549760
1271460120619290629
1271460291457343489
1271460476765958146
1271460705590546432
1271460740776550400
1271460988340953089
1271461311394742272
1271461863457513472
1271461978960064520
1271461986962935810
1271462277481299969
1271462280836771842
1271462284104253440
1271463347129483265
1271463677716164609
1271463682124525569
1271464114792079361
1271464299626524672
1271464323127349248
1271464367536500737
1271464444376182789
1271464649192587272
1271466107023634432
1271466589980745728
1271466691818434560
1271467069666504705
1271467176051068929
1271467398785314817
1271467742424633344
1271468942301822984
1271469014171041792
1271469028951932928
1271469321064083456
1271469700900433921
1271470155323699200
1271470159048425477
1271470197681950722
1271470551052292100
1271470563098103809
1271470705909960704
1271470954384732161
1271471136879058945
1271471169053634563
1271471245457076224
1271471511313014786
1271472155323019265
1271472342384836608
1271472479723294720
1271473458384220161
1271473465816764416
1271473610448912387
1271474230165753856
1271474444746330112
1271474870665318402
1271474963476877312
1271475269832933376
1271475382894510081
1271475700902637568
1271475780804055040
1271476123399081984
1271476919545053184
1271477336383332353
1271477538783666177
1271477575307706369
1271479083742855168
1271479249472573441
1271479434005053440
1271479502875635714
1271479540674637826
1271479637109993477
1271479654130606081
1271479716776640514
1271479941654286336
1271480224820137984
1271480363366350854
1271480527044870146
1271480568409178120
1271481208392777728
1271481297135951872
1271482171350331392
1271482279487922176
1271482367396515841
1271482641171300355
1271482761380081665
1271482922831360000
1271482998148534273
1271483374490783745
1271483419554451458
1271484037396398081
1271484375595724800
1271484805444755457
1271484944473378818
1271484958629138433
1271484989184577540
1271485077327880198
1271485820797583363
1271485958039404546
1271486166446018560
1271486308469202945
1271486594298642432
1271486692294144001
1271486770450960389
1271486808681967616
1271486961308631040
1271487447625498628
1271487608909160448
1271487633219137536
1271487646779531264
1271487676596789249
1271488135210377218
1271488145532600322
1271488339284090882
1271488587826171911
1271488728717053955
1271489361981440002
1271489429585063937
1271489494047309824
1271489502125662211
1271489582727602178
1271489690013663234
1271490227148816385
1271490333281402881
1271490655701864450
1271490813726298112
1271490826787586050
1271490915073355776
1271491190697779202
1271491535738212352
1271491596391981056
1271491991956852736
1271492344517259264
1271492474779754497
1271492790438920193
1271492901520932864
1271493068496277512
1271493079581757444
1271493105452187649
1271493125802995713
1271493345106329608
1271493438886809600
1271493721872351234
1271494119337099268
1271494221837422592
1271494417036316673
1271494494807101443
1271494709668540416
1271494996013834240
1271495092726116352
1271495166982045696
1271495655492632578
1271496129411047424
1271496519947030528
1271496761492664320
1271496893223391232
1271497008071602177
1271497126787178496
1271497205900328961
1271497231292604418
1271497313006096384
1271497314931179520
1271497433281855489
1271497561313103873
1271497636001054720
1271497640488964097
1271497739646484482
1271498089379934208
1271498126256492544
1271499213566664705
1271499393019990016
1271499870654746624
1271500140923293697
1271500186041282560
1271500229087379456
1271500283378630657
1271500377150689283
1271500508075831298
1271500868291084289
1271501257191174144
1271501767549878273
1271501854011244544
1271501856162775040
1271501979219623937
1271502370858360833
1271502453456986115
1271502458792161285
1271502595643682816
1271502671308939264
1271502708428726274
1271502987328978944
1271503074591338498
1271503256745844738
1271503599076433920
1271503610581524484
1271503924898394114
1271503934906159106
1271504460557230080
1271504512486801409
1271504564148002816
1271504672822407171
1271505212193177602
1271505250751598593
1271505637722091520
1271505714700304386
1271505717896282112
1271506064048037889
1271506708842635264
1271506732825686023
1271507316840390656
1271507316240596993
1271507318153199616
1271507320724307968
1271507329364574208
1271508114404229120
1271509222224789512
1271509456862326786
1271509710571573249
1271510442565869568
1271510929838968833
1271511028996673537
1271511665398472705
1271511800379514881
1271512114021249025
1271512147634380801
1271512674107633665
1271512692860256256
1271512927007379457
1271512968510033926
1271513238694486016
1271513451001606150
1271513674080047104
1271513787737223169
1271513879823204359
1271513915680108544
1271514118852349952
1271514142575378439
1271514871109042176
1271515023970533376
1271515133173325824
1271515393169879040
1271515402133049344
1271515411511533568
1271515461361061888
1271515622342455296
1271515623428722688
1271515701656850432
1271515744744820736
1271516125134815233
1271516259973283844
1271516472460873728
1271516547538968579
1271516861239382020
1271516916897574912
1271517419375398912
1271517702885191680
1271517750343729154
1271518640970649600
1271518926271324162
1271519037021978625
1271519122594172929
1271519200310411264
1271519395030855680
1271519776830078977
1271520277374124033
1271520785526644736
1271520829826875393
1271520854669746176
1271521177236836358
1271521271252221954
1271521527872159744
1271521612270108672
1271521621396918272
1271522114386964480
1271522166471749632
1271522169109876736
1271522171093782528
1271522173123915776
1271522297883525120
1271522370059108353
1271523340713426944
1271523411748151296
1271523559869943813
1271524110586253312
1271524357404332032
1271524396151083008
1271524433119727616
1271524440107552775
1271524503542259714
1271524600526979072
1271525155089584129
1271525164384165888
1271525662155833348
1271525985729556482
1271526282044596229
1271526485623439361
1271526497212227584
1271526713713922048
1271526803115511809
1271527142711492614
1271527521067163650
1271527787627778052
1271527828958457858
1271527861468487680
1271527881508880385
1271527885829005316
1271528125382483969
1271528409995161600
1271528564740042753
1271528714262638594
1271528780763402241
1271529020895551488
1271529161815982093
1271529458198024195
1271529543203987456
1271530499304042497
1271530584414666753
1271530754560929799
1271530850048344064
1271530958500618242
1271531032194383872
1271531129317871622
1271531231625318400
1271531292656644097
1271531521623699456
1271531782815563777
1271531888839196672
1271531902692925442
1271532400317784069
1271532622448152581
1271533549221548032
1271533677227454466
1271533760194809857
1271533860296077312
1271533888947597313
1271533941816610817
1271534050868637700
1271534223640461320
1271534260554514434
1271534472874258432
1271534622984159232
1271534647273328640
1271535048869675009
1271535126971744256
1271535254713622528
1271535965702688768
1271536608538492931
1271536759025917953
1271537022079922177
1271537023094943744
1271537024164487168
1271537591582679040
1271537799087325185
1271537948731809792
1271538050615717891
1271538093481484293
1271538672458846208
1271538746349899777
1271538838691885057
1271539150014029824
1271539158142476288
1271539544794509312
1271539613484621826
1271539782619979777
1271539811250208768
1271539950517800960
1271540064040951809
1271540636156600321
1271541200881954818
1271541430045913089
1271541922834890760
1271541933140254722
1271541954938011654
1271542049506906113
1271542512109318145
1271543214483353600
1271543726800658433
1271543834686693377
1271544401639006208
1271544747887394816
1271544970462334983
1271545911668281345
1271546138336862212
1271546260898660352
1271546637299703808
1271546967106236422
1271547730742185993
1271548184410484736
1271548272969158661
1271548382587293696
1271548735546363904
1271549075943555072
1271549121858605057
1271549585052389376
1271549626542436353
1271549707215609858
1271550170916966401
1271550275757772800
1271550631640281096
1271550729505787904
1271550750452318208
1271551326594519045
1271551612969005060
1271551624100679683
1271551771702427655
1271551776408268801
1271551920847585280
1271552027932463104
1271552238146564097
1271552242252804097
1271552243360133120
1271552312696340483
1271552447539040256
1271553155017383937
1271553197379858432
1271553234935713793
1271553290992406528
1271553552473821184
1271553830258442240
1271553943647195137
1271554036618100742
1271554181506064384
1271554184912011267
1271554238976593923
1271554448419143682
1271554579499495428
1271554715130769414
1271555235459338241
1271556466923560960
1271556676592771074
1271556788962410497
1271557396402495489
1271557538484563969
1271557540929851397
1271557865363443712
1271557903154130944
1271558404977246208
1271558497419825159
1271558769319780354
1271558772222238720
1271558773379936256
1271558774415900673
1271558776513069056
1271558793067991041
1271559418220552192
1271559542808219651
1271560146095931392
1271560419245617152
1271560541333528576
1271560611630125057
1271561115525406723
1271561414566608898
1271561612441387008
1271561896953442304
1271562460940472320
1271562523695878150
1271562586472026116
1271563002777686016
1271563089843011586
1271563182901993479
1271563226799419396
1271563438817521666
1271563465728176129
1271563843500720129
1271564161777045505
1271564212473487360
1271564481898975234
1271564587402498049
1271565376405426177
1271566545622388738
1271566599556861954
1271566796462661632
1271567225153941504
1271567460794318850
1271567579459567617
1271567987066253312
1271567994645147648
1271568114065563655
1271568443117109248
1271568457352581120
1271568630954651648
1271569432385552391
1271569447476588546
1271569507866365955
1271571268572151808
1271571549880008704
1271571709045493760
1271572096955662336
1271572245777956865
1271572247275122690
1271572412866400256
1271572571461431298
1271572918703501312
1271573009069998082
1271573118981558272
1271573205510045696
1271573754003574789
1271573983071293441
1271574002746744836
1271574224541552642
1271574284054429697
1271574376857518080
1271574424211292160
1271574651966091264
1271574720031440896
1271574758136528896
1271575107677433856
1271575310346203142
1271575442793787392
1271575766690672649
1271576501096460288
1271577914010750978
1271578469558870016
1271578729849008129
1271578959239696385
1271579620500844544
1271580094964862978
1271580179370917889
1271580675322163200
1271580705634398209
1271581340782276610
1271581370763087873
1271581806504996865
1271581809382318080
1271581854638931971
1271582110457851905
1271582218130010112
1271583077874102272
1271583704503197701
1271583741610205190
1271585174237720577
1271585235176755200
1271585963882328064
1271586216681467904
1271587481083731968
1271587723715866630
1271588331571339266
1271588459992449025
1271589146570743815
1271589429665247232
1271589589409583107
1271590184547758086
1271591023295135745
1271591497779970048
1271592090011607051
1271592321151270912
1271592507499925504
1271593064277192704
1271593121818828811
1271593322646249478
1271593392640675840
1271593901749649408
1271594269208219649
1271595095805083650
1271595307172847617
1271595524819496962
1271595572298825730
1271595658827489281
1271596026311237632
1271596530277834754
1271596531334868994
1271596533184634880
1271596728702173184
1271596862286503938
1271596912756613124
1271597428026691584
1271597452639035392
1271598013450817539
1271598022774984704
1271599189512744960
1271600533569245188
1271600709734203392
1271601167051771904
1271601939650768896
1271602193091698688
1271602325946327043
1271602641840242690
1271602749126225920
1271603092140720128
1271603283384078337
1271603618706268169
1271604809339219970
1271605615119470592
1271606576143630336
1271606886517936128
1271606915987132419
1271606988896641024
1271607520969162753
1271607592842919936
1271607713378832384
1271607806869803008
1271608263554084869
1271608333489836034
1271608371360251911
1271608757802414081
1271608872919171072
1271609008957382656
1271609143363694593
1271609254017994752
1271609625532461056
1271609749348380674
1271610375050612739
1271610473142800386
1271610491929006083
1271610756102893568
1271610875854548992
1271611191530524673
1271611193577390086
1271611283452936193
1271611507923705856
1271611508150026240
1271611518765785089
1271611644171476993
1271612138348519426
1271612471644749824
1271612879205171201
1271612894271111169
1271613123817021447
1271613200212131843
1271613592597643264
1271613981518475264
1271614098153918465
1271614111244304385
1271614752494456833
1271614776477495296
1271614828625485826
1271616588802859013
1271616589956288512
1271617637735215104
1271617812956577792
1271618139051048961
1271618174937530368
1271618176757858304
1271618177735094272
1271618178666266625
1271618394916368384
1271618560100622350
1271619566280617990
1271619853615534083
1271620345364189184
1271621444158578688
1271622432512753664
1271622905898520576
1271622934675591170
1271623111671255048
1271623355007791104
1271623917426421766
1271624967931789313
1271625270139781123
1271625611086147584
1271625841664032770
1271625969586114560
1271626226050850817
1271626227028131841
1271626228026335232
1271626228332498944
1271626731590475776
1271627505959485440
1271627832565923840
1271628519316094982
1271628897042513928
1271629188307574784
1271630307951861760
1271630321344229377
1271630512038334466
1271630609178378242
1271631251854721027
1271632630157660162
1271632901138903040
1271632932600496128
1271633202554298368
1271633264793604096
1271633381030350849
1271633702343319552
1271634172331917312
1271634689158193154
1271635125285969920
1271635392819798016
1271635971977723909
1271636851854438400
1271638558239944704
1271639081160634368
1271639549236654081
1271639623626829824
1271639648910151681
1271639917098151936
1271640002066145280
1271640214277165056
1271640835893932032
1271640957306523649
1271642039520768000
1271643261015187456
1271643415063617536
1271643607884152833
1271644358979325955
1271644495080067073
1271644605176524802
1271645035310780417
1271646141688446977
1271646394949021696
1271646708477366273
1271646708716322822
1271646889482399745
1271647250381524992
1271648653569122304
1271648906380742658
1271649758092750848
1271649760206655488
1271650050892939264
1271650084342517760
1271650086276272130
1271650413733789697
1271650536140537856
1271651445859856384
1271651551640088578
1271652496956551168
1271652805300891654
1271652898397581313
1271654047557263360
1271654760706433026
1271654981217800192
1271655318267854848
1271655796145901573
1271657308276371456
1271658492034678789
1271659217380761601
1271659459362742272
1271659695082631169
