1276008979278311424
1276009032877301762
1276009033800056835
1276009108034867202
1276009882597167104
1276009978395078657
1276010639371063297
1276010698699534336
1276010700880719874
1276011111817633792
1276011547446435841
1276011573144891397
1276011925378338828
1276012011965558791
1276012500451016704
1276013043835682821
1276013609680855040
1276013898584543232
1276013933971812353
1276014017157398528
1276014444636758016
1276015010842578944
1276015299465220096
1276016261143683072
1276016456812105728
1276016548252127232
1276016689415688200
1276016819590004736
1276016998644842496
1276017078059839489
1276017192375652353
1276017204883005440
1276017514535890947
1276017619175378945
1276018161981120514
1276018772453851138
1276018780456603649
1276019108761534465
1276019233147637761
1276019561221980160
1276019672043962368
1276019994229452810
1276020805474762754
1276020806582013952
1276020811241975809
1276021073394438146
1276021107833868288
1276021349081890816
1276021789576003590
1276022196943695872
1276022823643951104
1276022851754242049
1276023078246440960
1276023090556829696
1276023582448128001
1276023586717720576
1276023656242655232
1276023703445389322
1276023810777636865
1276023970937044992
1276024183269588993
1276024552695439361
1276025013917954048
1276025367556435968
1276025457607995392
1276025519759335424
1276025635610255360
1276026093062029314
1276026114301816833
1276026519224188930
1276026851874484225
1276027009722974208
1276027231656185856
1276027813863272448
1276027926400688128
1276028278382395392
1276028397836218369
1276028505738768384
1276028883616268288
1276029155906252800
1276029346130661384
1276029388509925376
1276029597532946434
1276029627195105280
1276029876911382533
1276030389140828161
1276030584180129792
1276031849572302850
1276031983814979584
1276032138123468801
1276032172634365952
1276032384719257601
1276033997781577729
1276034114525622272
1276034512275689474
1276034550422999046
1276034688075825156
1276034834188681217
1276034846570303498
1276034860788920320
1276035197369106432
1276035667315826694
1276035783359512577
1276035914410741760
1276036079506915329
1276036493103050752
1276037679059271680
1276037797418119169
1276037839541669892
1276037929824026624
1276038047918776322
1276038216999559169
1276038360784609282
1276039045328572417
1276039230066696192
1276039536376795140
1276039780044808193
1276039932532994049
1276039949805027328
1276039953307205632
1276040684919754753
1276040929238024193
1276040949567643648
1276041093256228865
1276041159698251776
1276041204531167241
1276041765657739264
1276041783399591950
1276041978808016901
1276042094386298881
1276042268487626757
1276042383008894976
1276042399287062531
1276042805165555715
1276043481799155712
1276043562178748423
1276043935492771843
1276044334018760704
1276044709648125952
1276045475485974529
1276045591936667656
1276045783545110529
1276046700449157120
1276047015768621056
1276048052286038016
1276048230711799808
1276048403357671425
1276048564582563841
1276048717909504006
1276048871378923522
1276049277823959040
1276049367984680962
1276049677717319681
1276049716502036481
1276049761834016770
1276050274105413632
1276050379168296960
1276050755783282688
1276050764033474561
1276050767690915841
1276050769741877248
1276053030572441600
1276053034250850304
1276053169613799429
1276053347846545408
1276053686100406272
1276053690332389378
1276054105186881537
1276054948099301376
1276055616730148865
1276055726620905473
1276055808602710022
1276056688135553024
1276057024095227904
1276057568234831873
1276057886834126850
1276058111430836224
1276058653603377152
1276058968775897094
1276059366639230976
1276059868756168704
1276060284654886913
1276060937829695489
1276060964580995074
1276061645161275396
1276061820474650624
1276062170040729600
1276062244871208961
1276062488841334784
1276062680726605824
1276062874159525890
1276062957017993216
1276063014161125376
1276063213189120001
1276063314565570560
1276063314565570560
1276063756498407429
1276063789205635073
1276064352689250305
1276064389301485569
1276064392556265473
1276065618341646336
1276065780736634881
1276065856728924161
1276065861543968769
1276065864651948033
1276065985091514368
1276066124241743872
1276066192596389890
1276067335024017409
1276067745642078209
1276068043597262848
1276068168050503681
1276068228138250246
1276068937386557440
1276069345949626368
1276069674078179328
1276069994477076480
1276070069425094656
1276071321303240704
1276071368241618944
1276071699881000961
1276072740622086154
1276072899040903170
1276072916665466881
1276073027151765509
1276073037989888000
1276073098446544896
1276073358854025217
1276073437153439745
1276073531290288130
1276073780318740481
1276073842214133760
1276074106384011264
1276074230094987264
1276074414115823616
1276075091374346240
1276075220969848835
1276075227051626496
1276075364868067328
1276075679394623489
1276076159885869063
1276076474655784968
1276076582797541376
1276076647771488256
1276076687336312832
1276076930928791553
1276077298303803392
1276077612788518917
1276077695751913472
1276077734129778690
1276077851125702656
1276077977877516289
1276078210674053127
1276078313048469505
1276078560256634885
1276078645505929216
1276078674123673600
1276078700707090433
1276078748186619906
1276079254879510529
1276079728848322561
1276080038232969216
1276080958173671425
1276080961130622981
1276080961839460352
1276081279759462402
1276082022725947392
1276082053625393153
1276082095014596609
1276082310648074241
1276083258032259079
1276083346049609731
1276083613444927489
1276084025422163970
1276084249486143488
1276084492319567872
1276084972386951168
1276085314579304449
1276085316508581888
1276085331222200320
1276085421865406464
1276085428144214019
1276085580108095490
1276085631454793728
1276086033105465344
1276086197367066624
1276086618424737792
1276087013939138561
1276087105664344064
1276087183280144385
1276087216738050049
1276087264859340802
1276087265350082561
1276087620448157697
1276088579261898752
1276089098877448193
1276089215583911937
1276089282214670337
1276089359503155200
1276089396580823041
1276090080248115201
1276090100800159745
1276090786421997568
1276091570400497666
1276092797528027137
1276092897847316480
1276093165859155969
1276093209026969600
1276093282309640193
1276093690151387137
1276094093404315650
1276094176246018058
1276094282340937728
1276094292839198720
1276095153506332673
1276095394750042112
1276095496994553856
1276095643354890240
1276095809352802305
1276095843649585152
1276095845922996225
1276095951426461697
1276095972662284289
1276095989787566083
1276096319401017344
1276096333666029568
1276096585760485376
1276096887398039552
1276097443214487559
1276097512244490240
1276097771775426567
1276097875601227776
1276098565509709824
1276098895240708096
1276099313593135104
1276099920580182018
1276099996274905088
1276100012255084546
1276100109583990787
1276100335707344896
1276100359149232128
1276100480779853824
1276102076880355328
1276102456330661889
1276102473128837125
1276102588618833920
1276102637344063490
1276102774191566848
1276103134419484674
1276103252648570886
1276103360274247681
1276103425139376128
1276103450045095937
1276104083322081281
1276104269716951040
1276104398964428802
1276104532829843456
1276104861826740224
1276104926356295683
1276105916182560768
1276105954690576385
1276106090388885504
1276106227299373057
1276106276171284481
1276106324586217472
1276106484850593794
1276106653298053121
1276106798127333378
1276107026725306368
1276107528586301442
1276107821042536448
1276108013187801090
1276108018028085248
1276108398178664448
1276108408786161670
1276108762965635073
1276108932478615552
1276109650228846594
1276109902415646721
1276109998037381120
1276110137934123008
1276110248487669761
1276110650310197252
1276110650024931328
1276111026119782400
1276111134932766721
1276111282752503808
1276111706884911105
1276111744985903110
1276112115556851719
1276112291319017472
1276112292413763584
1276112569044959232
1276112709134594048
1276112750964543491
1276113067546415105
1276113533974056962
1276113948350181378
1276114048946495488
1276114050074554369
1276114177484918785
1276114216999583744
1276114827124060161
1276115026701701120
1276115064974647296
1276115151943602176
1276115192452169728
1276115308692910081
1276115410014920704
1276115743894011904
1276116338688307200
1276116681077612546
1276116742822117384
1276116882169499649
1276117115984990208
1276117150244241408
1276117274110365697
1276117312626741248
1276117701170094080
1276117755230552065
1276117876349566978
1276118075331543041
1276118218290192384
1276118352302350336
1276118443532697600
1276118466634924032
1276118473274527745
1276118482426507266
1276118700068712448
1276119080110563328
1276119211732086786
1276119268296359936
1276119369672732672
1276119602259464193
1276119622173982721
1276119680516788225
1276119878601265157
1276120029495472128
1276120049397440513
1276120089243185155
1276120195933888517
1276120390843023360
1276120564026015744
1276120705114025984
1276120733660438530
1276120841487437824
1276121226931511301
1276121437812785152
1276121608592273409
1276122461361393670
1276122532723281921
1276122624637140992
1276123293859397632
1276123381436481536
1276123608423825408
1276123624928354304
1276123985655271428
1276124059936468993
1276124135018713088
1276124257068687360
1276124282322587649
1276124409867182087
1276124644668514311
1276124738176331778
1276124970784038912
1276124995379507200
1276125017462452229
1276125045849559040
1276125059556544513
1276125148135866369
1276125291618992133
1276126087513284613
1276126091481137152
1276126830475587585
1276126870069706752
1276126930476175360
1276127231673237504
1276127233686601730
1276127524892708864
1276127526452998144
1276127527535173640
1276127969673719808
1276128154587992064
1276128501142302722
1276128693828681729
1276128737247916034
1276128744667852800
1276128863609851904
1276128901413167108
1276129029368709121
1276129093227089921
1276129220285140992
1276129237301440513
1276129449558380545
1276129467937828868
1276129666672230401
1276129953726238727
1276129995065372675
1276130176565477376
1276130297130729472
1276130343737864192
1276130390655328261
1276130425434447880
1276130523744800769
1276130604820697090
1276130670729932801
1276130734198095875
1276130917329842176
1276130967070093313
1276131165871706115
1276131220783587328
1276131228190674950
1276131451084423170
1276132140082556928
1276132271397855232
1276132449232261120
1276132514416005120
1276133161144123393
1276133165438992386
1276133737504309249
1276134307409600513
1276134305350082562
1276134353140158464
1276134573332668419
1276134584451829762
1276135763340677122
1276135798673416192
1276135986284703750
1276136113321672722
1276136212651290624
1276136421120774145
1276136577920573441
1276137091169234944
1276137369389891585
1276137539338895362
1276137721422102534
1276137878485995523
1276138163266871297
1276138314672865280
1276138473536225280
1276138531052679168
1276138646069022720
1276138913845952512
1276138930300227585
1276139520367505409
1276139557721866240
1276139704795172865
1276140657422237697
1276141419959287809
1276141563467399168
1276141865528590336
1276142154352676865
1276142195863674882
1276142234971377665
1276142364143296512
1276142456434761730
1276142694302199811
1276142822484295684
1276142916415762433
1276142973068161024
1276143131398979586
1276143140529987585
1276143472819527683
1276144305741205505
1276144667663400962
1276144670712696833
1276144940590956546
1276144991547654147
1276145053761667072
1276145088377298945
1276145096120045568
1276145215770894342
1276145740713246720
1276145876264800265
1276146420681256961
1276146513740062720
1276146569021206531
1276146774537834496
1276146869543075841
1276147023268311045
1276147058278268930
1276147415502983169
1276147432636551168
1276147636291207171
1276147657182834689
1276148085094330369
1276148311158861826
1276148380088049664
1276148389013487616
1276148567489548290
1276148615484932098
1276148617255047170
1276148677757853699
1276148682220593154
1276148700088283137
1276148780954353669
1276148833102299140
1276148852312150017
1276149156239814656
1276149356484272139
1276149507986726920
1276149624479404032
1276149825642299396
1276150123869933569
1276150207177252873
1276150698699300867
1276151011892133893
1276151618162081794
1276152203326246913
1276152311178502146
1276152412873555968
1276152497816719362
1276152737894367240
1276152888805462017
1276152993126256641
1276153164044140553
1276153337818251272
1276153377186091016
1276153631633440768
1276153719135010816
1276153920839208960
1276154062677909507
1276154070231920640
1276154455612940288
1276154491201519617
1276155016546566144
1276155324253327362
1276155393429905416
1276155607331090432
1276155659751432193
1276155777955348480
1276156020415434752
1276156075348279298
1276156131556163592
1276156318634725383
1276156370430103557
1276156951915872274
1276156966545620992
1276157047659257856
1276157139086704640
1276157334209912832
1276157741594279937
1276157797428867075
1276157825136328710
1276157892576583682
1276158010189123587
1276158086709993472
1276158173091692547
1276158363068502016
1276158486372659201
1276158546321825792
1276158553879990273
1276158559928057857
1276158722901934082
1276158976971988992
1276159312839217153
1276159422692315138
1276159894035615746
1276160798889574405
1276160822981677058
1276160899196358658
1276161254802051075
1276161397882343426
1276161432019763207
1276161542116061186
1276161581269876737
1276161591281692678
1276161604699160581
1276161702128693255
1276162365554376707
1276162515534217218
1276162612493942799
1276163276922126343
1276163949663322113
1276164267146960900
1276164271282454530
1276164367550156801
1276164955855822851
1276165012659240961
1276165221065908228
1276165400208855046
1276165656891850752
1276165710243336192
1276166171549728768
1276166808651825155
1276166973492248576
1276166983923499015
1276167401609080835
1276167452058058758
1276167629758136320
1276167875737387010
1276167885921095682
1276167973657608193
1276168176234086406
1276168343884627973
1276168663587061761
1276168717391536137
1276168890373062658
1276169166182113287
1276169275355561986
1276169372747419653
1276169883399720960
1276170114233237504
1276170185326673920
1276170454429052929
1276170597320589317
1276170772537643011
1276170892977078277
1276171057720750080
1276171235479760896
1276171363603173376
1276171422596050945
1276171516410036225
1276172269665103874
1276172417539301377
1276172422006427649
1276172564901978112
1276173079836835840
1276173138422910978
1276173160287817728
1276173251497136128
1276173280152616962
1276173306627002369
1276173372884488193
1276173541956861954
1276173690477019136
1276174683361116161
1276175325676765186
1276175359776567298
1276175665289736195
1276175986187481088
1276176071180894208
1276176250575499264
1276176603475849218
1276176992711344128
1276177289412317185
1276177467544268800
1276178257214353414
1276178514782322688
1276178603240091648
1276178640720535553
1276178678544728066
1276179194796371974
1276179445309747200
1276179696863109121
1276179890161713152
1276180012547407876
1276180021636407296
1276180084714614785
1276180112577376257
1276180172723585024
1276180179300372481
1276180545664421889
1276180616162217991
1276180640686379008
1276180918953283586
1276181387985461250
1276181458802085889
1276181519531466758
1276181548341944325
1276181691724414979
1276182716975849473
1276182835230126080
1276182903651786752
1276183078587625473
1276183263481147392
1276183478145560579
1276183673331748864
1276183774418608130
1276184247951396864
1276184940883906561
1276184982680219651
1276186081998897158
1276186177620643840
1276186355161333763
1276186437562613761
1276186473587507200
1276186867218747392
1276186928149389315
1276186985485357056
1276187281154428929
1276187374922465283
1276187467700473858
1276187545785839617
1276188320314294272
1276188926449983491
1276189381666234368
1276189442663833600
1276189670917849088
1276190132899627008
1276190301103820803
1276190778151362560
1276190918404603905
1276191320332271621
1276191584258752514
1276191636146606091
1276191755566792707
1276192074661007364
1276192231435784198
1276192277380153345
1276192290592219136
1276192313178566658
1276192342815453190
1276192525796159490
1276192692293304320
1276192692217606145
1276192750715707394
1276193232448339971
1276193426049032195
1276193497457070082
1276193623495729152
1276194041080754180
1276194574290104322
1276194595404230657
1276194746571141123
1276194746860437506
1276194863566987264
1276195110955421696
1276195359123890177
1276195381488111623
1276195418762870785
1276195553957818370
1276195661214625794
1276195963816861696
1276195975225389057
1276196483361050626
1276196817961734145
1276196859976040448
1276196861854887937
1276197279611879426
1276197371597258754
1276197541936353280
1276197574140198917
1276197575373336578
1276197611670773760
1276197678129598464
1276197716662661120
1276198290393096193
1276199038963134464
1276199531831603207
1276199826879918085
1276200012049977351
1276200149383962624
1276200157516910594
1276200165507039232
1276200660950802433
1276200706786066432
1276200710380703744
1276200884066811905
1276201009044316160
1276201021220491264
1276201243678052359
1276201323680141312
1276201390944247814
1276201803047211009
1276202134715826178
1276202745473699843
1276203021345665027
1276203069055873024
1276203308236050432
1276203517208702977
1276203639791468544
1276203652231938051
1276203675606810624
1276203987004465154
1276204307331919873
1276204420720660482
1276204456934281223
1276204577596071938
1276204781426655233
1276204804122062849
1276205150390980608
1276205248508383232
1276205256368685056
1276205283388338180
1276205292301287424
1276205341089435648
1276205640038273024
1276205643146366977
1276205651765547009
1276205817163845632
1276205869617811457
1276206352654692352
1276206755245105153
1276207024389357573
1276207112000090112
1276207281005363200
1276207805402435584
1276207859999469568
1276208236253851650
1276208308127510528
1276208329191313409
1276208361562935296
1276208499891068928
1276208520392736770
1276208869849608192
1276209712070045698
1276209917859368963
1276210358135463936
1276210437504131072
1276210547235729410
1276210947229724674
1276210995946455042
1276211202553712643
1276211316999491585
1276211479046434816
1276211546801217547
1276211749667078147
1276211806516674560
1276211901777797120
1276211969532604425
1276212196129865728
1276212278849912832
1276212417022906368
1276212559503175680
1276212577274454016
1276212613756661760
1276213056817762352
1276213084428947463
1276214493148860416
1276214494050443264
1276214627957948419
1276214876692717569
1276215294097268737
1276215421897707522
1276215467275890688
1276215575849635844
1276215757576327168
1276215824618004482
1276215848408158212
1276215853881667587
1276215901172363264
1276215970676129792
1276215974589415431
1276216036178698243
1276216218039574540
1276216268899614721
1276216271709908997
1276216330568577024
1276216407487733760
1276216443818958848
1276216518834106369
1276216957004648448
1276216973701951494
1276216976956723201
1276217024558104577
1276217120372727808
1276217308114010113
1276217358655225856
1276217521344000003
1276217746271936520
1276217752995467265
1276217899259133952
1276217946109550596
1276218146593128454
1276218181665935363
1276218282215985153
1276219155142893576
1276219298248343552
1276219319416958981
1276219400555814914
1276219413075640321
1276219620073013249
1276219642307121153
1276219716818939904
1276219890857390080
1276221525490896898
1276221774364119040
1276222166263087111
1276222302401650689
1276222412997230592
1276222488331128832
1276222496291778560
1276222763733143552
1276223493210886150
1276223604829626373
1276223755262595072
1276223885365608449
1276224078152597506
1276224158238638087
1276224528180338689
1276224704559407104
1276224824021528577
1276224863322193920
1276225499455422466
1276225562843836417
1276225655647154178
1276225663805067264
1276225927404376064
1276225956848504838
1276226188172722181
1276226335313141760
1276226550879465475
1276226573830504449
1276226665094488064
1276226796850016256
1276227220940480514
1276227702652108800
1276227832193134593
1276227869992091648
1276228150935064583
1276228300415946754
1276228308842229762
1276228484294234118
1276229249486262276
1276229582597820418
1276229593918328833
1276229706346631168
1276229803750744064
1276229840249782273
1276229932327280649
1276229950803251200
1276230072505184259
1276230106424520707
1276230257578848264
1276230737679781890
1276230935642603520
1276230936649101312
1276230955737513984
1276230956865728514
1276231207584444418
1276231275649662976
1276231580982403074
1276231588779634688
1276231988098338817
1276232022059552769
1276232152829628416
1276232234911989760
1276232319452381184
1276232559303811074
1276232839000920066
1276234399672131584
1276234793584406529
1276234903009595394
1276235083440062464
1276235152272785414
1276235155296997376
1276235239317266432
1276235324763619330
1276235789819678721
1276236028966289409
1276236472497078272
1276236687010607104
1276236718593708032
1276236750248017921
1276236956792487936
1276237046831554560
1276237133578190848
1276237284128575488
1276237271470088193
1276237335097729024
1276237661070602240
1276238011487961088
1276238800151347200
1276239103844024320
1276239579247284224
1276239877202497538
1276240040973172736
1276240088712781824
1276240091934056449
1276240172305260544
1276240264785539077
1276240935454683138
1276240935727304706
1276241648062791681
1276241830095605761
1276241934281932800
1276242274272391169
1276242277338316800
1276242395164631040
1276242427947384832
1276242615789379584
1276242936645267456
1276243247774531591
1276243311402123269
1276243370927587329
1276243490477916162
1276243506177155073
1276243531791810562
1276243676717551616
1276243805205925893
1276244248065642503
1276244759884050433
1276244983247486977
1276245133659222016
1276245245521510401
1276245353130528769
1276245577685229573
1276245656949133312
1276245854005977095
1276245868593766408
1276246169467760640
1276246966201208837
1276247063009783809
1276247410348625920
1276247514619011081
1276247705396883456
1276247788888743943
1276247809377947648
1276247823328186370
1276247879921917959
1276247892500627456
1276247935404044288
1276247980446830595
1276248098529042463
1276248192275922944
1276248215424286722
1276248291596922880
1276248424871059462
1276248731256578050
1276249584461926400
1276249856017915904
1276250132015722496
1276250373964128256
1276250623764246528
1276250686053892096
1276258341824716801
1276258608607645696
1276258824274485254
1276259739932987392
1276260487701893121
1276260494878347264
1276260511269732352
1276260538545106945
1276260601799618567
1276261245105078272
1276261265384460289
1276261266210689024
1276261267750023168
1276261341783785472
1276261377003438080
1276261423203733514
1276261642838343681
1276261667672862723
1276262016982933525
1276262152920170496
1276262154077745152
1276262234461818888
1276262504948170753
1276262656597516289
1276262657197309955
1276262677057343493
1276262706807480320
1276263172782071808
1276263189668380672
1276263618405961730
1276263688794767361
1276263781677641728
1276264041602678785
1276264426186964993
1276264464107687936
1276264549268762625
1276264575323652096
1276264956099547142
1276265592874577928
1276265845715582976
1276265912371482625
1276265931551969290
1276266021884768258
1276266112272007170
1276266331265011718
1276266986251718657
1276267242188083202
1276267732137279488
1276267790710816768
1276267849233948673
1276267891122409474
1276267938199330817
1276268122379628544
1276268191799484422
1276268272862629889
1276269280473034752
1276269569234153478
1276269849514254336
1276269889259520002
1276270212279611403
1276270428432957440
1276270597211860993
1276271935119392768
1276272389848854528
1276272617750757376
1276272761338564610
1276272823774912512
1276272928548683777
1276273301623574528
1276273596881666048
1276273653890584576
1276273758848851977
1276273806202540032
1276273925345837058
1276274167550226437
1276274301860225026
1276274644891336704
1276274697987121154
1276274863020347397
1276274863703855106
1276275254093062144
1276275410125361157
1276275479696343042
1276275489158631424
1276275687599550464
1276275764892258306
1276276070199820288
1276276097185964033
1276276170825314304
1276276237288136705
1276276238517039104
1276276239674687488
1276276246377377792
1276276415806279681
1276276594089263104
1276276816043487233
1276276992992821255
1276277252024446976
1276277431112994817
1276277606917320711
1276277656191983616
1276277668695150594
1276277786550943744
1276278000871497729
1276278159575584770
1276278288856616963
1276279163595390976
1276279226195460097
1276279405162217484
1276280268932833282
1276280270593744896
1276280772387917832
1276280779841118210
1276280837949009920
1276281561097228289
1276282008122122249
1276282139353518081
1276282372300967936
1276283045545488385
1276283054110228480
1276283179846991872
1276283193721794560
1276283404582031361
1276283517924761601
1276283911639904256
1276283930086342658
1276284399902953474
1276284693902696449
1276284711409553408
1276284941282807809
1276285029862129664
1276285129707737088
1276285567102095361
1276285815379726336
1276286156725006337
1276286233254256641
1276286485533253634
1276286814119170048
1276286822033895425
1276286918976843777
1276287180718170114
1276287343939530754
1276287998125056010
1276288364493316097
1276288543388729345
1276288609054871557
1276288667108036611
1276288928161677312
1276289084005052417
1276289203391864835
1276289235658641408
1276289395423948802
1276289420899938304
1276289639427555328
1276289736743714821
1276290122330365956
1276290412370632705
1276290412605472769
1276290898091966464
1276290964559220741
1276291213222543360
1276291665691586560
1276292013462298624
1276292039718641666
1276292219218116608
1276292455592349699
1276292775630254080
1276292851404541954
1276293091872423936
1276293654731264000
1276293860411338752
1276293992842436608
1276294249370320896
1276294433005350912
1276294900850536454
1276295289658396677
1276295372856422400
1276295376312696840
1276295487738576896
1276296069983416320
1276296072923660301
1276296416365875200
1276296469167902721
1276296565221662735
1276296719907635201
1276296743513141249
1276296922060513280
1276297297303871490
1276297940110323712
1276298204364058627
1276298746385641473
1276299507312050176
1276300208918401025
1276300331446611968
1276300658958831622
1276301056750817282
1276301072156385280
1276301123201236992
1276301195431292928
1276301279611019265
1276301363828461570
1276301766766792706
1276302670802964480
1276302766479151105
1276303571433201665
1276303591116926976
1276304534042804226
1276304992488611859
1276305062168584194
1276306009166721025
1276306315640373249
1276306534079889408
1276306586965860353
1276306864079331330
1276307341080739840
1276308663611863046
1276308681316020224
1276309027832696832
1276309332519522306
1276309420394393602
1276309552452063234
1276309736649101313
1276310341836697600
1276310588893925377
1276310992390152192
1276311050548207616
1276311235760439299
1276311436923301888
1276311482922405889
1276312261028720645
1276313567428558850
1276313767790489603
1276313829136310272
1276313869548306434
1276313992097673216
1276314663320465409
1276314950718443522
1276315003679883264
1276315375949447168
1276315410510610434
1276315500180627457
1276315649372020737
1276315656955314181
1276316213891694593
1276316236960468998
1276316432805048320
1276316487909867521
1276316532822466562
1276316886154821635
1276317275293978630
1276317506504994817
1276317561869787136
1276318455256371201
1276318983361376257
1276318997944958978
1276319323456450562
1276319338400710658
1276319711337291778
1276320285923426306
1276320410707955713
1276321040977653760
1276321082635685888
1276321267189198849
1276321331269771264
1276321373028220929
1276321805352022021
1276321818417049600
1276321905293889536
1276321929079685123
1276321939783585800
1276322110349152258
1276322127575166976
1276322167437877249
1276322182541594629
1276322237646278656
1276322297742155776
1276322298962665472
1276322299252142080
1276322300338438144
1276323153929789441
1276323227283927048
1276323277435219971
1276323310058516480
1276323479315505152
1276323786548224002
1276324436443123712
1276324728765124610
1276324875960016896
1276325004750323714
1276325705186308097
1276325788065959937
1276325919540613125
1276326729863311362
1276326970201182210
1276327161096474625
1276327564882173954
1276327758508015617
1276328198645575682
1276328247504957441
1276328291469799424
1276328452917014530
1276328575751335941
1276328800171819008
1276329422270763010
1276331031948378114
1276331145404317698
1276331348689551360
1276331368528691201
1276331406130475008
1276331697450233856
1276331966472826880
1276332459907526659
1276332660374351874
1276333022615425024
1276333363712847874
1276333518734442496
1276333679871234052
1276334622293413888
1276334765210296322
1276334816657584129
1276335676804513792
1276335907205939200
1276335985173893128
1276336049107669002
1276336101360234496
1276336514746560512
1276336640265383936
1276336930549116928
1276337158354157568
1276337368421801984
1276337432661721088
1276337451607429120
1276337517000867841
1276337592137629696
1276337770047459329
1276337810186948608
1276337857523789825
1276338577840971780
1276338852467281923
1276339362490392578
1276339965786546176
1276340470533275648
1276340561008615424
1276340914194087937
1276341678517952512
1276341687997083650
1276342079803752448
1276342274671206403
1276342314567376896
1276342370062282755
1276342786099417091
1276343359154593794
1276343405669486592
1276343900500897792
1276344040510779392
1276345313704501249
1276345394360967168
1276345570945359878
1276347015161675777
1276347165607067648
1276347171541938176
1276347600803938304
1276348088811245575
1276348784264589312
1276349266588401664
1276349823902535687
1276350696980439042
1276350870918135810
1276350921648324608
1276351012106797058
1276351319427645440
1276351362406576128
1276351365665579009
1276351866075361280
1276352365407408128
1276352441324314624
1276352458349056000
1276352616054894592
1276352844262752256
1276352951053885440
1276353392055652354
1276354663781216257
1276354663986737159
1276354695808851969
1276354709297790976
1276355786793455619
1276356118873333760
1276356422515789824
1276357347586256896
1276357415357812751
1276357783395262464
1276357943970222081
1276358056234766336
1276358485526089728
1276358702925307904
1276358763482689537
1276359189305196545
1276359485968322561
1276360110617563136
1276360264720539648
1276360463480127488
1276360973268500481
1276361862745972738
1276362165000306693
1276362267827875841
1276363617202515969
1276363810517979137
1276363879866646528
1276364002860376065
1276364670027300865
1276365145200001024
1276365148178046976
1276365418488303616
1276366453193793536
1276367571319754752
1276367905974779905
1276368996661682177
1276369264547635204
1276369371850592256
1276369413789437952
1276370070822891521
1276370569479565314
