1272747268475482112
1272747352399454208
1272747742314389504
1272747743509766144
1272747959604690945
1272748121190096897
1272748377957113856
1272748527777529856
1272748585214332931
1272749023426822144
1272749035967909894
1272749711150256128
1272749957175365632
1272750296020611072
1272750944455819264
1272751167534018561
1272751335956533249
1272751711548047360
1272752260121079808
1272752913614548992
1272753778001928192
1272754114070556674
1272754489582333952
1272754920953872384
1272755384730574848
1272755792354181120
1272755865834176512
1272755889028677633
1272755905092780034
1272755932955631616
1272756285772046339
1272756768146370561
1272756800299958272
1272756885616070657
1272756990981349381
1272757533216665601
1272757679811747840
1272758042820513793
1272758063322198016
1272758341685542913
1272758589564706816
1272758681604517889
1272758685849341954
1272758698729971712
1272758713133273089
1272759823147454464
1272760438762201088
1272760715011665920
1272761539049783296
1272761723221663745
1272761878041686017
1272762104970436608
1272762411582398466
1272762563017744384
1272762721130307585
1272762746803798018
1272762841162895360
1272763245087072256
1272763673531092992
1272764042290102273
1272764137551147009
1272764156597460992
1272764156605759489
1272765336140554246
1272765762604851201
1272766395831459840
1272767264492851200
1272767318469328896
1272768013742243842
1272768112346238977
1272768156986044417
1272768319410573312
1272768991921086464
1272770174811340800
1272770289600835584
1272770367866757122
1272771400005308417
1272771405369786368
1272771407685058562
1272772049409318912
1272772599555264514
1272772762000666626
1272772856011776001
1272773316932251648
1272773546109030401
1272773698982940672
1272773755018924032
1272774168673767424
1272775039411195905
1272775199075692546
1272775316713418755
1272776180572262400
1272776436089327617
1272776631120064512
1272777143609708547
1272777261477965824
1272777465182724096
1272777688667705346
1272777689728823297
1272777699157700608
1272777701250576384
1272778074988347392
1272778164742299648
1272778189228531713
1272778689151991808
1272779084506951682
1272779524128878594
1272779858788134913
1272780927320670208
1272781094270562304
1272781156933464064
1272781366166462464
1272781547947556865
1272781709382160386
1272781790319607808
1272782338695585792
1272782800303919104
1272783236167610369
1272783493299351552
1272783493496528897
1272784088341139456
1272784113016152064
1272784147052769280
1272784293530656769
1272784488372645888
1272784510485233669
1272784953088937985
1272785040422756352
1272785301098901506
1272785341125025793
1272786237972254721
1272787127743311873
1272787583769198593
1272787682331156482
1272787755878305792
1272788145780559872
1272788297220329472
1272788322444869632
1272788507111632896
1272788509661843456
1272788708396326913
1272788743901065219
1272788761315815424
1272788794232561665
1272788976433233921
1272789517737406464
1272789600726114304
1272791859610468352
1272793014318952449
1272793314383847424
1272793477378605060
1272793664469729281
1272794208517140480
1272794342076354561
1272794517570273280
1272794615964413952
1272794623090573314
1272794927840153600
1272795658047631360
1272795825756913664
1272796584783167489
1272797319222550534
1272798148943990785
1272798254158102529
1272798851087265792
1272798936621887489
1272799396011413505
1272799609568374784
1272799618548391937
1272799636131061763
1272799789713932288
1272800485901086721
1272800809214832641
1272800904375349248
1272801058113404928
1272801206239399936
1272801437249081345
1272801467171250176
1272801607651151872
1272801829235994624
1272801856901623809
1272801856641626113
1272801862610116609
1272801938015350784
1272801972467490817
1272802188285186059
1272802234321891328
1272802399816757248
1272802681040461824
1272802748321476618
1272802956635705344
1272803337910583296
1272803916309094401
1272804223072251904
1272804342270214145
1272804856508542977
1272805111224549376
1272805198218489856
1272805206795919360
1272805242355228674
1272805387855638528
1272805665195655169
1272805995916427265
1272806018733531147
1272806477485559809
1272806951756283905
1272807063811432448
1272807065900089345
1272807481820004352
1272807611503689728
1272807759524687872
1272808183279616000
1272808262325288961
1272808264409862144
1272808320206807040
1272808646015987713
1272809004394254342
1272809026024325120
1272809030356881408
1272809408297394176
1272809427071053825
1272809863903666181
1272809960322334720
1272810333669916677
1272810552268599298
1272810939075551235
1272811108089368576
1272811287194374144
1272811351359008771
1272811415917780993
1272811616371986434
1272811802032844801
1272811902540771328
1272812612229591040
1272812666680156161
1272812679409754113
1272813247511425024
1272813398024228864
1272813553012158470
1272813620846616576
1272813725590970368
1272813839185305600
1272814305520414722
1272814651449896960
1272814799001452547
1272814917968695296
1272814998864175104
1272815309666373634
1272815769017958400
1272815855328518144
1272815971934375936
1272816014099693573
1272816029715124225
1272816289589923842
1272816562878087168
1272816842478739456
1272816918144126977
1272816988394606594
1272817299628621824
1272817668765122560
1272817961166950400
1272817981341470723
1272819141095895042
1272819303776169984
1272819832086499329
1272819891142344704
1272819966287413249
1272820152413888512
1272820177596538881
1272820186740121600
1272820615934873600
1272820706779320327
1272820710835204096
1272820782977163264
1272821189388500992
1272822608690589697
1272822666089476096
1272822754769657857
1272822992683372546
1272823041249234945
1272823113898582023
1272823115001720833
1272823134169837569
1272823275052306435
1272823275052306433
1272823279850528769
1272823349731876865
1272824128819662850
1272824439193907201
1272824448882741248
1272824609063215105
1272824667661840384
1272824704890556416
1272824764722229249
1272824809819258880
1272824983975129088
1272824996193112065
1272825220114546688
1272825847762780160
1272825852619829248
1272825933649543168
1272826515466735617
1272826848762880000
1272827125616316417
1272827399202193408
1272828065266229248
1272828581370982404
1272828924016201728
1272828985630744576
1272829409624567808
1272829504638066691
1272829675069267968
1272829866556211201
1272829949016018944
1272830051159994374
1272830953229029378
1272831147467247617
1272831228513837058
1272831610518409216
1272831691359281153
1272831760091488258
1272831950667911169
1272832109707575296
1272832533009399808
1272832580279304192
1272832816175185921
1272832930017091585
1272833884875444225
1272834400959565830
1272834541506437127
1272834607252201473
1272835007422377985
1272835463548669952
1272835535464210432
1272835753538547713
1272835779463712768
1272835860069707777
1272835894752542725
1272835922988580864
1272836586758168576
1272836967076593664
1272836974353608704
1272837088694677505
1272837284816175105
1272837706079277056
1272837797909495808
1272837891903938561
1272837991774539776
1272838204492832768
1272838210213855233
1272838211836899328
1272838679355109376
1272838772334506001
1272839022965149696
1272839256025649153
1272839322618736642
1272839595194036226
1272839708297408512
1272840116478914560
1272840579462967296
1272840766151409664
1272840882618863616
1272841064211189760
1272841115452837889
1272841356004614144
1272841463928365056
1272841475517284352
1272841898772910081
1272842323806863360
1272842369872904192
1272842610374311936
1272842626866262018
1272842840733814785
1272843047018135565
1272843175749660672
1272843212718252032
1272843348991258624
1272843496219541504
1272843567229214721
1272843762293751808
1272844281628237824
1272844480668790785
1272844585161699329
1272844753655267333
1272845179494502400
1272845237652803584
1272845373611085830
1272845731267837961
1272846303643545608
1272846450775461892
1272846526268702720
1272846689569853440
1272846874228199424
1272846892804657152
1272847075890409473
1272847085822529537
1272847505332502529
1272848350803607557
1272848467723980800
1272848473155657729
1272848622967816192
1272848814832058369
1272848936684924928
1272848974148325377
1272848977822658561
1272849409231872001
1272849618590527488
1272850178819739648
1272850276186230784
1272850339184721920
1272850360860737543
1272850533712306177
1272850789732691973
1272850966275133442
1272851112706506752
1272851144688250880
1272851200900247552
1272851363689648129
1272851450738159617
1272851580379959296
1272851838665134081
1272852008626802688
1272852305788968963
1272852353364811777
1272852823865085953
1272853186487828480
1272853445658238979
1272854152448815107
1272854245667033088
1272854623129350144
1272854735863889920
1272854850129334272
1272854961496272896
1272855133752365057
1272855178400673793
1272855600230268928
1272855957253623808
1272856403120513024
1272856429028753408
1272856724312068096
1272856748383186946
1272857251066200065
1272857699508801536
1272858331716087809
1272858392889978881
1272858455326576645
1272858465015398405
1272858728958656513
1272858807660658688
1272858949876940801
1272859141111975936
1272859251195682817
1272859929594953730
1272860582673252356
1272860718447108098
1272861026225205249
1272861369226768384
1272861381642063873
1272861498344460288
1272861729916096514
1272861937571958787
1272861989782425600
1272862138625921028
1272862543246221313
1272862839301120000
1272862905856331779
1272863860844789762
1272864278572392448
1272864383740370944
1272864769356075010
1272865017134747649
1272865275390627841
1272865451647864833
1272865515514535936
1272865773594312710
1272865859443347456
1272866178038366211
1272866302261149698
1272866416404975617
1272866416652419072
1272866469987135488
1272866508050489347
1272866558256320512
1272866913937489925
1272867025363316740
1272867127897329664
1272867200483971072
1272867316695535618
1272867343891345408
1272867597839675392
1272867920008396801
1272868030868062210
1272868031484628995
1272868260355153923
1272868346430738432
1272868355632959495
1272868559866208256
1272868625477627905
1272868669480189952
1272868738778271746
1272868748215701509
1272869100809678849
1272869175476785154
1272869218279620608
1272869218782978049
1272870213898428416
1272870607487721473
1272870627599364096
1272870643009126401
1272870644926070785
1272870957322055680
1272871005644566528
1272871069012107264
1272871311715508225
1272871440937897987
1272871727433953282
1272871781972406272
1272871930719170562
1272871981315166208
1272872260332896256
1272872444752277504
1272872480689053698
1272872801922420736
1272872888929005568
1272872958688665602
1272873061444988929
1272873064104157186
1272873227308740616
1272873438412189698
1272873482456576001
1272873516904280065
1272873554959360002
1272873952130379776
1272874136650596355
1272874394415763456
1272874981077237763
1272875298405486592
1272875357922869255
1272875587800117248
1272875683681894401
1272875739633733634
1272875786668838912
1272876763857772546
1272876829959794688
1272876893424046086
1272877066296360963
1272877196437344257
1272877379887730688
1272877425513332736
1272877619969757185
1272877629205622784
1272877680954937344
1272877787993518080
1272878078293872640
1272878188960591873
1272878274536972288
1272878276722200576
1272878277791809536
1272878278714499072
1272878280534867968
1272878285932896256
1272878566221516802
1272878751286808576
1272878788838338562
1272878838540836864
1272878926742695937
1272878971093475328
1272879189939466241
1272879296919592960
1272879515447037955
1272879531028865026
1272880287140048897
1272880330131886083
1272880501104181248
1272880673179590656
1272880768361136131
1272880871226454021
1272881076122406914
1272881171333025793
1272881238320316416
1272881470676307968
1272881575600979971
1272881690508132354
1272881783411929095
1272881866681581568
1272882010424438784
1272882072991027201
1272882146315694080
1272882259104686087
1272882262422552577
1272882370891452416
1272882370501378053
1272882416231706624
1272882517494898690
1272882529377419265
1272882693278257153
1272882714572492801
1272882760814694400
1272882761825529858
1272882817920380930
1272882941698338816
1272882957842186242
1272882970257502209
1272883116387033089
1272883190772924427
1272883384914673664
1272883389176012800
1272883659360501761
1272883725139873792
1272883990089826304
1272884054363451396
1272884387403583489
1272884651707830275
1272884908302761995
1272885044521074688
1272885425170980865
1272885703677022210
1272886015678509056
1272886207584796676
1272886409813254149
1272886497843261442
1272886556278300673
1272886750843633665
1272886894221684736
1272887214830227458
1272887307520147458
1272887321075920896
1272887468170379265
1272887469130866690
1272887471752306691
1272887501133434884
1272887794768084992
1272887968005533698
1272888195831730178
1272888198499192833
1272888226307616775
1272888250512879620
1272888253285380096
1272888257261510660
1272888343714504706
1272888540096053249
1272888573281341442
1272888668085276672
1272888751103115269
1272888846137491456
1272888928253685761
1272889003428192256
1272889095799349249
1272889174467715074
1272889209024643072
1272889370060689409
1272889568312717312
1272889607152164869
1272889787058401285
1272889845808091137
1272889951009550339
1272890179666182145
1272890225006710789
1272890466560806912
1272890486018146305
1272890600577269762
1272890958397542401
1272890978391789569
1272891050030399495
1272891196805914624
1272891375269396480
1272891474028498944
1272891519935094784
1272891524460818439
1272891569591463939
1272891616198561793
1272891619889557504
1272891674684018694
1272891792497750018
1272891795316359169
1272891816262668290
1272891845165621253
1272892054721507332
1272892064829759489
1272892065815330818
1272892068818534403
1272892104889585665
1272892109335531521
1272892258136842240
1272892458989506561
1272892730889420802
1272892864419282944
1272892865727823873
1272893057453654018
1272893260969713669
1272893369652580352
1272893371615502340
1272893468281573377
1272893483381112841
1272893587303346179
1272893849870925827
1272893915667075074
1272893939264167938
1272894169036578816
1272894697451782147
1272894735716421637
1272895066911244289
1272895147706064896
1272895722673881089
1272895785429094402
1272896514097123329
1272897020831940610
1272897043623747591
1272897189598167047
1272897860707799041
1272897911358205954
1272898095655849985
1272898322626420742
1272898356726153216
1272898641452314624
1272898650532954113
1272898685890891781
1272898908902043650
1272899034852835328
1272899034727034885
1272899063428644864
1272899614597939202
1272899748043857928
1272899799222812673
1272899999605633024
1272900307454963712
1272900436211761156
1272900985497813000
1272901374888599557
1272901787322855428
1272901976670572549
1272902034329686019
1272902041640329217
1272902473683009538
1272902705531564040
1272902729946578958
1272902889418170377
1272903271926161408
1272903440973336579
1272903446400819205
1272903538797170693
1272903641519869954
1272903660834619393
1272904123013378049
1272904265607061506
1272904509115768835
1272904664472866822
1272904982468100097
1272905016186109953
1272905037614919680
1272905487361720326
1272905586586333186
1272905979705819144
1272906019417579530
1272906158697742340
1272906502542589955
1272906983264354308
1272906988549259265
1272907003296448527
1272907013476036610
1272907345996152832
1272907410299117573
1272907477286338562
1272907502762459138
1272907512035987456
1272907666529099779
1272907812897607680
1272907881222987778
1272908094784200704
1272908464537440258
1272909150545014784
1272909302571962368
1272909315272314882
1272909436278001666
1272909554284744709
1272909588002676736
1272909792718225411
1272909873861341184
1272910024939982849
1272910469976584192
1272910541393137669
1272910639837655041
1272910842267185152
1272910975671377920
1272911117824778242
1272911241632243715
1272911344665276416
1272911463573643265
1272911501251280902
1272911705878622209
1272912356188622850
1272912591837421568
1272912632731676673
1272913076376002560
1272913179308244992
1272913320169730048
1272913340797456385
1272913463812034561
1272913506132799489
1272913865538322432
1272913997025677312
1272914139355152390
1272914574782709760
1272914692135170049
1272914909211353088
1272915012374237184
1272915312279719936
1272915510833713153
1272915905572245505
1272916179099811841
1272916899685437444
1272917046842593280
1272917104015011840
1272917793080573960
1272918254705610752
1272918626409029632
1272919297925365762
1272919457539784704
1272919854849437702
1272920508477005824
1272920762081595400
1272920933867622403
1272920999378530308
1272922012806082560
1272922180167368704
1272922621773058049
1272922846013075456
1272923366870179840
1272923791392456706
1272923962004168704
1272924200358084608
1272924255110512643
1272924301520404480
1272924449306787840
1272924948424732672
1272925181598732290
1272925560612818944
1272925971214225408
1272926020254007296
1272927023321812993
1272927228519575553
1272927703256031234
1272927741109833733
1272927753051017218
1272927769752743939
1272927790883618819
1272927874144710657
1272927891370770434
1272927976208969730
1272927991547547649
1272928088565911553
1272928126440480775
1272928269810257921
1272928287090634752
1272928295856664582
1272928402450845701
1272928440673583104
1272928534282018819
1272928580239085570
1272928617870262272
1272928673050636294
1272928701064323074
1272928711143124992
1272928872980504577
1272928882342219780
1272928884820975619
1272928911123349504
1272928974465875970
1272929008146157574
1272929088416571392
1272929335276703745
1272929339798163457
1272929779650609153
1272929788173455361
1272930118361591813
1272930140507561984
1272930279552962567
1272930551008133120
1272931070686777346
1272931302258495488
1272931469183397889
1272931804463403011
1272931808661975040
1272931813313449984
1272932005819416576
1272932018758619137
1272932250456391681
1272932279430627331
1272932440068157440
1272932565394079745
1272932696117907457
1272932787142529024
1272932857225363458
1272933437134049282
1272933646928756736
1272934014861508609
1272934045840801794
1272934048818757633
1272934191827767302
1272934317501616128
1272934649191452674
1272934664756441096
1272934880754708481
1272935155670237185
1272935228118466560
1272935420532269056
1272935421392101377
1272935426031001603
1272935438957731841
1272936335523737600
1272936726009430017
1272937441280831490
1272937590363230208
1272937630427160579
1272937807045148673
1272938311724568576
1272938351964889092
1272938435339313153
1272938482420326401
1272938507195936774
1272938550619758592
1272938553610326022
1272938561990529026
1272938575038988289
1272938637873709056
1272938804756787201
1272938931345129473
1272939133044834305
1272939173645705216
1272939284383793167
1272939375005966338
1272939431884754944
1272939880360800256
1272939917543378949
1272939921863585802
1272940332355911680
1272940337238102019
1272940471929765888
1272940504792150017
1272940814226817024
1272941602198208512
1272941677334933505
1272941905181962240
1272941983921831939
1272942285764923392
1272942526887006215
1272942761138892800
1272943009210888192
1272943112495656961
1272943115054309378
1272943277197623298
1272943497667100684
1272943731159625730
1272943742941564929
1272943827460947968
1272943938689814529
1272944132785307653
1272944485350223872
1272944669064933376
1272944854922903553
1272945088096804870
1272945256858824704
1272945335330111491
1272945473465266177
1272945662770810880
1272945884830011392
1272946470065516553
1272946753650724864
1272947228080930816
1272947268824563712
1272947354535108608
1272947518586761216
1272947622152753158
1272947633787744258
1272947708089819136
1272948149909405696
1272948241647075334
1272948507415117825
1272948582677721089
1272948642412990464
1272948838920343552
1272949163437645824
1272949531496374274
1272949559363166212
1272949790494638080
1272950100537507842
1272950232259518464
1272950519032668161
1272950917797568512
1272951020033884163
1272951119665299457
1272951418735951878
1272951515183972353
1272951543587917826
1272951552165195776
1272951837730037760
1272951891291340800
1272951964926709760
1272952117708361728
1272952126772297728
1272952216211673093
1272952356443959297
1272952446407458821
1272952812771569664
1272953007551008769
1272953024739184641
1272953615238356997
1272953965693542400
1272954235748048896
1272954565374115842
1272955234046877696
1272955260655546368
1272955508161470465
1272955510740877312
1272955607948103685
1272955773916712961
1272955851909877760
1272955993383677953
1272956009829392385
1272956012430086153
1272956472994017281
1272956539352100866
1272956605240414210
1272956798597623809
1272956928327647233
1272957249397370886
1272957269450375168
1272957816949616649
1272957885408964608
1272957886478446592
1272957895978610688
1272958173603934208
1272958325315993600
1272958492370972672
1272958615960334336
1272958622834675712
1272958761171369985
1272958914728988672
1272959045117370368
1272959069075181568
1272959080383025153
1272959411573702656
1272959529911816197
1272959663592501248
1272959902500024320
1272959974700912640
1272960019953102848
1272960024172613636
1272960263814168577
1272960402603769857
1272960730204176384
1272960742321524736
1272960904250957826
1272961092860497921
1272961450571595782
1272961533635702787
1272961818466500609
1272961859017150464
1272961990793650176
1272961996506398720
1272962515769724929
1272962648926232576
1272962882347687938
1272963091979001860
1272963128913883136
1272963543885725696
1272964157852323840
1272964203008180226
1272964365877227520
1272964739648425988
1272965033169952773
1272965111041396742
1272965301584269317
1272965648679948289
1272965706510823424
1272965878691147776
1272966086028378117
1272966237723779072
1272966386697015300
1272966500203233281
1272967031873290241
1272967051993403392
1272967285137797120
1272967447394553856
1272967577837408256
1272967659383128065
1272967712663375881
1272967724591964161
1272967737841643520
1272967814366846980
1272968009653485568
1272968306102763522
1272968572432769024
1272968695162081280
1272968991221448712
1272969087082086401
1272969280628416513
1272969478826086402
1272969502850977792
1272969626297696256
1272969747706101767
1272969811614629888
1272969821483761665
1272969830371659779
1272969844057681921
1272969928744800256
1272969965738524673
1272970191844937728
1272970342886146055
1272970531663343616
1272970532556849154
1272970700098121729
1272970847469424640
1272970939710480384
1272971375473496070
1272971902693277696
1272972343770378241
1272972379849986049
1272972595718045696
1272972975420198914
1272973057322299392
1272973342757343233
1272973463377137665
1272973572131246081
1272973699403190276
1272973832274489354
1272974370277744640
1272974431489609729
1272974576142766080
1272974720623927296
1272974941609177088
1272974980238753792
1272975568653258752
1272975958698573824
1272976286332399617
1272976411905667073
1272976458328281091
1272976499017158656
1272976829809217536
1272976914890862594
1272977039742644229
1272977242344189952
1272977505692106759
1272977562747068416
1272977958039425024
1272978102059057152
1272978164361428998
1272978295513067527
1272978681527447554
1272978733356507141
1272978746958647297
1272978973727830023
1272979600788852739
1272979636138491906
1272980270434545664
1272980666074841088
1272980781254602753
1272981107726680064
1272981129834885120
1272981179642318851
1272981262257405952
1272981849351106563
1272982101344661507
1272982794344361984
1272982891669094402
1272983139246366721
1272983450933477378
1272983770560262144
1272983865926340609
1272984102849912832
1272984150962778112
1272984384090460160
1272984455720902657
1272984710034096128
1272984805093900292
1272984871485337600
1272984918625153024
1272984932755951617
1272985338764541952
1272985392275263488
1272985579215441920
1272986104162115585
1272986405816299520
1272986826811281419
1272986980125679621
1272987023905824769
1272987334926008320
1272987370997133314
1272987582234873856
1272987617953329153
1272987698022633473
1272987720969850888
1272987749880967169
1272987964696678403
1272987966705729538
1272987985324265474
1272987988771905538
1272988076743294976
1272988209849397248
1272988298710056964
1272988499755577345
1272988860142612480
1272989321130160128
1272989445327777792
1272989924791160832
1272990067909328899
1272990556012961793
1272990563206234112
1272990660849795076
1272990676376973313
1272990747193737219
1272990880043954178
1272991069530198017
1272991243325321217
1272992047671029760
1272992160883920898
1272992235605430272
1272992640422699008
1272992781229674496
1272992979586887681
1272993164035592193
1272993225968500736
1272993624335233024
1272993848772476928
1272993899297091584
1272995051010809857
1272995305462435841
1272995368033234945
1272995776671735809
1272995809710276609
1272996167245344770
1272996179169751041
1272996250070048768
1272996292109754368
1272996583014043648
1272997074204852224
1272997622886789123
1272997909374664707
1272998002718883847
1272998045580431365
1272998395020324869
1272998575702769667
1272998780497850368
1273000444298756097
1273000726826901506
1273001144286134272
1273001334808154112
1273001357679759361
1273001711821447168
1273001916088217600
1273001947340115970
1273002152273883145
1273002463633666049
1273002863094951936
1273002899182964736
1273002987695284228
1273003399613747204
1273003636302413829
1273003683400351744
1273004193910001665
1273004623255818240
1273004693258563585
1273004791480881154
1273004861357883392
1273005070557347843
1273005171354804227
1273005525127462912
1273005804594106370
1273006124325888000
1273006130604761094
1273006700057047040
1273006701776519168
1273006785557860353
1273007416762925057
1273007581024272384
1273007632156995584
1273007671579340801
1273007671805915136
1273008120772677633
1273008189626355712
1273008767458775040
1273009055422963712
1273009249644355598
1273009371518246917
1273009514535686144
1273009925984333825
1273010003084001283
1273010235880267776
1273010285587181570
1273010303651979273
1273010922869555201
1273011695720554496
1273011776032997381
1273011915006996480
1273011995726548992
1273013082923642880
1273013172543401984
1273013193934360578
1273013753857150977
1273013791270330368
1273013874237693954
1273014340048900096
1273014721453719552
1273014730253316098
1273014765757984770
1273014876387135488
1273014956322164736
1273015118268424192
1273015545168879617
1273015930289713152
1273016047696781312
1273016211291455493
1273016358951845888
1273016438119374849
1273016547733393409
1273017147174916096
1273017198236200962
1273017220709392389
1273017438033108992
1273017634615853056
1273017679830491137
1273017699883536384
1273017815306559495
1273017899188457472
1273017900547190784
1273017903525158912
1273018106122829831
1273018413246373888
1273018459237036034
1273018633330003968
1273019027787522054
1273019310269591552
1273019487487393795
1273019578206040065
1273019884683751425
1273020632066818048
1273020733246058496
1273020997667618817
1273021137576960001
1273021370599796741
1273021547607973888
1273021852433162242
1273021999447752704
1273022147175333888
1273022152560779264
1273022306927939591
1273022665691979781
1273022892075298822
1273023569870684165
1273023884695154688
1273024192557047809
1273024486565126145
1273024563237052423
1273025295965175814
1273025914398523400
1273026405794746371
1273026515958140928
1273026583977132033
1273026935652835328
1273027014614749184
1273027508112326656
1273027722206490624
1273027748210991104
1273027893254410240
1273028210851229697
1273028395300007937
1273028405349568521
1273028519812050948
1273028741627863042
1273028998906380289
1273029094146482176
1273029240464654336
1273029772713562113
1273029983829741569
1273030617182228480
1273030961668788226
1273030975795138560
1273031149980454914
1273031716622544896
1273031857957941251
1273031858167693312
1273031984932159490
1273032215920881674
1273032358627667968
1273032491390156800
1273032511925485569
1273032702204182529
1273032861818421248
1273032955502505985
1273033040391004161
1273033138319642628
1273033421191892992
1273034002027261953
1273034003503702016
1273034063683739649
1273034191148589058
1273034377551728640
1273034543583449091
1273034776262389767
1273034896970321920
1273034926435205121
1273035156266213376
1273035349866897408
1273035376798638080
1273035415910526978
1273035524039680000
1273035653597614080
1273035853502259201
1273035929641517057
1273036133455269898
1273036137880260609
1273036168905383936
1273036222991077376
1273036437592604672
1273036577015500801
1273036662885548033
1273036667981639682
1273036785480843265
1273037271600635906
1273037507643559936
1273037616636624897
1273037724685971456
1273037977921388544
1273038569615941632
1273038688663015425
1273039646637858821
1273039753949175811
1273039891895443457
1273040008023175168
1273040078072315904
1273040181541711872
1273040425897594880
1273040874973220864
1273041128124755969
1273041375265787904
1273041961818247169
1273042231302078464
1273042337711550464
1273042517252923392
1273042685306327046
1273042851065221121
1273042947517415431
1273042953401925632
1273043440821993480
1273043813544554496
1273043815654293505
1273044187324260352
1273044201681403905
1273044952352649216
1273045220792266753
1273046249642569729
1273046460859248641
1273046794159616001
1273046954650611713
1273047195961323520
1273047582000984064
1273047641346228234
1273047758744834050
1273047895206477828
1273048064996118531
1273048304142520322
1273048679809789953
1273048911050088451
1273048979236929542
1273049218765250561
1273049358125195265
1273049795679014912
1273049914793062400
1273050536602820608
1273050841658699776
1273050929936416775
1273050953940439040
1273051238657953797
1273051289090510849
1273051488806371330
1273051523233099776
1273051560772329472
1273051573036421120
1273051664107188225
1273051942525304832
1273052138508185600
1273052581426855937
1273052687278325760
1273052924025896962
1273053580467949568
1273053713092009985
1273053966444658688
1273054129645129728
1273054733369061379
1273054764100489216
1273054764368932865
1273054919788904453
1273055208994754560
1273055294118076422
1273055519914078208
1273055604337147907
1273055667037728768
1273055906813620228
1273056201572528135
1273056238151118852
1273056430858240001
1273056538538774528
1273056577457737741
1273056596998971392
1273056758068580352
1273057955102052360
1273058889320280064
1273058993867329536
1273059070128291845
1273059420566548481
1273059543933521920
1273059579220365312
1273059621650010115
1273059766730801153
1273060566710595584
1273061179905265672
1273061189942235136
1273061225757388800
1273061403084181504
1273061442669903872
1273061663596351488
1273061790142943232
1273062363386822659
1273062495637438464
1273062525232349186
1273062641414500355
1273062746561622017
1273062829415940097
1273063000539357184
1273063112795656192
1273063133108633601
1273063401938472963
1273063450688790534
1273064226681237504
1273064453823582208
1273064477324455938
1273065419558051846
1273065427036450818
1273066015723839488
1273066131964788736
1273066474425311234
1273066594701324290
1273066660086403075
1273066685117816832
1273066799534354433
1273066896699654146
1273067428931665921
1273067472409616384
1273067680111738882
1273067853542035457
1273068440446631936
1273068616146014209
1273068623767240709
1273068734429757442
1273068794768953345
1273069073987862534
1273069077804638208
1273069110369357826
1273069362602278913
1273070114259136512
1273070185365241859
1273070524319629312
1273070948082749446
1273071141230346241
1273071187552280577
1273071266371710978
1273071516230483971
1273071663576485892
1273071735412338688
1273071771583827969
1273072015927242754
1273072921938984961
1273073421199511552
1273073798724681734
1273073802654691328
1273073815954866178
1273073958749982721
1273074143483682817
1273074585072738304
1273074616131616768
1273074693101191170
1273074892100026369
1273075267486040067
1273075402039111680
1273075435753156609
1273076182225842178
1273076640025735168
1273076677321592833
1273077163357433856
1273077288360275969
1273077438147375104
1273077789378265088
1273077791462813696
1273077892621185030
1273078294481534976
1273079255841243141
1273079870202003460
1273080075307700224
1273080105468923906
1273080559649140738
1273080913870675969
1273081300367351809
1273081345607118853
1273081853407137792
1273082032655130624
1273082055572799490
1273082127094091781
1273082185952702464
1273082279494066177
1273082440488226816
1273082793057062912
1273084296065056768
1273084468732014593
1273084575523188736
1273084756377427968
1273084761238626305
1273085284855537664
1273085835936751617
1273086763528081410
1273086945787166720
1273087310360383493
1273088310202830848
1273088515547566080
1273088593616080896
1273088622061932545
1273089417616347138
1273089757040574465
1273089838804348930
1273090688884920321
1273091387592974336
1273091401513918464
1273091743404175362
1273092128374165504
1273092262554210304
1273092266039492608
1273092278555488261
1273092311572983809
1273093091101114374
1273093425571790849
1273094025940262914
1273094028846944257
1273094644469989376
1273094790268301313
1273095197031895040
1273095350182653958
1273095418314928131
1273095897023500289
1273096104305815552
1273097087815766019
1273097094086221825
1273097696472182785
1273098026278686723
1273098400485998592
1273098558942654464
1273098976204636165
1273099053543407620
1273099688841867265
1273100044103811077
1273100096310296580
1273100443892305920
1273101099302518785
1273101169922056198
1273101267741671425
1273101425397108737
1273101713457717248
1273101921235189763
1273102048649777153
1273102597004709889
1273102822016462849
1273103677029527552
1273104138210103298
1273104360491429889
1273104578175799296
1273104597154963463
1273104666340007939
1273105250925371392
1273105332479418368
1273105450213560323
1273106103405088768
1273106858232905735
1273106861152251908
1273107029482242051
1273107152798994432
1273107182595252227
1273107411025498112
1273107441325047808
1273107522946322432
1273107551639527424
1273107616718299136
1273107736117592066
1273108197759430661
1273108208664666118
