1270936558938570753
1270937364093960192
1270937567634980865
1270937726410424320
1270938080833224711
1270938320684544001
1270938325050744832
1270939613767630848
1270940300593291264
1270940480218509315
1270941725033463808
1270942798238363648
1270942966748721152
1270943028757364737
1270943271699853313
1270943663435251714
1270943904339296257
1270943933506490369
1270944268081754112
1270945075510611969
1270945398383919106
1270946178457169921
1270946511824830464
1270947186017292288
1270948883087138816
1270949507308695553
1270950746851336192
1270951075995099137
1270951358389157888
1270952233480437761
1270952272244043776
1270952490301829120
1270953045795340289
1270953143279501313
1270953822362505217
1270954753426677760
1270954799035342848
1270954991881240576
1270956137479798784
1270957671743660032
1270957671743660032
1270958655563677697
1270960073251176448
1270960123025002497
1270960656078888960
1270960735229640704
1270961062179770368
1270962676789907457
1270964188060495872
1270964247107964928
1270964380969177089
1270964747643412480
1270964841163915266
1270964969023180802
1270965001721798657
1270965620302102529
1270965784718848000
1270967124324790272
1270967443792551941
1270967478072553472
1270967717596626944
1270968027568205831
1270968055645065216
1270968139753242624
1270969152379879425
1270969417082433538
1270969534036340737
1270970002670325763
1270971166212186114
1270971237079146496
1270971663039905798
1270971674620497920
1270971861061586944
1270974405393420290
1270974798164869120
1270974816414130178
1270974870826831872
1270974919476760577
1270975189933686784
1270975772489068546
1270977011289374720
1270977442904182784
1270977555571503104
1270977868395360256
1270979210006409216
1270979649296834561
1270980189498064896
1270980348722192385
1270980854827843585
1270981000122765312
1270981004468137984
1270982208707112963
1270982359618187266
1270983275125841920
1270983629934456833
1270983631134048257
1270983785148903424
1270984659980242944
1270985151561031680
1270985552217739265
1270985752327917576
1270986643042897920
1270987069805023237
1270988166955229185
1270988265248575488
1270988795928862720
1270989323102572545
1270989476999974920
1270989578766295040
1270989735184355328
1270990040525570049
1270990938731675650
1270991441003675649
1270991612378664960
1270992000234524673
1270992466225893376
1270992687181836293
1270993006645182465
1270993023439114241
1270994070937260032
1270994462462935041
1270995533566554113
1270995594593603585
1270995596153888768
1270996774405263360
1270996849042866176
1270997804467417091
1270997982955991041
1270998673611059200
1270999378766049280
1270999864000815105
1270999866064412672
1271000502164226050
1271000625246076930
1271000896751767555
1271002334915473409
1271002766635343873
1271003220450705409
1271003978298322945
1271004235614871554
1271004373229940736
1271004625970384899
1271004883986964480
1271006284691668992
1271006615966277634
1271008088686911489
1271008445030961152
1271008534952439808
1271008873445576705
1271009507691413505
1271010247394672642
1271011923862212615
1271012210815520768
1271012775356256257
1271012820491005952
1271012822063828994
1271012825498963969
1271012827386396672
1271014615296536576
1271015303825195008
1271015645535141889
1271016580592222209
1271017870881939463
1271018915959697408
1271019509810450433
1271019684226314240
1271019792649117696
1271020990835888129
1271021493023956992
1271021650192916481
1271023241012936707
1271023599697014784
1271023610023510016
1271023844774551553
1271024287982530561
1271024318714187777
1271024923427946496
1271025413515620352
1271025730047131651
1271026520518275072
1271026720271982593
1271026969954725888
1271027178440966146
1271027406850023425
1271027884493123585
1271027919041687552
1271028864139968512
1271029690959085568
1271029758906839041
1271030101908611072
1271030895894462466
1271031470228832257
1271031478089142272
1271031893820137472
1271031934878208004
1271031990226165761
1271032628217630721
1271033427517673472
1271034371982704640
1271034408208867328
1271034514760970241
1271034805895872513
1271035127443918850
1271035331316416513
1271035334629834755
1271035338304045064
1271035877049933829
1271037486245044225
1271038176866430977
1271038735208120321
1271038825049935872
1271039122962919426
1271040100068134912
1271040154778697733
1271040264652668929
1271041205506174988
1271041329040986113
1271041485815742467
1271042050973196289
1271042352765906946
1271042758174601218
1271042759256727552
1271042760410198017
1271042760854798337
1271042761479741441
1271042821462646785
1271042876298997760
1271043177030402048
1271043461500805123
1271043651670589440
1271043809393197056
1271043980365402114
1271044013831983104
1271044023189270529
1271044688364081152
1271045555515514881
1271045649157349376
1271045808021032961
1271045902950633472
1271046829724127233
1271046905989120000
1271047038881411073
1271047202316578816
1271047538582274050
1271047664444911618
1271048567667523587
1271048636785471489
1271049628704804864
1271050201915105280
1271050285973221382
1271050390973362176
1271050406228037632
1271050621999894530
1271051408800919554
1271051630818086919
1271051873265598465
1271052361532833792
1271052616420724744
1271052668123914242
1271052754950250496
1271052932922912769
1271053380786327552
1271053461795360768
1271053532804849664
1271053697972424705
1271053698886782977
1271054025568509952
1271054085475745793
1271054102248767493
1271054110679318534
1271054121081200640
1271054713816047621
1271055192222556161
1271055199717777408
1271056017342763009
1271056219281649665
1271056396612665349
1271056765187227648
1271057175570415616
1271057185808584705
1271057932206170115
1271058115455119360
1271058117413892096
1271058119657832450
1271059022343479296
1271059173221044224
1271059674541023232
1271060132357533703
1271060411714945024
1271060483802423302
1271060499199901700
1271060616460017664
1271060733342736385
1271060786887249920
1271061512036028419
1271061737987543040
1271061909324926977
1271062829563551744
1271062878477357059
1271062978423656449
1271063607334383622
1271063686048776193
1271063854701613056
1271063869004406788
1271064244403023872
1271064386421968896
1271064440088264704
1271064778778132481
1271064869731696648
1271064891915370497
1271064897598574593
1271064914019274753
1271064924337262593
1271065357734871041
1271065580968255488
1271065851010170887
1271066412803657728
1271066803251277826
1271066902534803462
1271066966502125568
1271067319746224130
1271067876468891650
1271067987999469568
1271068314224046080
1271068841146306560
1271070725496070145
1271070772879114240
1271070996057911297
1271071101129498624
1271071337189183489
1271071417174560768
1271071645227274243
1271071822604144641
1271071824894234626
1271072313350463491
1271072464278302721
1271072613872422912
1271072973844144128
1271072976335564800
1271072977405140997
1271073126286270464
1271073146528038913
1271073348143902720
1271073578700554242
1271073591325573121
1271073731004293120
1271075189292519425
1271075659268448257
1271076382722805762
1271076496300560384
1271076812588793861
1271076884143656961
1271077502606356480
1271077592716754944
1271077712514502659
1271077812510830595
1271078002726596609
1271078056975896578
1271078248517111811
1271078603497836546
1271078803591307266
1271078946969473025
1271078981370908679
1271079328030261248
1271080485666451459
1271081758948159490
1271082283953520640
1271083036575010817
1271083182062882816
1271083254976782336
1271083997406388224
1271084243985108992
1271084393017348100
1271084469559033857
1271084864645840897
1271084939874836487
1271085441438138369
1271085924709888000
1271086040808402944
1271086377174659074
1271087073794101249
1271087733830750215
1271087936293879808
1271087968954900481
1271088264682835968
1271088684578701312
1271089034283094024
1271089083012403203
1271089479181352966
1271089775622135808
1271089802516008960
1271090191537668098
1271090536531755008
1271090820532203520
1271090910235725824
1271092148566278144
1271092430591242240
1271092512304889856
1271092568047173632
1271092618508808193
1271092661898838019
1271092677203951618
1271093062194696193
1271093068813553665
1271093253513887748
1271093459793833984
1271093543973588993
1271093854125637633
1271094096367681538
1271094147693162502
1271094335141023746
1271094466409926656
1271095013183754241
1271095539044618240
1271095733408546818
1271095740509683713
1271097125984702465
1271097240862568448
1271097377605259264
1271097391857500162
1271097512758087690
1271097587010068480
1271097995619004416
1271098317070614528
1271098501670359043
1271098740561129475
1271100091382861825
1271100531444813824
1271100590727331840
1271100759443152898
1271100774056185856
1271100827155955713
1271100876300660747
1271101188541472769
1271101687017717762
1271101771578892288
1271101801803190274
1271102108113256452
1271102257812123648
1271102907631276033
1271102909107728385
1271102910349246464
1271102943249473537
1271103032504119302
1271103097537015808
1271103348763176962
1271103509623169024
1271105249382547456
1271105308610277376
1271105378466463744
1271105464424677376
1271106015761588225
1271106100629131264
1271106189682671618
1271106494789009408
1271106516762984448
1271106549340147716
1271106646111145985
1271107066111942657
1271107859351207941
1271107937482813440
1271108113777688577
1271108124703940611
1271108259689033729
1271108494196912130
1271108557052743681
1271108625436741632
1271109032623902726
1271109065616343042
1271109066324979712
1271109066681511937
1271109254607405062
1271109493556985865
1271109565430460416
1271109574867763202
1271110067069358080
1271110428878344192
1271110649939144705
1271111623650902018
1271111663312404482
1271111753355661312
1271111878660575240
1271112083019612161
1271112409915125760
1271112535454781440
1271112581151932419
1271112882743197696
1271113000414597121
1271113080936660997
1271113239644913665
1271113392170942464
1271113407178178560
1271113429424713731
1271113736015810561
1271113748640563201
1271113898133983234
1271113908900806657
1271114064568225792
1271114739339235328
1271114997775716352
1271115122812104705
1271115217771147267
1271115522394882048
1271115553021689856
1271115729304076288
1271115968152993797
1271116122415398912
1271116133660266496
1271116203310841856
1271116315730862080
1271116585273569285
1271116971459788801
1271117119145627648
1271117445793636358
1271117528534827016
1271117644649754624
1271117647011291138
1271117765558988800
1271117766595014661
1271117767593226240
1271117818432491522
1271117837893955585
1271118366284156936
1271118486266425350
1271118606231842818
1271119022722088961
1271119269728784386
1271119770658787328
1271120059583217665
1271120904873893888
1271121180041199616
1271121348392173570
1271121714567577600
1271121893165338624
1271122119087316996
1271122308434812928
1271122423950311425
1271122567034810368
1271122848086712320
1271122943607746563
1271122946149449730
1271123017444347904
1271123126277959686
1271123152303616000
1271123448987815936
1271123525370249217
1271123541899931648
1271123822591250434
1271124108818997250
1271124229644115969
1271124237919621122
1271124419650424832
1271124558074900480
1271124701948063746
1271125095700815873
1271125374378926080
1271125862205644811
1271126922161008643
1271126923113103360
1271127015937073153
1271127105686966278
1271128067965169664
1271128554638581760
1271128650260283394
1271128849179426817
1271128898890280960
1271128960643055618
1271129064372203521
1271129359592484865
1271129529289969667
1271129748077502464
1271129880831447042
1271130127468986368
1271130573009010688
1271130593967902721
1271131092947353600
1271131405616058370
1271131519537614848
1271131733518401536
1271131842414952448
1271132436479520768
1271132625483304962
1271132632663961609
1271132737676562432
1271132810946936834
1271132837425680384
1271132853632262144
1271133469297520640
1271133694988742656
1271134240713785344
1271134380690493440
1271134729736249345
1271135481074462727
1271135547759697923
1271136244290908161
1271136499795259392
1271136910648451074
1271137117721235457
1271137276471500802
1271137600917712898
1271138358496911362
1271138825688006660
1271139114537168897
1271139154265587712
1271139486764691456
1271139691170017287
1271139937438531584
1271139972393959424
1271140310651985925
1271140415421497344
1271141276981870593
1271142361196724224
1271142421116735489
1271142692290850817
1271142865880612866
1271143067626754049
1271143124706848768
1271143420866834434
1271143659417862145
1271143961126723584
1271144002448998406
1271144035332378627
1271144207772762112
1271144450727849984
1271144744161357826
1271144941293457409
1271145003239108608
1271145497147760641
1271145566660104192
1271145646314176514
1271146089626943497
1271146368606797825
1271146477805543424
1271146970950897665
1271147005008625664
1271147052248911873
1271147057483571205
1271147068833161217
1271147710561673216
1271147829847875585
1271148109062520832
1271148119405797378
1271148251320893445
1271148492572880896
1271148785817620481
1271149510274609152
1271150231539908610
1271150251802574848
1271150338309943296
1271150595387334661
1271151105485885441
1271151262260699138
1271151685163986945
1271151838168002568
1271151977825660928
1271152808033566721
1271153352328560640
1271153352735408128
1271153358188023814
1271153725793583117
1271154099757686785
1271154167797567488
1271154440003743744
1271154445334831104
1271155351832932354
1271155904096894977
1271156234058526721
1271156582672297990
1271156612292587523
1271156709311025153
1271156790491852802
1271156996943876096
1271157187927105537
1271157307653722114
1271157654015090688
1271157712374595584
1271157798961905664
1271157946102226944
1271158353922650112
1271158404522835974
1271158419316256769
1271158422348668936
1271158556117647363
1271158808660922368
1271158894862258177
1271158905922629633
1271159172399345665
1271159195312615424
1271159378305937409
1271159538851491843
1271159727720890370
1271160349585268741
1271160620931518471
1271160655240978432
1271161552058454017
1271161638062866438
1271161812067725322
1271162007400484865
1271162543965384705
1271163143834779648
1271163166211391488
1271163365461819393
1271164060105445376
1271164305803816963
1271164452466016256
1271164491431120899
1271165001273880576
1271165204999462912
1271165326034710529
1271165476601835521
1271165549054230531
1271165755095040000
1271165763139842049
1271165992320655360
1271166119647293440
1271166210307219456
1271166321124753408
1271166422819975168
1271166583361220614
1271166800043139072
1271166899288788998
1271166910441406468
1271167195280633857
1271167236560936960
1271167318639468546
1271167329683083264
1271167968362352640
1271167995415535616
1271168221832458240
1271168396550377473
1271168587533881351
1271168676100620288
1271169929472020482
1271170137903661056
1271170283504898049
1271170440824840193
1271170608903184386
1271171139574927366
1271171560825655297
1271171648402513924
1271171692480561152
1271171878204444676
1271172072803164160
1271172468087107585
1271172619228688387
1271173032753717248
1271173736016691200
1271173854090715138
1271173987192594432
1271174135385858049
1271174195209216000
1271174678925774848
1271174749222100992
1271174972069818369
1271175060716507138
1271175402128580608
1271175433346789377
1271175528192581635
1271176035346731008
1271176148274249728
1271176153399808004
1271176251198312449
1271176553850904583
1271176682377003010
1271176829009719296
1271176960979263488
1271176975009361921
1271177185462759435
1271177270690893824
1271177395614232576
1271177438593236993
1271177510256967680
1271177563826724876
1271177653689520128
1271177659549011968
1271178179554803714
1271178554508742661
1271178848390922240
1271179265422299142
1271179897101324291
1271179982543269888
1271180716525617152
1271181956508790785
1271182135454507008
1271182237111853057
1271182674397286400
1271182992770240514
1271183257371983872
1271183603402256387
1271184163299905542
1271184799923912705
1271185571860279297
1271185649467441152
1271185862743785472
1271186379179843584
1271186712824340480
1271186958761562117
1271187319572385794
1271187838151712768
1271187896750477322
1271188151726485509
1271188338108661770
1271188892150935553
1271189026658287617
1271189169788895233
1271189489436803077
1271190196248330243
1271190358194622465
1271190617809473538
1271190944403070977
1271191460872945664
1271191669057126401
1271192040571797512
1271192406877184008
1271192982062952448
1271193243317948416
1271193416492150784
1271194050926764032
1271194637391167490
1271194812113465346
1271195263336452096
1271195650332524544
1271196057205002240
1271196722325323776
1271196748938174466
1271196798292500483
1271196831494680577
1271196995219345415
1271197187876073473
1271197368025788418
1271197423746998272
1271197838475755520
1271197998647775234
1271198200712617990
1271198410717237249
1271198587251294208
1271198624370868236
1271198629886394368
1271198661599428608
1271199173417807872
1271199537516777472
1271199577807388673
1271199620346109953
1271199844242206725
1271199989327372304
1271200443335454720
1271200561606483974
1271200787067277313
1271200907779346432
1271200912627949574
1271201343215038465
1271201364723597313
1271201525482864641
1271201769201246210
1271202570468384768
1271202931010752512
1271203079371849728
1271203116436733954
1271203317427974144
1271203557442613248
1271203829090934785
1271203864881049600
1271203865535397895
1271204092535123969
1271204468655349760
1271204571847684096
1271205429083807744
1271205627570749440
1271205712476110850
1271206583524040704
1271206760607551491
1271207018725081101
1271207257410281476
1271207295318401026
1271207561971318784
1271207603205361664
1271207609878499329
1271208039140462593
1271208353931210753
1271208361015545863
1271208505123303424
1271208628800888834
1271208756643315712
1271208824532336641
1271208837605883904
1271209012676251648
1271210141094985733
1271210149756239873
1271210821654364160
1271210963690123264
1271210972313681920
1271211016429297664
1271211260714143745
1271211426338738176
1271211491115466753
1271211794342670336
1271211835044302850
1271211927767826434
1271211927763660800
1271212066750095361
1271212451397349379
1271212584952184832
1271212737880883202
1271213829347782660
1271214045639696385
1271214294995255297
1271214576550457344
1271215140382392325
1271215553655554049
1271216149607313408
1271216164786647044
1271216282847846400
1271216330125934594
1271216433884692481
1271216492714102784
1271216533424005121
1271216681491152896
1271217110858031105
1271217292282671115
1271217538425253891
1271217548416057344
1271217658449391616
1271218036637175811
1271218075673690114
1271218269903392768
1271218961951137794
1271218964245417985
1271218986437533696
1271219042557194241
1271219386389368832
1271219559211532288
1271219766875893760
1271220379734990848
1271220758996451335
1271221046797127686
1271221358190489601
1271221842724958210
1271222032739586048
1271222449300836352
1271222455877562368
1271222652150169600
1271223417430323209
1271223564298006531
1271223994285469697
1271224124455759874
1271224424293896193
1271225928039964672
1271226648218660864
1271226845212536833
1271227545476874242
1271228237398638593
1271229216412110849
1271230232301899776
1271230322236063745
1271230465110753280
1271230793390555136
1271230828568285185
1271231752220971009
1271232247388045318
1271232296948039687
1271232676972900358
1271233039146901505
1271233172534112258
1271233521626071041
1271233588114198528
1271233615637229574
1271233860743753728
1271234022060879872
1271234240018100237
1271234335866322945
1271234406859059201
1271235114652053505
1271235603015884800
1271235610729209856
1271235922995171333
1271236587163209728
1271237104253665280
1271237420772519937
1271237421938520066
1271237423075192833
1271237931588554752
1271237932393906178
1271237932448468997
1271238282920300544
1271238887034290176
1271240214225260546
1271240312279781377
1271240417216827399
1271240653503168514
1271241387653169152
1271241761227067398
1271242274450464768
1271242964019355649
1271243126120775688
1271244002604376065
1271244035466817536
1271244085957967872
1271244290409275394
1271245398825410560
1271245874019082240
1271246348352811008
1271246540103921664
1271246580809560069
1271247104577548294
1271247508191109121
1271248370489872384
1271248917040992264
1271248983063703552
1271248989514371072
1271249029922357249
1271249198281867271
1271249431669637122
1271251089539530752
1271251127191973894
1271251189733056512
1271251360424607744
1271251688712634368
1271251870212861952
1271252107098816512
1271252313894723584
1271252400272142336
1271252401303941121
1271252457545330689
1271252944365576193
1271253205855408130
1271253318543847424
1271253895990226945
1271254044150030338
1271254262295691264
1271254452809469953
1271255285856964608
1271255315363827717
1271255700979814400
1271255786212253697
1271255788346961921
1271255792092512256
1271255794005106688
1271256099270922252
1271256430281142272
1271256766626611200
1271257039084322819
1271258483376230408
1271259359796920322
1271259562860056577
1271259607860723713
1271260097105113088
1271260425506734082
1271260510621626370
1271260942718980098
1271261244893417477
1271261710905737216
1271261937175875584
1271261948638715904
1271262563288797184
1271262594205179904
1271262980001468422
1271263255831425025
1271264659874684928
1271264912891940864
1271265723541839874
1271266138022797312
1271266150312263681
1271266519435980800
1271266556270399490
1271267242395578368
1271267244891226113
1271267406497886209
1271267914289524736
1271268551840555008
1271268611043348480
1271268942246342656
1271269078884368385
1271269148451102720
1271270185794768897
1271270332897406976
1271270440384765952
1271270859131490305
1271270859936800772
1271271068813189120
1271271253178028035
1271271513467924480
1271271558149857281
1271271946609557504
1271272135152074754
1271272352052121600
1271272391818252288
1271272525566283778
1271272843347722240
1271273705570807810
1271274125701664775
1271274700308611074
1271274757753671680
1271275280754188289
1271275916405039104
1271275917583585282
1271276343070724097
1271276374058303488
1271277220267323392
1271277338915979264
1271277576133148672
1271278650113941504
1271278651196276737
1271279653190131714
1271280440926756865
1271280611546722305
1271281154742779904
1271281225601146880
1271281593831886848
1271282003153874946
1271282085680963595
1271282087476072449
1271282372466446338
1271283124035563525
1271283296073285632
1271283456824053767
1271284281663303686
1271284288235896832
1271284304589590528
1271284616842928129
1271284795515912195
1271286736631394306
1271286884690321410
1271287369166024708
1271287822175965184
1271288062232784898
1271290500994093057
1271290593449086979
1271290612197715969
1271291291997888512
1271291332938493954
1271291657565073408
1271292581813485571
1271292838823649280
1271292872919183361
1271292942385180672
1271294106053074951
1271294292296785921
1271295018913988609
1271295116322525186
1271295768838565888
1271296765174648833
1271297153030332416
1271297164728287238
1271297183313129472
1271297184336539648
1271297185364107264
1271297189399019522
1271297190422384640
