1273109924332134401
1273109929952411649
1273110252171464705
1273110621068890114
1273111091363659776
1273111096237441024
1273111100125560839
1273111435246292993
1273113365288824834
1273113552153391105
1273113633229242369
1273113792386383878
1273113942110453760
1273114128656236546
1273114461830811649
1273114913758740480
1273115234459422732
1273116372092977153
1273116416976322560
1273116421199978497
1273116423125114881
1273116455089905665
1273116738150948864
1273118250977632258
1273118276760014850
1273118600769961985
1273118861001359360
1273119518680911875
1273119665007493121
1273120046982856706
1273120371773001730
1273120473426079744
1273120600580657154
1273120927614631943
1273121284038238208
1273121337146515461
1273121623135195137
1273122380374835212
1273122474981548032
1273122902670483456
1273123460584280064
1273123522936791040
1273123828525391872
1273123936180539393
1273124639548624898
1273125300185030662
1273125382179471360
1273125741123829761
1273125750535847937
1273125791216386050
1273125891623837696
1273126047790268416
1273126169655853064
1273126206062329858
1273126378045669377
1273126451173359621
1273126535361429506
1273127051923423232
1273127470322024448
1273128011445997569
1273128576121032705
1273128618076655616
1273128663756742656
1273129036164878336
1273129417951281152
1273129485513248769
1273129643944611845
1273129892432031745
1273130343667769347
1273130486299267073
1273131409633394690
1273131682091143169
1273131873611513857
1273133097463226374
1273133157840281601
1273133361519886336
1273133463089156097
1273134554950352897
1273134996027572227
1273135247136305153
1273135283756765189
1273135347292164102
1273135489642565632
1273135792236494854
1273135927838289925
1273136314163105794
1273136645378899969
1273136763956088834
1273136795333660672
1273136983100055552
1273137434524606464
1273137851299921920
1273138671957442561
1273138681398931458
1273139074988232704
1273139226088005634
1273139320996663297
1273139470649495552
1273139526425366530
1273139718704828416
1273139984019701765
1273140472098193409
1273140563659939841
1273140585243820034
1273140844715966469
1273140850957180931
1273141010995073024
1273141609010466816
1273141748605374476
1273141989584896002
1273141990478295041
1273142094694055936
1273142606357311489
1273142764251815937
1273142915393519622
1273143123582103554
1273143194679750659
1273143531406872578
1273143532128284673
1273143989659713536
1273144095163273216
1273144485002776578
1273144570491154435
1273144786027978756
1273144998146584584
1273145171723653120
1273145574263607296
1273145703385235456
1273145795743748096
1273145924014034949
1273146370384429062
1273146931653591042
1273147887258656773
1273148028015296513
1273148387278442498
1273148454257254402
1273148576672157696
1273148764669259776
1273148846059724806
1273149033150853122
1273149053874864128
1273149637038411778
1273150316289163272
1273150329606070272
1273151021532020738
1273151140792864775
1273151834983669761
1273152180669775872
1273152310051569675
1273152456688574466
1273152544139870209
1273152547918839808
1273152549772763139
1273152786021171202
1273152953642373123
1273152987712675840
1273153460343640064
1273154593548099584
1273156065035800576
1273156140239654923
1273156476736069632
1273156917347614721
1273156997362470912
1273157638440837130
1273157736356864003
1273157948290760704
1273158107254919168
1273158147297992705
1273158180500094977
1273158334988922880
1273158916034215940
1273159263934976012
1273159381484539904
1273159477236293632
1273159477332713476
1273159662779740161
1273159733642514434
1273160280692994054
1273160384610959363
1273160596326940673
1273160625779245063
1273161286466011137
1273161313439690752
1273162139512066055
1273162463677218818
1273162482165694464
1273162507109183499
1273162523425079297
1273162754438897673
1273162771342020609
1273162987386347523
1273163071910010881
1273163365062520832
1273163495211663362
1273163539696492547
1273163714066292737
1273163860892057601
1273164297137520641
1273164456353202178
1273164743281434624
1273166000830242817
1273166640784564227
1273166836197142529
1273166876621840384
1273166984763580421
1273167171930263552
1273167511681413121
1273167726140370947
1273168108191129601
1273168379495530496
1273169066631577600
1273169187259789313
1273169418361679873
1273169487819309056
1273169783110934528
1273169976917196801
1273170091425792000
1273170210397306881
1273170546230951944
1273170733494161408
1273170935965782020
1273171180875325447
1273171281186295808
1273171488410079234
1273171632941666306
1273171979416358915
1273172254214500354
1273172422657785857
1273172712396075009
1273172712563802112
1273172907242467330
1273173170275696641
1273173609079586822
1273173619762495488
1273173840999448578
1273174032029024257
1273174088295612417
1273174302117056512
1273174338640977920
1273174372363223041
1273174374749798401
1273174390507700225
1273174768943054849
1273174776916455426
1273174835192041477
1273175151543300097
1273175215263137792
1273175226747105281
1273175709394112513
1273175755036524547
1273176441765715974
1273177108261539840
1273177220975075330
1273177319725830145
1273177830956896262
1273178132418383872
1273178158209138691
1273178682065129472
1273178993555058688
1273179084642758656
1273179272556019713
1273179386745937920
1273179463254249475
1273180927229820928
1273180996536610816
1273181225906311168
1273181397646221312
1273181522640674818
1273181640320311296
1273181885611626496
1273182094064222213
1273182443672084480
1273182633745436674
1273182636031254529
1273182640267571200
1273182779480686593
1273183180338737153
1273183238492733449
1273183766463348736
1273183924924092418
1273184029332975616
1273184110563950592
1273184188959797259
1273184245356343296
1273184298603028480
1273184420082614273
1273184795665805312
1273184842444832768
1273184875286278145
1273184876372598786
1273184953862361089
1273184970266247169
1273185045503672320
1273185197635375105
1273185379164749826
1273185390539812865
1273186237470384130
1273186280155877376
1273186285499416576
1273186370710888448
1273186567331418114
1273186574751215616
1273186637392916486
1273186641801351168
1273187437511151619
1273187448579858432
1273187721851342849
1273188000869089280
1273188748151398401
1273188923145990144
1273189763797958661
1273189786023596037
1273190103335272448
1273190851976540165
1273191179660800001
1273191301165481984
1273191727294287873
1273191727445291010
1273191863105748992
1273192190273925120
1273192679048798209
1273192893918806017
1273193076060753920
1273193512285208576
1273193605042065409
1273193912455159808
1273194034845155329
1273194398545674240
1273194478329724930
1273194738494197760
1273194910938775552
1273195210126667777
1273196540144705537
1273196877291216897
1273196932660428802
1273197340648771586
1273197394453311489
1273197832074194945
1273197835727433728
1273197837791059968
1273198159284408320
1273198546708291585
1273198879383662592
1273199389897641985
1273199505995968513
1273199862016851968
1273200197913509888
1273200442521124869
1273200578919890944
1273200840258404353
1273200915215003650
1273201011218317312
1273201223076806656
1273201311933181952
1273201803103031298
1273202094749687809
1273202864320634880
1273202865838800896
1273203524990644231
1273204363419402240
1273204450426060800
1273204597843255296
1273205010864594944
1273205575585800192
1273205591431761920
1273205622083932161
1273206196225228800
1273206279725613056
1273206288038727680
1273206289808703489
1273207551388200960
1273207593675247616
1273207783551311872
1273207799405858821
1273207886701789185
1273208096467238912
1273208446549061632
1273208642200899584
1273208725658984448
1273209111396651008
1273209163208949760
1273209312744112128
1273209664381972480
1273209668471418886
1273209695390650371
1273209826055618560
1273210188535758848
1273210225869443073
1273210428169084935
1273211073529810946
1273211081738125312
1273211107793080322
1273211262608998401
1273211309132328961
1273211427747172352
1273211483242016773
1273211748003262464
1273211877145755649
1273212709652312065
1273212817676529665
1273212818720845825
1273213304018808832
1273213536055947265
1273213964940386304
1273213990399881218
1273214025191448576
1273214049099137025
1273214123594178560
1273214207132041216
1273214423260258304
1273214526683578368
1273214592538177536
1273214849238122498
1273214910449754113
1273215010957918208
1273215374239113222
1273215385681170439
1273215445118734339
1273215484540968961
1273215553860182019
1273215650698231809
1273215902058795012
1273215957788319744
1273216200311476225
1273216242434768896
1273216440284459009
1273216519825248256
1273216556810399744
1273216861304324097
1273216951226163201
1273217013255553031
1273217337865515010
1273217901647007746
1273218305919082499
1273218694231887873
1273218720912084992
1273218918472089601
1273219152543715330
1273219543171661824
1273220398608519170
1273220643748806657
1273220815815876610
1273220861160353793
1273220863014268928
1273220871621095424
1273220964332064769
1273221214430007296
1273221748167708677
1273222138573488128
1273222411274633216
1273222700371189760
1273222997172580352
1273223115607347200
1273223195592740866
1273223526766358528
1273223885044027393
1273223967361335296
1273223972411318273
1273224019647528960
1273224111708352516
1273224155861790720
1273224245187940353
1273224396140941314
1273224778371919872
1273224924048564225
1273225096405155841
1273225264751947776
1273225493911764994
1273225720064606210
1273225889614979072
1273226367388258304
1273226522820702214
1273226673337651201
1273226961947688961
1273227075055484928
1273227666682867712
1273227667995672578
1273228035765010434
1273228280330674177
1273228394243723266
1273228840504975360
1273228966401196032
1273229013935370247
1273229225793912832
1273229237005271040
1273229394656595969
1273229596926894080
1273229681958047744
1273229781274894337
1273230119675592705
1273230119574949888
1273231136043544576
1273231551568834560
1273231656367919106
1273231757307936770
1273231857375731715
1273232078771871744
1273232106920042500
1273232613482913792
1273232878596489218
1273233020028411905
1273233125946978305
1273233382294650881
1273233858289336326
1273233974069014531
1273234261236232198
1273234528841187328
1273234813827403776
1273235170502508546
1273235238022451200
1273235467551399937
1273235545888522240
1273235564393828352
1273235718354149376
1273235793667133441
1273235834532171776
1273235959249682433
1273235975179628549
1273236008662900736
1273236219607072768
1273236330995220482
1273236332287049730
1273236336510554113
1273236426453397504
1273236542656516100
1273236598688231424
1273237012456386560
1273237611595943938
1273237702759063553
1273237751744409600
1273237800700137476
1273238389408567297
1273238594157785095
1273238649698750464
1273238772512108546
1273238979203272708
1273238979731582976
1273239439825874945
1273239517735145472
1273239917531971584
1273239922330292225
1273240050168410113
1273240151259570178
1273240251096461312
1273240307795021824
1273240587169402880
1273240631381561344
1273241122383507462
1273241582796447746
1273241849084477440
1273241973319753730
1273242116538298373
1273242124775878656
1273242182049202181
1273242256498139136
1273242440351264769
1273242493455302660
1273242546018430977
1273242560631386112
1273242627710742529
1273242629266739203
1273242633423314946
1273242770723860480
1273243014815678464
1273243457625239553
1273243643319476224
1273244293885550593
1273244348193181696
1273245175205281792
1273245774856351745
1273245779709353988
1273245867106086912
1273246085272809472
1273246336037662720
1273246709083144195
1273246823596113921
1273247063430459393
1273247212861100037
1273247281018437635
1273247335045386242
1273247412778237953
1273247413994573824
1273247442205659136
1273247801380659200
1273247819885772800
1273248082566709249
1273248092947722240
1273248158328532992
1273248613678723072
1273248906357268482
1273249539869245441
1273250370228293632
1273250642375643141
1273250753336008704
1273250815470374918
1273250897355833352
1273250903282384896
1273251087110279170
1273251124330598401
1273251164369358848
1273251570034114561
1273251634668138497
1273251760598134784
1273251829678211073
1273252066287214592
1273252211498389513
1273252883136425986
1273252942297075712
1273253055350407169
1273253119011491840
1273253289598074881
1273253733430894593
1273254306125434882
1273254351021256710
1273254468692434949
1273254592361500677
1273254917302558720
1273254921396240384
1273255212673892353
1273255218860285953
1273255595936755712
1273256255721811969
1273256498131591174
1273256866953474050
1273256896301076488
1273257327035068416
1273257476431900678
1273257480613531652
1273257798571364353
1273257917907562498
1273258016482234371
1273258016658403328
1273258520255791105
1273258594960474112
1273258688036421633
1273258735201398793
1273258767912701957
1273258786321395714
1273259274848747520
1273259459238920197
1273259724738162688
1273259762327654400
1273259857467133959
1273259876932780032
1273260169007333376
1273260435936907264
1273260547652440065
1273260633312694273
1273260892986040321
1273260931162701824
1273261630617346048
1273261703724220423
1273261704357560321
1273261917763706880
1273261951762694145
1273261988118843394
1273262198983462912
1273262254918496257
1273262257858699264
1273262455645495296
1273262526340444167
1273262554563911681
1273262634671001603
1273262634977169411
1273262648583352321
1273262681336799235
1273262718519255042
1273263063463006209
1273263170770079744
1273263572169027584
1273263700430880768
1273263991171821571
1273264044510609408
1273264061665480711
1273264303781675010
1273264644313022465
1273264665322283011
1273264706506182659
1273264707206557696
1273264870490767360
1273265399971237889
1273265763395256322
1273265882282721280
1273265916357337089
1273266641002999808
1273266758422532096
1273266811719442439
1273267042284646400
1273267541872275457
1273267783300780033
1273268050666459136
1273268085315833859
1273268603924746243
1273268621834240001
1273268637508472832
1273269052400496640
1273269073963450375
1273269655273168897
1273269988657262592
1273270241372639238
1273270303137939458
1273270311073525760
1273270378333261825
1273270391482400769
1273270403910295553
1273270899421204485
1273271228812443650
1273271318725767168
1273271431426703361
1273271736537145352
1273272127207030784
1273272151857078272
1273272881846386688
1273273074700476417
1273273109454434305
1273273343240699909
1273273507170803712
1273274148559753216
1273274428974137349
1273274862421843969
1273275064205611012
1273275348621426689
1273275791523135488
1273276594656890881
1273276657021915136
1273276813033250816
1273277247026315266
1273277537418764288
1273278287616360449
1273278299880534017
1273278715074695169
1273278889041825793
1273278903470059520
1273278942552752130
1273279346095067140
1273279454576508931
1273279464030400514
1273279685938552833
1273279690191618048
1273279710361862144
1273279713876860930
1273279732717514752
1273279767756730368
1273279895506956290
1273279945427558401
1273280232653455360
1273280330057875457
1273280890421067776
1273281123229958145
1273281384157675520
1273281451841277954
1273282006105849858
1273282059033669633
1273282228198551554
1273282371345952773
1273282425578110976
1273282609439821830
1273282621926191110
1273282645435117569
1273282666100596744
1273282955679608836
1273283298043846657
1273283712533356544
1273283753356353541
1273283846063239172
1273284046127333378
1273284298574102530
1273284676497674242
1273285049434148865
1273285188596822016
1273285226681286658
1273286105404600320
1273286127382904833
1273286181850054658
1273286218864713728
1273286298711851009
1273286363140493316
1273286444170297345
1273286630544211969
1273286894164508672
1273287553567907841
1273287805427281920
1273287817171316743
1273288182335803395
1273289005346381827
1273289045641134081
1273289091656769536
1273289812846526467
1273290036084125697
1273290556161118213
1273290851431731200
1273291025763704833
1273291073255886856
1273291450529144832
1273291453410627584
1273291510587502592
1273291622705438720
1273291843871137792
1273292180015255554
1273292310592262146
1273292476703551495
1273292685084815360
1273292721847824385
1273292775400845312
1273292885358567424
1273292921920348160
1273292934301970432
1273292947568484358
1273293337152364547
1273293433080369155
1273293569953075201
1273293622834868227
1273294047575244802
1273294091808358400
1273294466623827973
1273294502602715138
1273294503072448512
1273294751266193410
1273294909928353794
1273295285326950402
1273295404415713280
1273295480684982278
1273295560443912193
1273295602542088201
1273295756439564289
1273295769714507778
1273296013764161537
1273296610366087168
1273296878533259267
1273296882333298688
1273296885978202114
1273296939875000320
1273296961760886792
1273296965372125184
1273296969172004864
1273297149971890176
1273297175674527754
1273297187594788866
1273297232784228352
1273297641128984587
1273297997124829186
1273298387022999552
1273299321505619968
1273299738557919232
1273299972696543232
1273299981978554368
1273300002132148225
1273300190288625664
1273300563069788161
1273300600948588545
1273300832197451777
1273300932550447110
1273301080474935296
1273301097353023491
1273302029113442305
1273302393174851585
1273302486372286464
1273302527354667009
1273302528386453504
1273302607604453377
1273303278579781634
1273303445114626052
1273303832668372992
1273303845309988864
1273304271597891584
1273304518760022020
1273304783705772033
1273304899267244037
1273305382417502211
1273305630892273665
1273305635656884224
1273305706091823104
1273306324072357889
1273306571922161665
1273306925656969220
1273306990882828298
1273307015629148160
1273307090434568199
1273307729612898307
1273307799339126790
1273307976019951619
1273308110711652354
1273308272578134016
1273308411602636811
1273308943855448065
1273309425701445634
1273309480483205120
1273309631620628481
1273310077336932354
1273310454299811841
1273310584658952193
1273310590430138368
1273310787151560707
1273310832173203457
1273310994559893509
1273311413902204930
1273311607683244034
1273312079034806272
1273312722411716609
1273313038536511488
1273313161094053890
1273313211350122496
1273313401805197312
1273313659226337280
1273313784275353600
1273313890818916353
1273313891418730497
1273314372186542080
1273314429749415936
1273314674357014529
1273315200033144838
1273315551520030720
1273316055558033408
1273316091343716358
1273316343052251137
1273316967533993984
1273317102791860234
1273317111746768896
1273317441695711234
1273317577016643584
1273317596918513664
1273317752762019841
1273317755530309633
1273317756646027264
1273317787096752128
1273319254880686080
1273319287625744385
1273319556761686019
1273319601145864194
1273319664987385858
1273319749091504130
1273319937344327680
1273320016734228481
1273320070815645699
1273320102335778821
1273320516896518144
1273320914478907392
1273321088865275905
1273321176719331328
1273321279601467392
1273321375520796672
1273321377441906688
1273321388598874112
1273321522023694339
1273321665649348609
1273321960647335939
1273322001571082240
1273322005690007552
1273322444674170882
1273322487078703105
1273322677776920586
1273323050403074048
1273323772464914432
1273324125973610496
1273324174644305920
1273324375509471233
1273324753366003713
1273324917262557186
1273325018123026432
1273325029996982275
1273325151199940608
1273325314836496384
1273325336864972801
1273325357899214848
1273325462979256321
1273325621230415873
1273325737815289857
1273325752730214401
1273325770937524225
1273325813744783360
1273325825836765184
1273325859626258432
1273326009786474497
1273326010797379586
1273326026593112064
1273326038009946113
1273326040627232770
1273326182499586051
1273326245397385218
1273326279773884417
1273326321100304387
1273326385390587915
1273326415371538433
1273326748147625986
1273326849247129601
1273326972551270401
1273327127618879488
1273327534587801600
1273327620952928256
1273327662686035969
1273327966496231424
1273328398660775937
1273328467958996992
1273328554223206401
1273328874932355076
1273328904011501576
1273329002342645762
1273329319268343809
1273329319796858880
1273329600165228547
1273329686605705222
1273329789122871297
1273329925655687168
1273330150214688768
1273330152219566081
1273330183756492802
1273330512665423873
1273330590364971019
1273331292180971534
1273331775113134083
1273332101459382273
1273332213912793090
1273332379860467716
1273332600803864576
1273332749995085824
1273333100001611777
1273333103029870594
1273333131505008652
1273333163348168705
1273333661870538757
1273333692736376833
1273334143322071042
1273334842051215367
1273334907822133253
1273334951484755969
1273335212546678784
1273335246856077314
1273335387805691905
1273335541346566146
1273335613110939649
1273336051210182656
1273336179874598912
1273336197214081029
1273336414856294400
1273336611879739392
1273336677801566209
1273336943170945025
1273336946052542464
1273337028827103233
1273337052529143808
1273337258137939969
1273337455660412934
1273337933341380608
1273337938764537859
1273338234014072833
1273338489715605507
1273338773443620865
1273338920214974464
1273338950124318720
1273339058148839424
1273339179473211392
1273339241796427778
1273339502950481922
1273339637503844353
1273339775764889603
1273339814503309312
1273339831762989064
1273339992576794627
1273340140514160648
1273340483436032000
1273340780074000390
1273340787904909315
1273340938258087936
1273341151991431174
1273342120934412288
1273342171324641280
1273342307048148992
1273342364313104391
1273342889590808576
1273343064455643137
1273343430555467776
1273343530052784129
1273343551619756032
1273343573551976448
1273343643806568458
1273343805316575237
1273343928155201538
1273344071780765698
1273344243638185986
1273344257873588229
1273344504704139266
1273344978320855040
1273345007769001984
1273345014924484612
1273345046314717191
1273345599639818240
1273345718980411397
1273345774336700416
1273345964502405122
1273346173420568579
1273346454883414016
1273346881775636485
1273346922162663424
1273346946212728837
1273347124566953984
1273347146704719878
1273347351705509889
1273347444303003649
1273347445452230656
1273347445620011008
1273347559046680578
1273347565287804929
1273347717390098432
1273347915097034755
1273347985846333440
1273347988488937475
1273348039726391296
1273348070433062915
1273348741047730176
1273348829782274048
1273348907737776130
1273349012360437767
1273349305370370052
1273349335380447233
1273349478645293056
1273349508018077702
1273349763228766208
1273349910633558016
1273350141378998275
1273350215060221952
1273350569005060097
1273350928909897728
1273351120933527557
1273351687667769344
1273352108998156288
1273352346102358016
1273352381002997760
1273352512582479877
1273352534615363585
1273352752543027200
1273352895723945984
1273353043849822208
1273353067174391809
1273353161676328967
1273353515579183108
1273353599997734912
1273353649666830343
1273353868802482176
1273354060989685767
1273354443510157319
1273354575161036800
1273354783517097984
1273355005789999105
1273355054666350601
1273355118285471744
1273355120663642112
1273355121754124289
1273355171360366592
1273355178184372224
1273355458905071620
1273355522574561284
1273356006135861249
1273356061630701570
1273356104336961536
1273356190379098112
1273356536539222016
1273356549046571010
1273356940278665220
1273357097498017794
1273357709375610881
1273358522152095744
1273358988357373952
1273359220692471823
1273359278007517187
1273359612352368652
1273359757374521344
1273359786738925569
1273359949498892292
1273359982633811969
1273360279389249537
1273360287828238339
1273360298041323520
1273360666959720453
1273360685330808839
1273360709057941504
1273361208171802625
1273361284759617537
1273361583213891585
1273361640642228225
1273362010231787521
1273362303358885888
1273362547576635392
1273362572553715714
1273362653658984449
1273362991405301761
1273363171898798080
1273363853762596866
1273364167555190787
1273364487689682947
1273364557163925504
1273364942205235201
1273365140885385222
1273365247055798272
1273365290164748288
1273365311610208256
1273365366371233800
1273365508172152836
1273366133089939459
1273366148160126979
1273366211359838210
1273366229655437313
1273366334492020738
1273366602130612224
1273366675744673792
1273366852215898114
1273366901314457603
1273367005425471488
1273367127467188224
1273367271797190656
1273367683040448513
1273367951551455232
1273368004026343431
1273368013711048712
1273368053850558464
1273368137547894785
1273368244842201088
1273368450551947264
1273368545150337031
1273369156889370629
1273369306089304065
1273369473274089472
1273369528458764288
1273370099639095298
1273370317499531264
1273370619900563464
1273370788738019328
1273371017268752384
1273371203030462464
1273371205102264320
1273371209372073987
1273371425815093254
1273371479854342144
1273371851775934464
1273371917055975429
1273372255712473089
1273372269142847489
1273372561540341761
1273372653966037003
1273372666049658880
1273373002307117057
1273373094124625920
1273373547621158912
1273373729612083203
1273373768384159744
1273373969043738625
1273373969970798592
1273373994155077632
1273374515393945603
1273375010053292033
1273375366287994881
1273375472710119425
1273375870191796232
1273376258240454656
1273376659693907969
1273377067573313537
1273377188973330432
1273377257608802305
1273377258737070080
1273377260997754881
1273377262981660673
1273377263447207936
1273377264504209409
1273377382716461056
1273377474257264640
1273378661157138432
1273378697316270080
1273378818070384650
1273379367771668481
1273379636102094848
1273379644306337800
1273379990277697536
1273380127812939781
1273380836327464967
1273380836612534274
1273381047854682112
1273381665847402496
1273381855207788550
1273381971389870081
1273382182548094983
1273382267453308928
1273382345765240839
1273382458222956545
1273382608651632640
1273382681972178945
1273383222345207814
1273383375529795594
1273383427941625858
1273383548666310657
1273383577888133127
1273383845145055239
1273384660643479552
1273385120150380544
1273385150383042560
1273385283308810240
1273385790890840064
1273385850982879232
1273385882167492608
1273386063868952576
1273386554199871491
1273386738392711168
1273387045470248960
1273387403739357190
1273387564297322502
1273387707784474628
1273387875912970240
1273388311130898439
1273388493067169795
1273388600244174848
1273388828024360965
1273388885930737664
1273388889680408576
1273389099144097797
1273389126058864640
1273389811693424641
1273390095027101698
1273390416285622278
1273390579922145280
1273390584636588032
1273391497543667713
1273391655983480840
1273391993427652608
1273391994589442049
1273391994597896192
1273391996292325380
1273393256555053058
1273393522163494914
1273393691516944391
1273393928780251136
1273394180727943170
1273394378375983104
1273394438426038272
1273394609469755395
1273394628218273798
1273394903180087298
1273395090191458306
1273395507105234944
1273395511278497792
1273395642048499712
1273396008983150593
1273396244795338752
1273396268153233408
1273396451628982272
1273396642515791872
1273396981201682432
1273397164245495810
1273397730581323777
1273398030608166912
1273398120752259072
1273398198367916033
1273398293469564928
1273398324264153092
1273398610512797698
1273398724216184837
1273398922740785152
1273399011811131399
1273399295304183810
1273399677539450882
1273400010437210121
1273400414222745600
1273400417775308800
1273400846307471362
1273401053967454209
1273401244162199552
1273401255369547778
1273401471099211781
1273401509821050880
1273401878361985024
1273402101662732290
1273402177000804352
1273402370173665281
1273402431041236994
1273403104613076993
1273403213547401217
1273403886150340610
1273404684837912576
1273404716479905794
1273404774235455488
1273404978137370624
1273405160149192704
1273405455021244422
1273405951446519810
1273406457304592384
1273406460165152768
1273407090178977794
1273407093681254400
1273407199151362049
1273407204666769409
1273407205937577984
1273407993107841024
1273408512970948614
1273408601240018946
1273408698833043457
1273408803501936641
1273408920674066432
1273409253009616897
1273409299100962818
1273409608351019008
1273409745450303494
1273409782003781632
1273409785396953090
1273409884223156224
1273410048933445637
1273411110620803077
1273411227902005249
1273411240673505281
1273411254871306240
1273411342226141186
1273411890463387648
1273412749414952960
1273413354120531969
1273414097275547648
1273414886916268032
1273414999533330432
1273415258279940097
1273415521501720578
1273415868752355330
1273415885416349696
1273416123820781579
1273416436254457856
1273416711455354881
1273416726215081990
1273416835589906434
1273417088351088640
1273417475850481665
1273417726397231104
1273417771934601217
1273417882500845574
1273417910543962113
1273418031129956352
1273418639962591232
1273419593080385536
1273419882491711493
1273420132673630209
1273420324110024704
1273420328371396608
1273420501986299905
1273420884007546880
1273421179240484865
1273421204263706624
1273421300032319489
1273421870474248192
1273422058756530181
1273422061113765888
1273422103090466816
1273422356128698369
1273422768995012620
1273422858765709314
1273422872745213953
1273422896703123458
1273423191525011462
1273423277118099457
1273423385666768896
1273424361786146816
1273424388071714823
1273424487648763904
1273424521454915586
1273424582364426240
1273424682029649925
1273424704074702849
1273424705240698880
1273424757505974272
1273424765643100166
1273425300764930048
1273425339515990016
1273425817624813569
1273426106813526017
1273426322262577152
1273426970563325952
1273427073160359937
1273427100205187072
1273427241976897538
1273427337632272384
1273428212928970752
1273428270202093568
1273428336841236482
1273428546497794048
1273428864711061504
1273429154927542272
1273429181775437830
1273429342740234240
1273429410696306690
1273429564539183104
1273429736383852545
1273429743338090497
1273430082976006144
1273430259795402752
1273430293479735297
1273430312542973958
1273430773954154496
1273431426063630336
1273431620478013447
1273431685363716096
1273432443073200130
1273432890207014912
1273433110026186752
1273433202842091520
1273433716417720320
1273433992881111040
1273434059218264064
1273434303498616833
1273434564153806849
1273434598182203399
1273436011742314496
1273436757049163776
1273436904311197710
1273436909218357248
1273436910359207936
1273437057231155201
1273437561449480192
1273437677531037696
1273437820028358656
1273438372917325824
1273438406358339584
1273438464189566976
1273438592187195393
1273439225325801473
1273439862985641984
1273439925313167371
1273439927657619456
1273440218427744257
1273440427425832961
1273440788739952647
1273440848152231943
1273441279544905734
1273441438278266881
1273442351478865923
1273442378263621633
1273442400334229506
1273442409498783744
1273442506198392832
1273442670686371840
1273442673664425984
1273442686075371523
1273443748224151552
1273444038398496768
1273444205059284993
1273444253658726402
1273444359598309376
1273444402682138624
1273444484404125703
1273444829079441408
1273445341795319808
1273445460632469504
1273445547920285698
1273446213287907328
1273446290295316484
1273446794257731584
1273447221527183360
1273447401236332545
1273447813062332418
1273448155556851714
1273448185839509504
1273448544771473410
1273448684026507264
1273448907536769024
1273448916806258691
1273449192401309696
1273449240392417280
1273449993806811137
1273450492497219586
1273450660399386625
1273451491391463424
1273451755729125376
1273451906594230278
1273452007097958400
1273452073615384577
1273452606036357126
1273452638021971968
1273452646385569792
1273452860819243010
1273453001018138624
1273453106328715264
1273453226529034243
1273453285937041409
1273454710033453057
1273454810860343296
1273455857410273281
1273456330183815168
1273456423847047168
1273456692886372353
1273457088384110595
1273457321201590272
1273457754737270784
1273457999059836928
1273458278568284163
1273458453638332416
1273458603756859392
1273458747055067136
1273458905545408513
1273458953779847174
1273459517074935808
1273459582292185088
1273459757597278208
1273459989215170566
1273460347102474242
1273460391058657286
1273461311704313856
1273461411176382465
1273461688776511493
1273462453796397057
1273462615457574914
1273462657945829377
1273463435775242240
1273463950206808065
1273464421734649856
1273464713645559809
1273464881371656192
1273465152285917184
1273465173572030466
1273465411418198016
1273465658056028162
1273466042178732033
1273466980004007937
1273466981237223426
1273467222544076806
1273467343029616641
1273467719191605250
1273468563127402498
1273469117446619138
1273469255737114625
1273469413979815936
1273469478429495296
1273469514252873728
1273469740124684289
1273469979124543488
1273470069281099777
1273470166395953158
1273470264580374528
1273470780286828544
1273470810280341508
1273471149280813060
1273471157040283648
1273471266582757378
1273471352964395008
