1269849647553613824
1269849725349638149
1269850844280893440
1269850960886550528
1269851563780120576
1269852217466654727
1269852467023556609
1269852595499171840
1269853397995466752
1269854143528742914
1269855142851026945
1269855525073715202
1269855574654701570
1269855713137840128
1269856204987211777
1269856298042040320
1269856313443586050
1269856649793200128
1269856717900255237
1269856722182713345
1269857322257408001
1269857565946662913
1269858390836219906
1269859731566399489
1269859839540248578
1269860200971894785
1269860344484081665
1269860345763336193
1269860548469878784
1269862117533978624
1269862173599313920
1269863024908787712
1269863079950467072
1269863640867495938
1269864689552498688
1269865663490818048
1269865760240828416
1269866137174577152
1269866800155627520
1269868051350069249
1269868446222897152
1269869714047733761
1269869717033897985
1269870023155134464
1269870352831832065
1269870397366906880
1269871363038330881
1269871786637750272
1269872067824025600
1269872544883982336
1269873201724694533
1269873365927550976
1269875120534892544
1269875167259496450
1269875261052465153
1269875327356076032
1269875329776054273
1269875404162170880
1269875405818925056
1269875964890222592
1269876181668691969
1269876361440768000
1269876799762284544
1269878068564447232
1269878145437573120
1269879551162810368
1269879922941743105
1269880221420978176
1269880275850407937
1269880781838655494
1269880803418398721
1269882136485658624
1269883695017545728
1269883845526147072
1269884094453821440
1269884143724355584
1269884686513438720
1269885278140981251
1269885670685728768
1269886552483733504
1269886591541161984
1269886682553294848
1269886774257614848
1269887002662453248
1269887420247478278
1269887574266576897
1269887853321912320
1269887956300357633
1269888041352671233
1269888064849162240
1269888080699416580
1269888277080944640
1269888341824192512
1269888442948820992
1269888592140218368
1269888774600785920
1269888898488061954
1269889128889372673
1269889314982440960
1269889461992767488
1269889849458294785
1269890409250971648
1269890418587639809
1269890573458124800
1269890772079456257
1269890857576120320
1269890969861750784
1269891404827971584
1269891470611398659
1269891767370805248
1269891899277692935
1269891968034902016
1269892278610546688
1269892492905852930
1269892570676637696
1269894364324679682
1269894386478911489
1269894489360875520
1269894725684858880
1269895059899637761
1269895249624793088
1269895473730662402
1269895916430950401
1269896214872391680
1269896513964126208
1269896814540607488
1269898107136937986
1269898549686407168
1269898944269750272
1269900000860999683
1269900809287991296
1269901213128110080
1269901740767313922
1269902123350872064
1269902343044292614
1269902879705296898
1269903109507158017
1269905260299956224
1269905262170615808
1269905637481132033
1269905638596853760
1269907016987877377
1269907125427408897
1269907183828979712
1269907404122030080
1269908384112873473
1269908564077760512
1269909094456086528
1269909541799383041
1269909667787837442
1269910445231681537
1269910657786314752
1269911148037578752
1269911429571842048
1269911642655129600
1269911648451604481
1269913031384928259
1269913043535753216
1269913115057164288
1269913254060601345
1269914167861022725
1269914431879864320
1269914577334087681
1269915414584348672
1269916048947646464
1269916833089572864
1269917131946299394
1269917137889566720
1269917153349849091
1269917215572160513
1269917474268409856
1269917619211116545
1269917719840780289
1269918474467373058
1269918636325720066
1269918962525052928
1269919454307266560
1269920375464267777
1269920381357285377
1269920383034986497
1269920636035575809
1269921416528330753
1269921627443060737
1269921654475501568
1269921908805468161
1269922801210871809
1269922967934435328
1269923280422686720
1269923465651347456
1269924059787165697
1269924088488833031
1269924672671547392
1269924679332122625
1269925170984005633
1269925451629289472
1269925581056995328
1269926333892554754
1269926522967687171
1269926529506697216
1269926638835417090
1269927562094002176
1269928552511782912
1269928574326276097
1269929274963787776
1269929892835201025
1269930657075073028
1269930811576418305
1269932132962570243
1269932159785197568
1269932391315001344
1269932490850013185
1269932548832067584
1269932715010338817
1269933311138373633
1269933365953691648
1269933395011932165
1269933550725410818
1269933599501037568
1269934108794331136
1269934375791190016
1269934834505224192
1269935448954150923
1269935452355584000
1269935486019100672
1269935488086863872
1269935734187790336
1269935847656222720
1269936165571956736
1269936285390721026
1269936382098706433
1269936686248542209
1269936970228211713
1269937522681012224
1269937703086288896
1269937732391862275
1269937751568384001
1269937903611887619
1269937919638278149
1269937966773874690
1269938179978801153
1269938611962740736
1269938628756746246
1269939248339116034
1269939528959229954
1269940074445242374
1269940955706097664
1269941286209028096
1269941541981892610
1269942258213834752
1269942424752750595
1269942476489490432
1269942751833006080
1269943009639989248
1269943194780864513
1269943285889536001
1269943474465497088
1269943514974031872
1269944076880809984
1269945208013291520
1269945235032997888
1269945905660203008
1269946136216965120
1269946488890601472
1269947103163359234
1269947520974761984
1269948086538797057
1269948148346126336
1269948329070194699
1269948516975046659
1269949349523410945
1269949567056953346
1269949715598266370
1269950317623304192
1269950319716229120
1269950377920618498
1269950836685316096
1269950936463691776
1269950938015399938
1269951330027810821
1269951405130997765
1269951437070614528
1269951479634292737
1269952444471132161
1269952667155038208
1269952789838364672
1269952881177899011
1269953039256956934
1269953070265491456
1269953267569655809
1269953282987962369
1269953344082190336
1269953554820878336
1269955626421161985
1269955705873760256
1269955841601474560
1269956240769200135
1269956308561620992
1269956348256686082
1269956435791708161
1269956656143781889
1269956974579453953
1269957258055544833
1269957438737915904
1269957706833629185
1269957712047222784
1269957848907296770
1269957957128802304
1269958052565770240
1269958098019631106
1269958480154279936
1269959085182631936
1269959120565735426
1269960374612353025
1269960618703872003
1269960956035182592
1269961265818017793
1269961492004311040
1269961998961426432
1269962392114520065
1269962927093628930
1269963188910600196
1269963459749388289
1269964177055105024
1269964246995144704
1269964409620709376
1269964737149837312
1269965153874980864
1269965279926181889
1269965279892815872
1269965288482594817
1269965337044320256
1269965425162489871
1269965489213788166
1269965737390739458
1269966458785804288
1269967420615094277
1269967801512595457
1269968341541826563
1269968702960807936
1269968846334701579
1269970310117244929
1269970365960224768
1269970686585511937
1269970874041544704
1269971064081256448
1269971810071838721
1269971903302819842
1269973029490094080
1269973807785271297
1269973812981964800
1269973905898450944
1269974148719079429
1269974405960130562
1269974763423686656
1269974921813385217
1269975518910255107
1269975650732879872
1269975713924427777
1269976005286014977
1269976133547642880
1269976291194933251
1269976341992009734
1269976508971356161
1269976656116097025
1269976891924103169
1269977086409633792
1269977173009539074
1269977787391250433
1269977967779864578
1269978078060728321
1269978407489716226
1269980142673281031
1269980261313175553
1269980262470828032
1269980530000396294
1269980619926310912
1269980740667793408
1269980813287800833
1269981112010510336
1269981192503341061
1269981713926586378
1269982052197314563
1269983298929012742
1269983779491385346
1269983893513535488
1269984249828069378
1269984567143923718
1269984961802563584
1269985291592491010
1269985294452998144
1269986461887148034
1269986638324805632
1269986683501473793
1269986800786968576
1269986929346576385
1269987699869601797
1269987752461824001
1269987878521786369
1269988183024062465
1269988238590173185
1269988435902844931
1269988480265809921
1269988566689513475
1269988749129195520
1269989308250894338
1269989589034377218
1269989934535979008
1269990312837025792
1269990532324958208
1269990654349697026
1269990848894128130
1269991370565079041
1269991561250648066
1269991692666580995
1269991695564840960
1269991927342149633
1269991998204887042
1269992542470316032
1269992751803838465
1269993014186905602
1269993092410560512
1269993095942115328
1269993239920214018
1269993390898319361
1269993573941948418
1269994172817313792
1269994745612382209
1269994853892382722
1269995022172250112
1269995219916750848
1269995234844217346
1269995235938975745
1269995276091219968
1269995411722235904
1269995411919552512
1269995415195262976
1269995473508630529
1269996362097180673
1269996393768333312
1269996408209321984
1269997919324831745
1269998052426670082
1269998233855508484
1269998415347429376
1269998704603344896
1269999380343296001
1269999545510838274
1269999643187908611
1269999997711458305
1270000037322461187
1270000100454961154
1270000265731678211
1270000274992779264
1270000428911116288
1270000803856572416
1270000952922144769
1270001105653678080
1270001288336400384
1270001315767291905
1270001567194730496
1270001580784451584
1270001648421621765
1270001972209385473
1270002177415790592
1270002248349708288
1270002447935823878
1270002752949612545
1270002907182751746
1270002959011766273
1270003179275661313
1270003210707546113
1270004001191399424
1270004731608530945
1270005059968020481
1270005123834576897
1270005489959604224
1270005693202837505
1270005764162125831
1270005871314186241
1270006257290625026
1270006499155345409
1270006863845888000
1270007758587408391
1270007901042638848
1270007901059506177
1270008203313418241
1270008211022757895
1270008573049921536
1270008581853794306
1270009654186176513
1270009700915052552
1270009778652225537
1270010079329185792
1270010080360927232
1270010452748242944
1270011055515762688
1270011093256110082
1270011212604960769
1270011240312713225
1270011315868712960
1270011758837727232
1270011772964147200
1270012450985959424
1270012830855704581
1270013447145742337
1270013518759288833
1270013795839234050
1270014031106105344
1270014341509795840
1270014565540134913
1270015647527972865
1270015758886723585
1270015865296166912
1270016043839340544
1270016128085966848
1270016301117968384
1270016509222334466
1270016706136756225
1270016928317202437
1270017226855325696
1270017302935805954
1270017372351541249
1270017629227331584
1270017726145273856
1270018449633312769
1270018724070907904
1270018759273701383
1270019312464650241
1270019536427892736
1270019720897531904
1270020330820644866
1270020775588712450
1270020776108756997
1270021430026153984
1270021557457350656
1270021593289437185
1270021656254111744
1270021844192628738
1270022049159884800
1270022225588940800
1270022477876465664
1270022679140188162
1270022800015646722
1270022821163544576
1270023225427271680
1270023932956028928
1270024234031554561
1270024300213555204
1270024377707515904
1270024807481053185
1270025020669145089
1270025046283767810
1270025095478738944
1270025095780732928
1270025169919078401
1270025308716986368
1270025311120265216
1270025316350582785
1270025573507706880
1270025732270575617
1270025898721345537
1270026201130827777
1270026531574878209
1270027194815791104
1270027207616819205
1270027267788472323
1270027470364868608
1270028158247538688
1270028193714466818
1270028395049553920
1270028427391713281
1270028437961478152
1270029019988271107
1270029105124315137
1270029110366990336
1270030246088245251
1270030436392005633
1270030474535219200
1270030816572252160
1270031101029801985
1270031666333888512
1270031719597473793
1270032344150429701
1270032534760456194
1270032625076367360
1270032663441702913
1270032889124499456
1270032994477236225
1270033240234090497
1270033346136084480
1270033382177746945
1270033922299170819
1270034087001182210
1270034525800857600
1270035538486198273
1270036067782180864
1270036115265916934
1270036302050844672
1270036473127956483
1270036617919676419
1270037542851751941
1270037697483231244
1270037833902931973
1270037848356524033
1270037861149167617
1270038467192459264
1270038882474655748
1270039162150887426
1270039219361198090
1270039256950550530
1270039618382114816
1270039685168070656
1270039914726354954
1270040161108164608
1270040164388106241
1270040165851881472
1270040303353958400
1270041123847835649
1270041360737935360
1270041471987650560
1270043154318684160
1270043299299106818
1270043567218704387
1270043638513504258
1270043798559584257
1270043898568728577
1270043990944030722
1270044001496858624
1270044166894964736
1270044174352433152
1270044274546151428
1270044352086249473
1270044431782014976
1270045146977988610
1270045646607826944
1270045897733398530
1270046042520723456
1270046838146686977
1270046960788164610
1270047359074996224
1270047907325054979
1270048083703771137
1270048519366348803
1270048559304491008
1270048811033849856
1270049097429454855
1270049174453653507
1270049451357462533
1270049996931358720
1270050329846054913
1270050483311345672
1270050783828926464
1270051476698783744
1270052054740774912
1270052347402747907
1270052591267971072
1270052844012539905
1270052875079749632
1270053315892707328
1270053641987162112
1270053699948294157
1270053733125230598
1270053829472632832
1270054303349293057
1270055221989986306
1270055251916120065
1270055260061462528
1270055265719574531
1270055266784927750
1270055419415756800
1270055740682756097
1270055741001469959
1270055758101504000
1270056331005870084
1270056701107089414
1270056800260362242
1270057528437534720
1270057663129358341
1270057696440565761
1270058201174638592
1270058224847224832
1270058273069166592
1270058646551040003
1270059535991033857
1270059559583805440
1270060271101452290
1270060407630131200
1270060796916178945
1270060829916815360
1270060935848304644
1270061424858062850
1270061804215873536
1270062381935321092
1270062983519993857
1270063102755831808
1270063614209253382
1270063679522910209
1270063701991792640
1270064077235277829
1270064600386621440
1270064727050399744
1270065567429320709
1270065612707049472
1270065824934461441
1270065868005871619
1270066001938391040
1270066067642159104
1270066554743316486
1270066617016127488
1270066907132067846
1270067371563257856
1270067436105142273
1270067866700840963
1270067872354709510
1270067919813255168
1270068061060706305
1270068149120045057
1270068321363337223
1270068458768695298
1270070228680990721
1270070846413930496
1270071019655426049
1270071437701808128
1270071709329219585
1270071852463828992
1270071921057636352
1270072354576773124
1270072458943627265
1270072485548089344
1270072486835732483
1270072692067139585
1270072749646643206
1270072871809716224
1270073077607661569
1270073145374969857
1270073249003642880
1270073294453198848
1270073575253344257
1270073643129647109
1270074678191800322
1270074960153923585
1270075007494955014
1270075129964326913
1270075473507336196
1270075542855917570
1270076321616584709
1270076393901170691
1270076550910705665
1270076720385843202
1270076730150203392
1270076953668665345
1270076985012862977
1270077107155148800
1270077770547318785
1270078195212173313
1270078208403275776
1270078475307814925
1270078657357176832
1270078659882180608
1270080316531552256
1270080353852633088
1270080465962184704
1270080698414706689
1270081293439635456
1270081401459740673
1270081660420325376
1270081769962905600
1270081953702780938
1270082359350693888
1270082438744535040
1270082873886900228
1270083217773572098
1270083226934087681
1270083414016823296
1270083565800341506
1270083710759641090
1270083833296289792
1270084021582737409
1270084400244498432
1270084701068410880
1270085073383993344
1270085426594951169
1270085512548712448
1270085565724143617
1270086771972476929
1270087427768500225
1270087488464437248
1270087513156222980
1270087623688835072
1270087958310326275
1270088133896437761
1270088365816385537
1270088810517475329
1270089586904006656
1270089648459649025
1270089706462523393
1270089913246126083
1270090114106978304
1270090178116255744
1270090430986612736
1270090558564741124
1270090657760194564
1270090675799732226
1270091218110857216
1270091280815620099
1270091558159818753
1270091600287477766
1270091777173671937
1270091785146994688
1270091813752156161
1270091917238382593
1270092516964970497
1270092649157013505
1270093096806744065
1270093213441896455
1270093376864399363
1270093486554054661
1270093650148700160
1270093688568512526
1270094646895685632
1270094670446518272
1270095002857807873
1270095251919822848
1270095531419799552
1270095590748291074
1270095792381071362
1270096593535078401
1270097073833205766
1270097509638160390
1270097962329309186
1270098111810146305
1270098255020466176
1270098417117585408
1270098518712086529
1270098611850928128
1270098654104293378
1270098964323487749
1270099000239230981
1270099939717189634
1270099946612670465
1270100051709198336
1270100052745183232
1270100058600427522
1270100688450830336
1270100803127177216
1270101828697554944
1270103661461594119
1270104027917881345
1270105281238839297
1270105479486812167
1270105547275206656
1270105556347424770
1270105558801154054
1270105711783972864
1270105720629977091
1270106557938896898
1270107069417492480
1270107220135440384
1270108492448378881
1270108493865984004
1270108726872031233
1270109818813104128
1270110133163626496
1270110293335707650
1270110541390864384
1270110742881042433
1270110749814218752
1270111477580607488
1270111750055235584
1270111828790648833
1270111903214448640
1270112002652938241
1270112065399783430
1270112189945384965
1270112258471985152
1270112348791992321
1270112391427063813
1270113174918922240
1270113827816955905
1270113901082861568
1270113985657024514
1270114141244493824
1270114305694982151
1270114929132146690
1270115019938660352
1270115019959615490
1270115021050114048
1270115022199382017
1270115024330055681
1270115547682942976
1270115574182535170
1270115604540919809
1270115663009533953
1270115832706801667
1270115990706114562
1270116412716052480
1270116542278180870
1270116606157320193
1270116703943503881
1270117010240831494
1270117119527538689
1270117202285518853
1270117212322480133
1270117312960618504
1270117345252405248
1270117416312373257
1270117617488060419
1270117859562225665
1270118531397378048
1270119091760582657
1270119118214234113
1270119170638667776
1270119936044806144
1270119987940900869
1270120374353702912
1270121225549946880
1270121515133161474
1270122095599595527
1270122965561008128
1270123066891395074
1270123085614723072
1270123957920940032
1270123986169540615
1270124066410827777
1270124507156615168
1270124913467195400
1270125031700549633
1270125715040714763
1270125772498448385
1270125814189867010
1270126200963379201
1270126365354967040
1270126435815079943
1270126483600740363
1270126560314523649
1270126879165386752
1270127615500627969
1270127916354019328
1270128072109547522
1270128133447000066
1270128530026713088
1270129006042644480
1270129129745199111
1270129133499158528
1270129151987589123
1270129179149787137
1270129188452909058
1270129422302142470
1270129802826170368
1270129989837455361
1270129994950340608
1270130284294537217
1270131059435483138
1270131263937163264
1270131844894216192
1270132060234166275
1270132070795313152
1270132662666174464
1270132911946293256
1270132918828990464
1270133671362789376
1270134377956044800
1270134716302311439
1270134729736630272
1270135056233832448
1270135098139193345
1270135195212054529
1270135510581690368
1270135578722353153
1270135699308756993
1270135906465452032
1270135925973094406
1270136015399915520
1270136164738088963
1270137208851312641
1270137546765406209
1270137592592424967
1270138431985852420
1270138467763343360
1270138484125249542
1270138902985220098
1270138956114546689
1270139067410382848
1270139084527120384
1270139422089129986
1270139544105635840
1270139614896861185
1270140223473795074
1270140433163640833
1270140434212216832
1270140567289303042
1270140611253997568
1270140683538649088
1270140758272741376
1270141029962993664
1270141510265135110
1270142556291117058
1270142606748471297
1270144027904471040
1270144480990068736
1270144605057626113
1270145098395746304
1270145103282057216
1270145104884273153
1270145106243280896
1270145160152784896
1270145466454306817
1270145571047817218
1270146208640765952
1270146383245217793
1270146596379021312
1270148470683336704
1270148476349960193
1270148854411919360
1270149488158674944
1270149660678606848
1270149715628306432
1270149732388790273
1270149811820363778
1270149944213508096
1270150149491359744
1270150427120525313
1270150856860749824
1270151272797274113
1270151714297933824
1270151904228773888
1270153042105516033
1270153567161196548
1270153766013042689
1270153802209849344
1270154099468562432
1270154167349174274
1270154489182420993
1270154647584423936
1270155416824053767
1270155420829540352
1270156872113369089
1270157056511795201
1270157704003231744
1270157775868293120
1270158118077562885
1270158294129061889
1270158383321100289
1270158596165103616
1270158649965543425
1270158849710981120
1270158916534624256
1270158931248152576
1270159938078117888
1270159938803785729
1270159939898470400
1270159940372459520
1270159946529665024
1270160315871752192
1270160419555028993
1270161249611862016
1270161678743846912
1270161861045104640
1270162173864611841
1270162331750797312
1270163618772987904
1270164680766418945
1270164744461324289
1270164760642846720
1270165535918080003
1270165892840722432
1270167359517536256
1270167812867268611
1270168116073385989
1270168119797940224
1270168123526639616
1270169411966689280
1270169534826045441
1270170383484964870
1270170600456273921
1270170622304423937
1270170869508210688
1270171714287263747
1270171983423180800
1270172366451040256
1270172613390635008
1270172837626642432
1270173398463905792
1270173494286876675
1270173680291794947
1270174658654990336
1270174661767073792
1270174663063158784
1270174664254353409
1270174788871323648
1270174825299001344
1270174920748814338
1270175064915415041
1270175157085253632
1270175354355777537
1270175358374076417
1270176533668388871
1270177242732208128
1270178102891524096
1270178426645774340
1270179027286974466
1270179890269089793
1270180220851519488
1270180326577504261
1270180468454043648
1270180580987027458
1270180774092963842
1270180826022440960
1270182676805361665
1270182809630474242
1270183167065022464
1270183289047986178
1270183466051633152
1270183814866833408
1270183946395901952
1270184491131248640
1270184915284430854
1270185231216246784
1270185457264078851
1270185670187929600
1270186181901324289
1270186407345049600
1270186754864185345
1270187179545735168
1270187474258669569
1270188360347332608
1270188713881014273
1270188922941964288
1270189197043929094
1270189904081739777
1270189905155551232
1270191524853121024
1270191759440609280
1270193294035824640
1270194027850133504
1270194288140283905
1270194879713497088
1270195240369094658
1270195356714795011
1270195681341452289
1270195778519097344
1270196035462279168
1270196433212198913
1270197425353957382
1270197501644214272
1270197723556384769
1270197934433411074
1270198120920596481
1270198356946501632
1270199789284663296
1270200157305548800
1270200558444580865
1270201567883468802
1270201629640400900
1270201758170546176
1270202724798300163
1270202755706048513
1270203053984092161
1270203154869649408
1270204361952694275
1270204483465670656
1270204484610711559
1270204537006182400
1270204619667443712
1270205230957780992
1270205746186256384
1270205899110526976
1270206113011490817
1270206841176444930
1270206984634208260
1270207042440003585
1270208525256531968
1270208699940864002
1270208760741457921
1270208782166110210
1270209072764084225
1270209175642148864
1270210266140155905
1270210339821572100
1270210562362933248
