1271661111159521282
1271661128741986304
1271661274254807040
1271661546440142848
1271661682163699713
1271661868722139136
1271662102030069760
1271662140684894213
1271662462991921158
1271663056376954882
1271663458421891072
1271663486620188672
1271663846948843520
1271664362306981890
1271664487175802881
1271664863765581824
1271665719378415616
1271669262915166208
1271669467932696576
1271669824242937857
1271669948574838784
1271670052849213440
1271670216355909634
1271671158237085696
1271671159927390208
1271671527763701760
1271671879204511744
1271671915929886720
1271673095632424960
1271673096190058496
1271673457630044160
1271673888397803520
1271673921591541762
1271674988395851777
1271676019246800896
1271676390748884992
1271676609154736129
1271676950600351744
1271677166363668480
1271677563572588545
1271678245331746816
1271678382116343810
1271679176626536449
1271679631704326146
1271679701019291653
1271679833521582080
1271680682494955520
1271680947646353408
1271682978754596865
1271683326160457729
1271683378002231296
1271683437922004993
1271683803686277120
1271684276501782534
1271684319921111041
1271684347565875203
1271684358852669442
1271684865151270913
1271684897208332288
1271685370086752256
1271685370208452608
1271685680331096065
1271686245530255360
1271686246817951746
1271686246994075659
1271686248399204353
1271686248734679040
1271686250190127105
1271686863959572480
1271687403518992386
1271688456192827392
1271689223305863168
1271689482673303554
1271689889499828229
1271690377423175683
1271691102366494722
1271691152362594304
1271691993660391425
1271692246635569153
1271692663973122048
1271693232477310976
1271693232896987141
1271694357310169088
1271695179443920896
1271695679186849792
1271695952781459456
1271696775800336384
1271697345701429249
1271698395040829440
1271698430553776128
1271698463059660801
1271698553581297669
1271699394656681985
1271699858383044609
1271700266392391681
1271700596559687680
1271700614276243456
1271700931235717122
1271700973329645568
1271701322442526721
1271701346232631298
1271701402671288322
1271703509583437827
1271705912634458115
1271706133800108033
1271707260712935424
1271708937172197377
1271710584959119370
1271711204289982469
1271711360968245248
1271712111346028545
1271712600389234692
1271713487442624513
1271713994106077184
1271714162448625664
1271714260347994113
1271714815677853696
1271714848552992768
1271715035656663044
1271715263444992000
1271716294547640320
1271716323156885506
1271716324201254913
1271716490044223489
1271716638723883008
1271716959940419591
1271717548585676800
1271717682732244992
1271717715691085825
1271717876832051201
1271717934038241280
1271718290604339200
1271718531948675074
1271718779941257218
1271719451826638849
1271719775241199616
1271719938374451200
1271722560879759364
1271722693839269888
1271723366219526145
1271723806722191361
1271725007077433349
1271725064577261568
1271725660629807104
1271725862535049216
1271726250806128640
1271726410458161152
1271726527726706688
1271727802115657729
1271728180894871554
1271729006384013312
1271729277755699200
1271729738298654721
1271730292340994048
1271730575393476609
1271731297069588482
1271731298399215622
1271731866152898560
1271732667612946433
1271733371379556352
1271733779984527360
1271734595654950912
1271734652693295104
1271735096702373893
1271735650027548673
1271735990927966208
1271736002940489729
1271736354234400768
1271736427299119106
1271736621793267713
1271736947384487936
1271738147127386113
1271738916522151936
1271740010514075651
1271740101018759168
1271740827035930624
1271741300698755072
1271741830267314182
1271741998924529664
1271742614757408768
1271742661972701184
1271743219869511682
1271743729498558464
1271743822012116992
1271744512537382913
1271745258070528005
1271745855641485313
1271746337319587840
1271746637988278273
1271746929614077952
1271747098380308481
1271747363225456642
1271747501557678087
1271747739626409985
1271748260894576640
1271748404973092864
1271748828073472001
1271749525305163776
1271749628673867777
1271749680305709058
1271750789569150976
1271750831717511169
1271751052895928320
1271751250019827713
1271752136850898946
1271752161303474176
1271752262482661376
1271752494679539712
1271752560794169344
1271753399474835456
1271753528025939970
1271753724936032256
1271753876115525633
1271754534608441344
1271754618419187713
1271754638832791552
1271754738170765315
1271755252702863360
1271755618106216448
1271756717374791680
1271757013001928704
1271757398902890497
1271757399284744192
1271759204764864513
1271759414450688002
1271759558378237952
1271759988789112832
1271760251667337223
1271760571919040512
1271760826404237312
1271760863238647808
1271760864408829958
1271760865134407680
1271760865549643776
1271760869223874560
1271761407768436736
1271761413124485120
1271761431126511619
1271763002773999616
1271763833783226368
1271764063048142854
1271764283374764033
1271764519732248577
1271765346870059009
1271765394856935424
1271766361317007360
1271766802469552130
1271767550536282114
1271767637333336064
1271767661240889344
1271767873770291200
1271768318249181186
1271768746370240513
1271768881674231808
1271769374236516353
1271769467979087872
1271769645603790848
1271770582141427714
1271770804389380096
1271771038615916545
1271771186960072706
1271772321028726785
1271773816604196871
1271773828209799169
1271774243630411779
1271774355622637568
1271774957433810946
1271775023192322051
1271775110475722753
1271775110928662529
1271775240050409472
1271775329539903488
1271775840880087040
1271776614964236288
1271777678614396928
1271778217570025472
1271778983424729088
1271779333703708673
1271780013050920962
1271780100011327489
1271780307906129920
1271780452832096257
1271780600723243008
1271780673355825154
1271781786377506816
1271781816450658304
1271782021061324801
1271783037425061889
1271783394733707264
1271784521428426754
1271784618279276544
1271784942477942787
1271785152759377920
1271785323547287553
1271786175838261248
1271786268188274689
1271786758028423169
1271786994553647104
1271787154042216448
1271787286565289986
1271787992479346691
1271788103620050945
1271788595993509888
1271788661898645504
1271788738075598850
1271789046222794754
1271789085309501440
1271789186668953600
1271789435760377856
1271789601389150209
1271789973126041602
1271790089836867584
1271790113916440577
1271790700091359232
1271790991457103872
1271791018074087424
1271791186852765697
1271791422811901952
1271791584703655939
1271793149892087808
1271793234864271360
1271793274194280451
1271793736708734981
1271793984076120064
1271794144265019392
1271794239043756032
1271794272816164867
1271794570846711809
1271794806851657730
1271794880851980289
1271795539676467200
1271795959295545344
1271796336522932224
1271796616811499520
1271797048648642561
1271797201090510848
1271797531127640064
1271797585867612160
1271797953943003139
1271798451538403328
1271798491908460544
1271798799233499136
1271799367515570177
1271799368308285440
1271799680557559808
1271799735968567296
1271799867258605569
1271799916533334016
1271800181273624579
1271800821659951115
1271801121326002176
1271801274422435840
1271801370694172673
1271801535979233280
1271801786144296961
1271801893837139970
1271801984371306496
1271802283941076993
1271802435355529216
1271802461087555584
1271802544722006018
1271802559003492352
1271803085632016384
1271803198366289921
1271803368290353152
1271803511915687937
1271804164046311424
1271804276944375816
1271804313451532291
1271804551688065026
1271804844626653184
1271805191369695238
1271805381593968640
1271805633097093121
1271805685769080832
1271805770938662912
1271805836168294401
1271806160450940933
1271806161553993730
1271806717215506441
1271806748911755266
1271806981834264576
1271807064118112257
1271807183659978757
1271807972780335104
1271808385567141888
1271808482963001345
1271808499148701696
1271808853261369346
1271809055896399873
1271809286923051008
1271810278183907329
1271810354281164801
1271811312067072000
1271811699780153346
1271812091989688320
1271812136872939521
1271812231034834944
1271812244549046273
1271812820867469314
1271812899074260995
1271813125235490817
1271813534297534469
1271813722617585665
1271814126973657088
1271814160503001088
1271814596668600324
1271815200757501954
1271815878263349249
1271816174695833606
1271816279788118016
1271816286578802688
1271817094833807366
1271817315361984512
1271817462791548929
1271817636851191810
1271817642513502210
1271817684305526785
1271817760054448128
1271818397479829506
1271818747594997760
1271818783468871682
1271819254158053376
1271819522098507777
1271819621981499392
1271819810612133894
1271820466076909570
1271820522314248193
1271820736299257856
1271820827474964481
1271820923478269957
1271821010753294336
1271821011986509830
1271821015694274561
1271821264655613958
1271821312009408513
1271821995613851649
1271822670749995009
1271823064779698178
1271823332804104197
1271823433421053954
1271824525806768129
1271825184605958144
1271825458951344129
1271825605408022529
1271825742020608002
1271825766737682432
1271825789357559808
1271825969020407810
1271826546253152258
1271827179488210945
1271827623983931394
1271827731341357060
1271828168580624384
1271828457161461762
1271828561331015688
1271828782769410049
1271829194150821888
1271829194373300224
1271829764781887496
1271830008978444288
1271830145012301826
1271830532243021826
1271831019528781828
1271831182477594625
1271831219483770881
1271831355089997825
1271831452569616385
1271831869273698304
1271831910042472449
1271831943848636419
1271832398234353665
1271832616535240710
1271832657127706624
1271832962527399936
1271833147227770881
1271833744345714689
1271834099536162816
1271834459327864832
1271834457352306689
1271835374977814535
1271835400881999873
1271835409648058370
1271835455600852992
1271835839627214854
1271835900335599617
1271835982766026752
1271835983885950978
1271835984888393728
1271835985328795648
1271835986352201728
1271836865285419016
1271837070340681728
1271837100422414338
1271837707912740866
1271838974043136002
1271839051834949632
1271839370606194689
1271839591969030144
1271839645555449856
1271840493807288322
1271840854056013824
1271840879142002689
1271840973669011461
1271841032179724291
1271841223808913408
1271842118571622405
1271843110742626304
1271843114521694209
1271843210827116544
1271843246898065409
1271843940359196672
1271844067991851013
1271844111830695936
1271844737410981888
1271845648380252160
1271847172393381889
1271847285845090305
1271847823667945472
1271848642861772802
1271848682212786176
1271848867609395206
1271849229821059072
1271849243519660032
1271850090886389761
1271850646602305536
1271851010315530241
1271851084932239360
1271851087390105600
1271851088526766080
1271851422758260736
1271851806323290121
1271851876519157761
1271852488304611328
1271852538850148352
1271852658257563648
1271852905667026944
1271853628979101696
1271853650076405764
1271853831345897475
1271854177984155648
1271854299795140608
1271854411866705922
1271854641643433984
1271854760023535617
1271855450678411264
1271855774516609025
1271856122408759296
1271856166432358400
1271856396867428352
1271856641370214400
1271856910208303105
1271857009302929409
1271857117490790404
1271857340019437573
1271857462757347329
1271857483204587520
1271858577620242433
1271858637703708678
1271858649439203329
1271860078262407168
1271860092242141184
1271860117105979395
1271860615372472329
1271860875863953408
1271860881198952449
1271861095121260545
1271861421500968960
1271861457227902976
1271861668532719617
1271862721776988160
1271862885849821184
1271863274703904768
1271863400633708549
1271863410263764993
1271863509085753344
1271863519735095297
1271863563985063939
1271863630506733569
1271864047806435337
1271864860062744578
1271865371918848000
1271865602777497601
1271866184510500864
1271866439004090368
1271866819905638400
1271866850834395137
1271867126807056385
1271867548154429442
1271867633583955973
1271867815427895301
1271868029031329792
1271868134824259584
1271868511586041857
1271868717161500673
1271868782164668421
1271868789739491330
1271869153230704643
1271869581062279171
1271869589006299138
1271869856665620486
1271870773326688256
1271871027992092673
1271871091254808578
1271871306171142147
1271871697910669315
1271871722447233025
1271871844979625984
1271871902634647552
1271871971614130178
1271872065478561793
1271872107077664768
1271873012464259072
1271873281520525315
1271873812146073600
1271873986583035904
1271873998490648576
1271874034800746496
1271874327223455745
1271874545666981889
1271874632035872768
1271874633671872512
1271874712780500993
1271874904552607744
1271875074992361480
1271875079136313350
1271875474336223232
1271875514026860546
1271876555652902913
1271876596841021442
1271876729301327873
1271876780920647682
1271876866454900736
1271876876206628864
1271877147641229314
1271877426012762113
1271877586755506176
1271879017310846982
1271879229299396609
1271879797451501568
1271879945057419266
1271880343109242880
1271880905909366784
1271881244394115077
1271881345120251906
1271881643226259456
1271881736738275331
1271881777850826754
1271882657001992192
1271882803051888641
1271883757381976064
1271883867616665600
1271884739713040389
1271884941954035713
1271885769863499787
1271885790738444288
1271886008167120897
1271886040052256770
1271886361075658752
1271886881727315969
1271887483014275072
1271887754096529409
1271888294540980229
1271888419006922753
1271888833886457856
1271889120760074240
1271889138640355331
1271889314268545029
1271889463736557568
1271889845212848128
1271890039191023618
1271890155788554244
1271890334793060352
1271890602200715264
1271891071946100737
1271891121719799809
1271892521782841344
1271892991767187456
1271893045047439360
1271893736604102656
1271893740093755392
1271894215807700993
1271894862028328962
1271895032014884864
1271895563831664642
1271895709659299847
1271896003508006912
1271896008046153728
1271896759724376064
1271896891874250753
1271897580507590656
1271897873521807360
1271897914864852993
1271898163792642048
1271898829764231168
1271898938568818690
1271899221306810375
1271899589038268419
1271900544806854656
1271900548539785216
1271900573000847365
1271900745189728256
1271900974379130880
1271901310665871360
1271901416475332608
1271901676190879744
1271901955900801026
1271902141003837441
1271902422701613058
1271902621692026885
1271902733512015872
1271902776914780169
1271903095841263619
1271903149075267584
1271903237109690369
1271903974866771969
1271904087265759236
1271904123093258240
1271904207877009409
1271904228433252353
1271904312592150532
1271904471967313920
1271904677345538050
1271905069005303808
1271905658284109824
1271905809904160769
1271905960924114944
1271906273244540929
1271906522927452162
1271906603734667264
1271906759326806019
1271906984179183626
1271907170871676929
1271907207588675584
1271907332407115778
1271907401462091777
1271908080872284160
1271908280139419652
1271908361982734336
1271908952255627269
1271909041166528513
1271909099534499843
1271909258087600128
1271909413461393410
1271909644835753984
1271909661898272769
1271909792227999747
1271909870040743938
1271910340486483969
1271910379979866112
1271910442756009984
1271910552684630020
1271910901252325376
1271911234892214273
1271911236410544129
1271911237727608832
1271911655597801472
1271912374312882176
1271912853541249024
1271913565625159680
1271913760823934981
1271913895217618944
1271913927128080384
1271913932224180224
1271914694828318721
1271915150182944768
1271915457273004034
1271916269453766657
1271916769108611072
1271917053948157960
1271918007032389634
1271918316509188129
1271918400663457792
1271918664023826432
1271918864134217729
1271919156426915851
1271919377248550912
1271919736687923202
1271919889440288770
1271920041068503040
1271920115324465152
1271920287915876355
1271920636680699906
1271920648462491648
1271920754918072321
1271920881334390784
1271921570953465861
1271923201900240898
1271923496352792576
1271924196822650882
1271925055132483584
1271925653395263488
1271925955360063490
1271926077280055297
1271926080350257152
1271926083122683904
1271926087656673281
1271926195907514369
1271926323297091584
1271926459167318018
1271926586992779264
1271926596891365376
1271927042418913290
1271927150086631424
1271927223906263040
1271927808353202176
1271928700691337216
1271929118855237634
1271929154573873152
1271929309738029057
1271929723329949696
1271929842272022530
1271930686975488000
1271930779426267138
1271930825479782400
1271930859755638786
1271931057135325191
1271931627673878529
1271931791570542592
1271932517579456513
1271933962684899328
1271934108160143361
1271934358333657088
1271934571161030656
1271934719467442176
1271934838811930625
1271935270867423235
1271935797558681601
1271935842295050241
1271936443707985920
1271936481456603136
1271937282300350464
1271937796190527490
1271938110813802496
1271938384227950594
1271938522761400320
1271939099310485504
1271939190205214721
1271939192814174210
1271939252138332160
1271939541612576774
1271939992059891713
1271939998821036032
1271940448391761921
1271940792630702080
1271940927146221568
1271940929813790720
1271940931491487745
1271941489287970817
1271941555302080520
1271942228382855169
1271942278572126209
1271942547263442945
1271943559097303042
1271943734360498176
1271943771962454016
1271944169817284613
1271944814448144384
1271945397540392960
1271946084693225477
1271946738283286529
1271946966847684615
1271948209146007554
1271948307695308801
1271948744334782464
1271948776857645056
1271949285014331392
1271949581375483904
1271950008959598594
1271950013971628032
1271950079071531009
1271950603825164288
1271950861854539779
1271951085314465793
1271951186069983233
1271951461618978816
1271951547040235520
1271952152580194304
1271952310181257216
1271952353298530304
1271952379529719808
1271952503744139265
1271952893562818561
1271953262946553856
1271954058048425986
1271954233047146496
1271954891032809472
1271954955352502273
1271955229475573761
1271955446409113600
1271955901994242048
1271956395190034432
1271959013975101441
1271959427814481921
1271959523415281667
1271959595867688961
1271959939695759360
1271960364742176769
1271962394563088391
1271963271147524096
1271963413388935170
1271963441729875969
1271963515272613888
1271963557391892486
1271963599628632065
1271964659701223426
1271965139160444928
1271966277574238209
1271966370280996864
1271966371132276736
1271966552045297669
1271966583779258368
1271966727161733126
1271966960503283712
1271967101255852032
1271967709144760320
1271968101559603201
1271968162628734981
1271968240441442311
1271968581199290368
1271968682953134080
1271969236601188355
1271969493120581632
1271969999616385025
1271970123021037571
1271970638102581255
1271970872589299712
1271971119440859136
1271971506843799554
1271973445488820230
1271973922766909440
1271974126622818304
1271976150097682432
1271976208981536771
1271976377000980481
1271976622875385862
1271976899208593412
1271977173826625539
1271977710269747201
1271978424551133184
1271979134957338624
1271980179057897472
1271980188037869568
1271980612749070345
1271980945760026625
1271981193529946113
1271981219035656202
1271981290070388738
1271982070575910917
1271982159994040321
1271982502672924672
1271983053418770432
1271983710246711297
1271983811191017472
1271984158559006720
1271984395759607808
1271985755418755073
1271985845281718273
1271985849329020929
1271985920674353159
1271986078543683584
1271986601329979394
1271986602307317760
1271986886106644480
1271987544897589248
1271988106342825984
1271988309133111297
1271988348660277249
1271988623186018304
1271988692786216961
1271989152507219968
1271989322632364034
1271989397014155264
1271989435492687872
1271989460100616192
1271990302014877696
1271990488489435137
1271990506675830794
1271990771755945985
1271991402386395143
1271991507596324864
1271993101209362433
1271993292255834113
1271995269345918977
1271995663614504960
1271996054775328769
1271996879639924741
1271996997310877696
1271997308725493762
1271997996046090241
1271998442978643968
1271999029589823488
1271999250046439425
1272000680803266560
1272000837053800449
1272001205422690309
1272001274997866496
1272001449447370753
1272001661444206592
1272002720287936513
1272002744124129280
1272002759970045952
1272004437880516608
1272004581288017921
1272004912327667712
1272004935660560385
1272005161502851073
1272005972043730944
1272006107054006272
1272006705916915717
1272006955893022721
1272007037392760833
1272007666156679173
1272007679431659520
1272007806304968704
1272008432082497539
1272008509870215169
1272008658348421120
1272008922153529347
1272009248268935168
1272009456415629314
1272009744488845314
1272009905537499136
1272011809285865472
1272012133652406273
1272012220709376001
1272012935724859392
1272013027576086529
1272013453117423616
1272014207131795456
1272014302401232897
1272015075143045120
1272015292307247104
1272015981100126208
1272016343613800449
1272017020092067841
1272017600797646856
1272017681093361664
1272017788668981248
1272019328674734081
1272020410284953600
1272020473816088577
1272020925840572416
1272021279290376192
1272021505384292352
