1277820984045842432
1277821438951596032
1277821520136622085
1277822197525024768
1277823521347915777
1277823926618542081
1277824091198808064
1277824251794526209
1277824434825334785
1277824503406637056
1277824521806938112
1277824923625566209
1277825334466019330
1277825485641318402
1277826781425405952
1277826872005591041
1277827096669274112
1277827663823097856
1277827890688786432
1277828692320886786
1277828854938243072
1277828873431011330
1277829317872025600
1277829739596537857
1277830009219055617
1277830049690005505
1277830093952495616
1277830122201120768
1277830386903547904
1277830705817542657
1277830730488467457
1277830757415821312
1277831457671692289
1277831969628454915
1277832148570030080
1277832205314686976
1277832461544763392
1277832514053308418
1277832633704083458
1277832917033648128
1277832976995430400
1277833377295396864
1277833689788026885
1277833710566588416
1277833780586258432
1277833881622728704
1277834519609896960
1277834600811765765
1277834714229940224
1277834759285043200
1277834785919053828
1277834942261706752
1277834943939387393
1277834956300005376
1277835075661565952
1277835200815411201
1277835765867622400
1277835766656380930
1277836145783644164
1277836742033379328
1277837372189794304
1277837537181138945
1277837634916831233
1277837637353648129
1277837817159266304
1277837907198238725
1277837973531181056
1277838538319392768
1277839031611592705
1277839120639733760
1277839502959087618
1277839849798721537
1277839950491168769
1277840744414396416
1277841259923681280
1277841318413242368
1277842154090639361
1277842619645730817
1277842711656235010
1277842777842335744
1277843622293958656
1277843746177060865
1277844367869444097
1277844451038072832
1277844457207918592
1277844496852672513
1277844513730560001
1277844958083379201
1277845323134709760
1277845366185037825
1277845735917182978
1277846519895388161
1277846698673541120
1277846881515732993
1277847783236489216
1277847863125401601
1277847999729844225
1277848570771542016
1277848678103998464
1277848737960865792
1277849105469861888
1277849108812685312
1277849276815679488
1277849481422073856
1277850404815015939
1277850474583076865
1277850746021502976
1277850970496606209
1277851588015595520
1277851614880161792
1277851779116515328
1277852136966062082
1277852166821220352
1277852224727760896
1277852628161101824
1277853181851172864
1277853617949679617
1277853745896927235
1277854391815385088
1277854699534901249
1277854786143076352
1277855053609664512
1277855199785373697
1277855643978936320
1277855659237785601
1277855800812339200
1277856603442753543
1277856855277043713
1277857123683237888
1277857362557243392
1277857895678443520
1277858424232034304
1277858764637515776
1277858830475341824
1277859226694701056
1277859625799430145
1277859816904556545
1277859856834334720
1277860087772721158
1277860205536174080
1277860478127988736
1277860632415686656
1277860785079947265
1277860876381573121
1277861490465390593
1277861634703347717
1277861670887608321
1277861819382628355
1277862069681876992
1277862384368005121
1277862444552028161
1277862595144437762
1277862804339462145
1277863212176850944
1277863233953705984
1277863333073477632
1277863363272413184
1277863440179253251
1277863464351010821
1277863614687240192
1277863828252811265
1277864063771516928
1277865064436043776
1277865266362408960
1277865554477379586
1277865959374630913
1277866301822730242
1277866334878076928
1277866479367618560
1277866583398940672
1277866605419134976
1277867621757726720
1277868073819738112
1277868357581041665
1277868403945062402
1277868549768450048
1277868603900133376
1277868825627602944
1277869112186691584
1277869235960795137
1277869793345970178
1277869893891883009
1277870092831817728
1277870278387863553
1277870493077508097
1277871756435472385
1277871773799849985
1277871856993828872
1277872236309905409
1277872363149942791
1277872363154137088
1277872428904067072
1277872605974888449
1277872871117905920
1277872922191974402
1277872923085279233
1277873308273463297
1277873542604840960
1277873572980027392
1277874004003639296
1277874214268276736
1277874268391395329
1277874270941573120
1277874365368066048
1277874468619268102
1277874575842344962
1277874742825873409
1277874781417803776
1277874887215001601
1277874995394260992
1277875028101672960
1277875253495070721
1277875258868084736
1277875286353350656
1277875566008508416
1277876158072123395
1277876328369356800
1277876404038914048
1277876533974183938
1277876605487104003
1277876666866548736
1277876668053553154
1277876767164960769
1277876936212086785
1277876966339862528
1277877178697383936
1277877351028850689
1277877423003127808
1277877522089172992
1277877544138584064
1277877969936175104
1277878036411625473
1277878155492175873
1277878228502417411
1277878443020095488
1277878676923625472
1277878677989031936
1277878680736296962
1277878847195811841
1277878890342625280
1277879178856001536
1277879418007011329
1277879917125013505
1277880317659865088
1277880689736572928
1277880811791015936
1277880835606282241
1277880855294287872
1277880982998323200
1277881794218659842
1277881955342782464
1277882013987602435
1277882041330208768
1277882238101831680
1277882347262746624
1277882566843006984
1277883282621902848
1277884044701773824
1277884896833425408
1277884975333830657
1277885079356870656
1277885140090466304
1277885609495928832
1277885976334020609
1277886172178644992
1277886276344168448
1277886448029634562
1277887037077667840
1277887271253966851
1277887497469558787
1277887672544038912
1277887821773242369
1277887965314809857
1277888462708969472
1277888636013481986
1277889083881279489
1277889318103724032
1277889750095945728
1277889803174977539
1277889856992169984
1277890115558346752
1277890157895733249
1277890376917856258
1277890739972780033
1277891283630071810
1277891979750395904
1277892048130056193
1277892067256152064
1277892130019647489
1277892234155905024
1277892322546651136
1277893018163478532
1277893033833480193
1277893457730732032
1277893633841065984
1277893652442951680
1277893695740796928
1277893774153138176
1277893775864389634
1277893777525338112
1277894279910658048
1277894280963448832
1277895034260516864
1277895035749404673
1277895057425612801
1277895307997491200
1277895550050893824
1277895944936271872
1277896042843967488
1277896194023395329
1277896268572917762
1277896273690005510
1277896905847119872
1277898324910243840
1277898879632125952
1277898939098779649
1277899560954802176
1277899664486957056
1277900529847369733
1277900960828981249
1277901065149693952
1277901197861482496
1277901211451174913
1277901255743082499
1277901794904018944
1277902091915161600
1277902109313138688
1277902112303661056
1277902228121161728
1277902337055440897
1277902912891621376
1277903096887119873
1277903105842130944
1277903165820678144
1277903219134550016
1277903951594225665
1277903976323641345
1277904498233675776
1277904690093555712
1277904874970251264
1277904932725641218
1277905004309987328
1277906335078768641
1277906612481437698
1277906788776632321
1277907123595350017
1277907588126932992
1277907742150311936
1277908466464686081
1277908503844155393
1277908504318062592
1277909123741503488
1277909256331603970
1277910082060201984
1277910304840695808
1277910495693955075
1277911106753900544
1277911217999413248
1277911432470958080
1277911613492822018
1277911665196089344
1277911722225885184
1277911759400075264
1277912007627411456
1277912288775876608
1277912351258349568
1277913338408771584
1277913423137968130
1277913776256438273
1277913948025696259
1277914018276139009
1277914842154717184
1277914912426127360
1277915008232538113
1277916791394701312
1277917369906561025
1277917562274185216
1277917755463909377
1277917827513581573
1277918374291558400
1277918940363026433
1277918979139534849
1277919012593246208
1277919044205776896
1277919303245926400
1277919313064796160
1277919672718016513
1277919697229328384
1277920157952868352
1277920182967717888
1277920250961580033
1277920333194858496
1277920334272819201
1277920335359180801
1277920480876531712
1277921166041255937
1277921386766520323
1277921569801715712
1277921950602530817
1277922210812850176
1277922625755414529
1277922626632126467
1277922627496161281
1277922751408373760
1277923046783954946
1277923211473289216
1277923724763643904
1277923794267619330
1277924051613356033
1277924102120996864
1277924629781282817
1277924814922137600
1277924875718574081
1277925005913964544
1277925120766607361
1277925325125623813
1277925387507556356
1277925764172824577
1277925883521699840
1277926139395215360
1277926181090799617
1277926493805514762
1277926799457083393
1277927036020043776
1277927092412284930
1277927549801246720
1277927866378878976
1277928129139531783
1277928137100230656
1277928359411044352
1277928573265838081
1277928910722936833
1277929007196053505
1277929028629016576
1277929114582671360
1277929461342707712
1277929591047241728
1277929833675153409
1277930042593546246
1277930202606305281
1277931232068804609
1277931326415536130
1277931436574683136
1277931706046177281
1277931857615687681
1277931881938509825
1277931904382070785
1277932069478453248
1277932171320340485
1277932381408813056
1277933142603677696
1277933157011140608
1277933208391335938
1277933268105662464
1277933404651245570
1277934160661876737
1277934293784727553
1277934685042212864
1277935137427202050
1277935233627807744
1277935288875208707
1277935573810982913
1277935692530753539
1277935697740156928
1277935703175897088
1277936624870010884
1277936718117851136
1277936943477723137
1277936994514059265
1277937046657564672
1277937756417798144
1277937764659576832
1277937959405342720
1277938145724698625
1277938563787755521
1277938820386873345
1277939040080330752
1277939204245217283
1277939211492978688
1277939346428104705
1277939554306215936
1277939780052017153
1277940042766389250
1277940244852158464
1277940392806285313
1277940565447827456
1277940832977293314
1277940969464303617
1277940995292790785
1277941159248252928
1277941192559415296
1277941475402289152
1277941822598402050
1277942037837279232
1277942238513975297
1277942245707206657
1277942592315981824
1277942697387610113
1277943097943560195
1277943339053129731
1277943663486570496
1277943709808553984
1277943785230663680
1277944090437603331
1277944108758134786
1277944303864733697
1277944321711509512
1277944418574704641
1277944438191505408
1277944603791024131
1277944722909257729
1277944829339676675
1277944963469324296
1277945079760670721
1277945259687907328
1277945522305880064
1277945594397499399
1277945664257875968
1277945924711600130
1277945939798474754
1277946344485851136
1277946443798634507
1277946666717532160
1277946816034725893
1277946859613536257
1277946973530841090
1277947052249489408
1277947169690062851
1277947433042030595
1277947565644840961
1277947825242996736
1277948020768870403
1277948336708956161
1277948381718106113
1277948609305206785
1277948617437872129
1277948663579410433
1277948763789639682
1277948989107822593
1277949148243861504
1277949270742704128
1277949416217985024
1277949514616385536
1277949542168539144
1277949800428822529
1277950071125008385
1277950130885443586
1277950484922408960
1277950884333355011
1277950889123360768
1277950893560934401
1277951196318371840
1277951230946562050
1277951484462878723
1277951701119635457
1277951822347583491
1277952199511900163
1277952232563060736
1277952954130202627
1277953021624926208
1277953024003096579
1277953155146399745
1277953295164809216
1277954044389134338
1277954248207224833
1277954253273825283
1277954568492466178
1277954928808525825
1277955403960197120
1277955930261532672
1277956066882568192
1277956314187001857
1277956485914427393
1277956994637410304
1277957067286777859
1277957130654347269
1277957580610916353
1277957960011001856
1277958092353933314
1277958221081214976
1277958905314906113
1277959068964007936
1277959417233842177
1277959627276197889
1277959827906494466
1277959870898044929
1277959871523106816
1277960137886449666
1277960579626479616
1277960591198482433
1277960602724364291
1277960864079867913
1277960902910914560
1277961115981537280
1277961367224451072
1277961374270799873
1277961940439126018
1277962329955524610
1277962411857731585
1277962453318418434
1277962584939851781
1277962986171203587
1277963115112484866
1277963338513674241
1277963434470944768
1277963694610116613
1277963808334417922
1277963825862475778
1277964239152361473
1277964526177026049
1277964550105489412
1277964692158181378
1277964705089216512
1277965141913395201
1277965271102152709
1277965601579794433
1277965624736534528
1277966364045524996
1277966622985093121
1277966753293688835
1277966866854502400
1277967109293699072
1277967318568460289
1277967365301362689
1277967477419372544
1277967554200268800
1277967682789183499
1277967691328831489
1277967911139696646
1277968167273263107
1277968522040078336
1277968645004521484
1277968664784809986
1277968682128310282
1277969252100657153
1277969272925417472
1277969398834192386
1277969423110832128
1277969679324082176
1277969846962028544
1277969870798241792
1277970170577707013
1277970220359938055
1277970290014732296
1277970364497227785
1277970476787052545
1277970627098361857
1277970699047497730
1277970846691160067
1277970971601727490
1277971044049973250
1277971166771048449
1277971190846373889
1277971266532601858
1277971789033771010
1277972046404673537
1277973228347027456
1277973648595283970
1277973658170867713
1277974234564681729
1277974247529279492
1277974534574927872
1277974804566437895
1277974961726976003
1277975723534282753
1277975745864728579
1277975861304496128
1277975934914588673
1277976473933017088
1277976629818437634
1277976654254452736
1277977071193448449
1277977176143355907
1277977327289262081
1277977491714355203
1277977728990318597
1277977842538524672
1277977876529176581
1277978161435688964
1277978448045027330
1277978567477878790
1277978754103439360
1277978763901276163
1277978807014572034
1277978893664677892
1277978945070100480
1277978948475871232
1277978992302120960
1277979076733464582
1277979952873385984
1277992823959191554
1277992867013767168
1277992930062602240
1277993293750644736
1277993391591239680
1277993616439480320
1277994748805029888
1277994940124012546
1277995920202838016
1277996312764379144
1277996330854551552
1277996858892312583
1277997020041621504
1277997044263800837
1277997123502346241
1277997328465616896
1277997531281207298
1277998120530579456
1277998348872626176
1277998428933554177
1277998441667481606
1277998490640154627
1277998604272238593
1277998850481913856
1277998854818783233
1277999033492045826
1277999224429228035
1277999480965652480
1277999522296270851
1277999573361975296
1277999686889152514
1277999723127832577
1277999724398735361
1277999905185968129
1278000039290212354
1278000131288125440
1278000138875781120
1278000504589692938
1278000767799091201
1278001833592664065
1278001900873568257
1278002290230771713
1278002684050669569
1278003040545538053
1278003163019313152
1278003543732092930
1278003679950405633
1278003730743427072
1278003968879124480
1278004345829720065
1278004353345912832
1278004454592319489
1278004504726626305
1278005005543510016
1278005352617869313
1278006158045753345
1278006283896074243
1278006484757024769
1278006543372496898
1278006602260516866
1278007480820412417
1278007534310371329
1278008168145092616
1278008205122007040
1278009002379497473
1278009150014992385
1278009727188942849
1278010057720860673
1278010062301167623
1278010189879357445
1278010964416266240
1278011219522326530
1278011298949758976
1278011502340046849
1278011568710713348
1278012302336430080
1278012454707093505
1278012886087077888
1278012907255664640
1278012938779897858
1278012999140364288
1278013116991909891
1278013205088841728
1278013208993976320
1278013577954287617
1278013641426644994
1278013843155955714
1278014169133047809
1278014274124812288
1278014365330026496
1278014731987685376
1278014814825177095
1278014832575426570
1278015212935921665
1278015460081049600
1278015663249018880
1278016299176800256
1278016332118679554
1278016681412001794
1278018150290898944
1278018318083989504
1278018360433917960
1278018853407272961
1278018921417912321
1278020145420607489
1278020191138590722
1278020233299668993
1278020348395638789
1278020384420270080
1278020385196388354
1278020494546124801
1278020527534342150
1278020677526749187
1278021140812836866
1278021858575728641
1278021954017124354
1278022297304141824
1278022398068101124
1278022436022300673
1278022594365722627
1278022872628449280
1278022993415979008
1278023481175740421
1278023672897339393
1278023714974687232
1278023803449282561
1278024445618278400
1278024490430193666
1278024763215015936
1278025281811419137
1278025371670233088
1278025384907255809
1278026521949564928
1278026801885917184
1278027938009681921
1278027963972362241
1278028236476252162
1278028479959830529
1278028518287446016
1278028542589071360
1278028555536920577
1278028556719648768
1278028652643405824
1278028659371184129
1278028754972020738
1278029043280076803
1278029114021015552
1278029294724235264
1278029486970204161
1278029544927055872
1278029545040273409
1278029940714283008
1278029999136821248
1278030011472252933
1278030099095453696
1278030119232319488
1278030523324076033
1278030727486070784
1278030863641575424
1278030913532833792
1278031526303653888
1278031845691711488
1278032406415642627
1278032442335490048
1278032543259000832
1278032604210630658
1278032843046653952
1278032967194066945
1278033153802883074
1278034150788743168
1278034230606528513
1278034235144704000
1278034297119805442
1278034345505312770
1278034365159632897
1278034368758415361
1278034536576712715
1278034596110766082
1278034812264120321
1278034921903226880
1278035020418965506
1278035080624181248
1278035299344494597
1278035719706021889
1278036054868557824
1278036348721680386
1278036571401281539
1278036655350468610
1278036983366012928
1278037235129090050
1278037601463578624
1278037670300712961
1278037673358372866
1278037902312816641
1278038030624808960
1278038113642778626
1278038256047841280
1278038294618570752
1278038604023918592
1278038684147875843
1278039044891566080
1278039191230783490
1278039477588500480
1278039624179503109
1278039706996027392
1278039876886310914
1278040161545306114
1278040371814117376
1278040408795353098
1278040479838253056
1278040869656920064
1278040932319809536
1278040970425184257
1278041217541050373
1278041247391846402
1278041867079344128
1278041898494701568
1278041943000350723
1278041947807068161
1278042042900402181
1278042074588360705
1278042196558721026
1278042335272669186
1278042391463604224
1278042576654868480
1278042592169676801
1278042657256878082
1278042794855194624
1278042886890827781
1278042970177110018
1278043114259841028
1278043282954760193
1278043311115296770
1278043403389939716
1278043408494399491
1278043423854002187
1278043482888822791
1278043641391378434
1278043742398799879
1278043853350731778
1278043935265501185
1278043958074097674
1278044036599877632
1278044092010766344
1278044505850220546
1278044753557442560
1278044819953197057
1278044853939564544
1278045017148477441
1278045294995935234
1278045446729076742
1278045476210774018
1278045635443413004
1278045683929485315
1278045770286092288
1278045953988190211
1278045980924039168
1278045983105077249
1278045984036139008
1278046034757693442
1278046434718294017
1278046532478971905
1278046552628617218
1278046553559764994
1278046556718018563
1278046566696312833
1278046691317309440
1278047170470567937
1278047432165732353
1278047693772906496
1278047946915921920
1278047970093608961
1278048013336940547
1278048299417821193
1278048469471682560
1278048508168122368
1278048562266374147
1278048974486810625
1278049361004462081
1278049387994906624
1278049623161126919
1278049670162460680
1278049686524506112
1278049855307419654
1278050160141099015
1278050562832044032
1278050684060020737
1278051154690220034
1278051297753812992
1278051359829475328
1278051637383364609
1278051922117906436
1278052040556654593
1278052256995213316
1278052437140660224
1278052632242860036
1278052736597188614
1278053100931121154
1278053242774204416
1278053416237846528
1278054500490719232
1278054837121355783
1278055223827869699
1278055616699871234
1278055725684666377
1278055848888205315
1278056750692925440
1278057140536717314
1278057172333555712
1278057199126941697
1278057319478300674
1278057357214461957
1278057769560670208
1278057848962985990
1278058223162011651
1278058239989555205
1278058315927498752
1278058368259760132
1278058845110140928
1278059368735371264
1278059409533476864
1278059439795429379
1278059614249070593
1278059697178845185
1278059828599033856
1278059848836448260
1278060029338357761
1278060267658792971
1278060666344157190
1278060965683064832
1278061161187962880
1278061327542390784
1278061930519900161
1278061986446745603
1278062101978918914
1278063036742479877
1278063166577160194
1278063536787382272
1278063882939109379
1278063982285393920
1278064169573478400
1278064190142455808
1278064475871031298
1278064576286855171
1278064974494076928
1278065097366212622
1278065105473867777
1278065213137457153
1278065481900011520
1278065779280404481
1278065818547507203
1278065826298462209
1278066094448746501
1278066483868860416
1278066523693858818
1278066997457231872
1278067104709779459
1278067110313439236
1278067168110718976
1278067368535699456
1278068049958993921
1278068197703499776
1278069019644497920
1278069222673993728
1278069472276996096
1278069583534940160
1278069934086672385
1278070183777538048
1278070964077703169
1278071488705372171
1278071498998050817
1278072144442863621
1278072352606224384
1278072512744693760
1278072538409598976
1278072825782427649
1278072893969240065
1278073208223133697
1278073259880300546
1278073358253535233
1278073673996546048
1278073816338571275
1278073896802058240
1278074060451143682
1278074212058492928
1278074213954318336
1278074214554062848
1278075264040349696
1278075264262713345
1278075527274934273
1278075615795712000
1278075843772850177
1278076328827387911
1278076358334263296
1278076366752223232
1278076400197685251
1278076509123604480
1278076794323730435
1278077691955159046
1278077968338825221
1278078156314992640
1278078954495041537
1278079691694518273
1278079815128698880
1278080108243357697
1278080451777900547
1278080688005115905
1278081411082326016
1278081768239833094
1278081946208395270
1278082080677736448
1278082172931448835
1278082318347968513
1278082338551934982
1278082392373161984
1278082771269726210
1278082952803553280
1278083057057177601
1278083284229128192
1278083320249815040
1278083845062098945
1278084030248808450
1278085068813107203
1278085539619409922
1278086138096427008
1278086164331855878
1278086840793419777
1278086859726487554
1278087175754506240
1278087204473094145
1278088040020185090
1278088082659704832
1278088210753585152
1278088290772701189
1278088304760586240
1278088383634554880
1278088685481672704
1278088804214157312
1278089063673638912
1278089192413622272
1278089193504169984
1278089334151839744
1278089584086339586
1278089673928323072
1278089798788530176
1278089862948761609
1278089880762023936
1278090037792575490
1278090069073682432
1278090154637393921
1278090527783694336
1278090673456058370
1278090790019923969
1278090862896046080
1278091059231428608
1278091102755659778
1278091481799176192
1278091705342976002
1278091849173958656
1278092607680327681
1278093046794633216
1278093418011537410
1278093507505221633
1278093814897479681
1278094226144845824
1278094311511523328
1278094508497010689
1278094947980361730
1278094984944762882
1278095604787351561
1278095613616242689
1278095623703670784
1278095854901981186
1278096296864354306
1278096410194309120
1278096913930301448
1278097087960240128
1278097196991291394
1278097300070567938
1278097748407926784
1278097918247878657
1278097955766112262
1278098049122910208
1278098095428063232
1278098257902698498
1278098317105299457
1278099287520534528
1278099331401371654
1278099335390134272
1278099636369027072
1278099912517922816
1278100577352900608
1278100637809405952
1278100730012938245
1278100969960755200
1278100986284949509
1278101019659026439
1278101550284627971
1278101897350713346
1278101977654800384
1278102190205423616
1278102365908938752
1278102502857224192
1278102535346311174
1278103008673443842
1278103318515068929
1278103404208742401
1278103626544750592
1278103808846041091
1278103985354944512
1278104004220923905
1278104058054787073
1278104141689057280
1278104279748874240
1278104591322808321
1278104815248310276
1278104828997230592
1278104853378711553
1278104952007725056
1278105388299190278
1278105508147322883
1278105508965163010
1278106297624215552
1278106339009536003
1278106360698351616
1278106707126779904
1278106818800205826
1278106875150700551
1278107059964178433
1278107296632115206
1278107558402654208
1278107776640856069
1278107915115782155
1278108601249419264
1278108823048224768
1278109205916987394
1278109261348794368
1278109301882617858
1278109844541710336
1278109854222053377
1278109889525661696
1278109924061560837
1278109956953255936
1278110110208974853
1278110146573541378
1278110205834821632
1278110297396477954
1278110452514459651
1278110554197024771
1278110667833315329
1278110960398544896
1278111922399870976
1278112271298936833
1278112281390448641
1278112336008675330
1278112801853108224
1278113905584345093
1278114020994793472
1278114314302320640
1278114858576121856
1278115184632950784
1278115524182978561
1278115525386739713
1278115997610684416
1278116071686340611
1278116270995578882
1278116521785491456
1278116695840894981
1278116730330546177
1278116817668583426
1278116848597438464
1278116870047051777
1278116906386456578
1278116982345420802
1278117002486452226
1278117020798779392
1278117173463040001
1278117179859390465
1278117221743693824
1278117290173771776
1278117442804482049
1278117717384597504
1278117784166293506
1278117949501509635
1278118106750205952
1278118175079632897
1278118579863531520
1278118668967325697
1278119004607922176
1278119008856768512
1278119102612193280
1278119283290247168
1278119881989402625
1278119914306502664
1278119933596119041
1278120095219437568
1278120214325088259
1278120458181902337
1278120796754456578
1278120834310254593
1278121437241446403
1278121586361581572
1278121753928179712
1278121866817871872
1278122176613216258
1278122532713820161
1278122676670914563
1278123099116974080
1278123121149689856
1278123506857844736
1278123903207030784
1278124745972756487
1278126181301186561
1278126786526752768
1278128085850902529
1278128193329721344
1278128453007495168
1278128588928286723
1278129016889884672
1278129266119475200
1278129407241211905
1278129816202473472
1278129973157679106
1278130909623930880
1278130958135427073
1278131103472259077
1278131192831901696
1278131486726766593
1278131623062618114
1278131719665668096
1278131982581579777
1278132051854622721
1278132760952086528
1278133153991819265
1278133225081143297
1278133613473738753
1278134109240324096
1278134146385272832
1278134425348378624
1278134666126639105
1278134747277950977
1278134788508004355
1278135565288964096
1278136391378046978
1278136533006995458
1278136728616828928
1278136841741500417
1278136937086361601
1278137372845182978
1278137803583320064
1278137955413102592
1278138189606256646
1278138610911514624
1278138846887260161
1278138936787980288
1278139235590189057
1278139405836996614
1278140068306153479
1278140110756892673
1278140340948668416
1278140796517171200
1278140969192509440
1278141022657265664
1278141050561888256
1278141062473793536
1278141694144217088
1278142149008273409
1278142663498268673
1278143928320098305
1278144018384330756
1278144330813841408
1278144789578493953
1278145456825143298
1278145559098986497
1278145613754961921
1278145780277223425
1278146058963554304
1278146181516996614
1278146387067244550
1278146389546078210
1278146793403015168
1278146900546531330
1278147435806838784
1278147795644489729
1278147950993117185
1278147955132968960
1278148088704704512
1278148327545028608
1278148329503813632
1278148755016089600
1278148786343346176
1278149303438106624
1278149365580759040
1278149745761026051
1278150186288775169
1278150236242919426
1278150292857651200
1278150365700030466
1278150387258871811
1278150553747537920
1278150948876021761
1278151066077605888
1278151327558905856
1278151580202733568
1278152476710010881
1278152727986606082
1278152821435584512
1278153094354939905
1278153331031126019
1278153351109251073
1278153677002457088
1278154636571168771
1278154777097129985
1278155060296536064
1278155242014679041
1278155458931539976
1278155678444650497
1278155740574879746
1278156699891884032
1278157614438846466
1278157664678182912
1278157707061735426
1278157825445957632
1278157837873659909
1278158066941415429
1278158137342791682
1278158865033572352
1278158929646825472
1278159010462609408
1278159037671104512
1278159520884236293
1278159892700966914
1278159910803513345
1278160074528169984
1278160100000247818
1278160166475661312
1278160272390225920
1278160719263875072
1278160892866289666
1278160895068319745
1278161232797806594
1278161505729392643
1278162112884465664
1278162172158201856
1278162197470834688
1278162217721044993
1278162220967329792
1278162317524512770
1278162642763464706
1278162689194369024
1278162966786068480
1278162974725885953
1278163039171338240
1278163340276256770
1278163399453671424
1278163499643015169
1278163551845117952
1278163613581217797
1278164050543697921
1278164052263399424
1278164058466746373
1278164215434543104
1278164786124075009
1278165123727798272
1278165146813313024
1278165803783860224
1278165886990417921
1278166218634035200
1278166792301666305
1278166931405750273
1278167073659613184
1278167090155814913
1278167450819985408
1278167653052530689
1278167654084284417
1278167881147207680
1278168586012340224
1278168618132439040
1278169272448102405
1278169874968326144
1278170112135254017
1278171048622657537
1278171678409920512
1278171883653955584
1278172341579788288
1278172705053913088
1278172802416287745
1278172805822119936
1278173127156137990
1278173323034333190
1278173511610241024
1278173925692801030
1278174119000002560
1278174550732296199
1278175150245138432
1278175380705169408
1278175419058008064
1278175643847610368
1278175660410761217
1278175980033581057
1278176343377788934
1278176554166648833
1278176711994216449
1278177689837408256
1278177939742494721
1278178197365014531
1278178292470865923
1278178399320563713
1278178400587268097
1278178453473427457
1278178732600111104
1278178786744438785
1278179027182854144
1278179122812989447
1278179127414177793
1278179338521804806
1278179608106500096
1278179886704836608
1278179944271695879
1278179958364483588
1278180534439612417
1278180549425758208
1278180827072004096
1278181302857072640
1278181311186780160
1278182185590296576
1278182548598919168
1278182645734813696
1278182707298738177
