1275646386978111491
1275646592448675848
1275646593581154305
1275646597775400970
1275647074701320197
1275647181605797889
1275647389899149315
1275647592781828097
1275647951537389569
1275648549271764992
1275648633002766336
1275648984443469826
1275649002130812928
1275649137523019776
1275650179648098304
1275650288855191555
1275650744658669573
1275651361124896777
1275652880364646403
1275653626007105539
1275653820488593411
1275654149284270080
1275654176035557376
1275654452117209094
1275654628584103936
1275654669432471552
1275654673123467264
1275654767214309376
1275654893303484419
1275654949989474304
1275654981308370944
1275655038967386112
1275655324385587201
1275655588144451584
1275656273636265985
1275656555489263623
1275657518660947969
1275657542648188929
1275657727600099340
1275658069196840960
1275658227615780868
1275658528179523584
1275659015717031936
1275659250065342466
1275659331271299074
1275659585970483202
1275659841349005317
1275659970814623745
1275660043422183424
1275660450143899655
1275660602455793664
1275660667484352512
1275660699092606976
1275660747511660550
1275661003053817856
1275661066920484872
1275661439391457284
1275661566902513664
1275661695415996416
1275662178511736832
1275663164655439872
1275663200869068800
1275664016975769600
1275664111129505794
1275664439937765376
1275664637674078215
1275665192475602946
1275665469643665408
1275666056045121539
1275666131156635648
1275666290259214337
1275667151102377990
1275667349308350464
1275667661876342784
1275668152257560577
1275669014296039427
1275669275672555523
1275670574728196096
1275670878588674048
1275671498158673921
1275671501241487362
1275671602034868224
1275671895204155393
1275671982080692225
1275672090943913985
1275672492678537219
1275672667975233538
1275672676904902657
1275673448002486272
1275674523082338306
1275674538358046723
1275675015447445504
1275675058158084097
1275675432348762119
1275675490272116742
1275675769516306435
1275676462318866437
1275676543973568515
1275676544061538305
1275676545890295809
1275676547765207043
1275676695962497025
1275676750442356743
1275677196611395584
1275677210125402113
1275677340803239937
1275677443907563521
1275677665815560192
1275678342457503744
1275678756712189953
1275678806565695494
1275679181750308866
1275679218018463744
1275679330413228033
1275679607740604416
1275679737545981952
1275679968232693760
1275680197317144580
1275680400476602369
1275680937041375232
1275680946478624768
1275681337391923202
1275681505805729793
1275681620390031362
1275681670675521536
1275682221274337280
1275682425998315521
1275682602515562497
1275682829238763521
1275683054187667462
1275683556258430976
1275684077002264580
1275684145054846976
1275684677299339265
1275684737282080774
1275685500473479169
1275686129489100807
1275686725659111424
1275686836002795521
1275687388866580480
1275687424685998080
1275687489907425281
1275687572606537730
1275687712167780353
1275687841469796352
1275689087610097664
1275689520906809344
1275689571217551360
1275689819725758464
1275690036118380546
1275690112848977922
1275690262921187330
1275690358257713152
1275691650036228097
1275691748426223617
1275692149326176261
1275692592064323585
1275692618010300417
1275693302860439552
1275693918714302466
1275693920593285126
1275694475847794689
1275694733990510593
1275695221796413441
1275695598654685184
1275695805333213186
1275696240177659906
1275696360747040769
1275696645519421440
1275696878252941312
1275697930092060675
1275697941966176262
1275698542552723456
1275698680054591492
1275698771117162497
1275698988537307139
1275699066425487361
1275699202308419592
1275699310429114371
1275699429673250816
1275699983879155715
1275700137264910338
1275700284900225031
1275700488676216833
1275700593349230595
1275700602098589705
1275700661104128001
1275701040898285569
1275701078395359234
1275701494428381186
1275702183355432960
1275702293371944961
1275702322962804736
1275702404718133249
1275703806945374213
1275704028031320065
1275704369900597250
1275704490130313217
1275705209814241288
1275705718293880833
1275705803928895488
1275705968584769536
1275706281362444289
1275706287767072771
1275706524325883906
1275706881844162562
1275707003739013122
1275707416039100421
1275707452672167942
1275707683102998528
1275707839760207872
1275707906340634631
1275708295316201473
1275708819457347584
1275708885287022594
1275708905633579008
1275709007546769412
1275709020846907400
1275709172429062148
1275709477455626240
1275709522666020865
1275709798466674695
1275709912790769665
1275710174293090306
1275710546243915776
1275710731711897603
1275711028794478592
1275712509324992514
1275712621816274945
1275713239695966208
1275713382197460995
1275713579052826628
1275713717418766337
1275715823043305474
1275715883588104194
1275716277777190915
1275716311998488577
1275716494790463489
1275716560271945728
1275716784738504705
1275716811191959559
1275717365817380865
1275717499359768577
1275717834874765312
1275717902709198848
1275717911064334339
1275717938646069249
1275718485457412099
1275718560439042062
1275718674939359245
1275719000094314505
1275719008663285760
1275719552190615559
1275719743924731911
1275719811339821056
1275720554910232576
1275720913720414209
1275720960486899715
1275721426797027330
1275721593327620099
1275721602483830791
1275721718108237825
1275722104927932421
1275722143859380224
1275722198871875586
1275722428619075585
1275723092212486151
1275723297636917250
1275723439052148738
1275723525794541568
1275723651527118856
1275724542380556293
1275724666464808960
1275725175066103812
1275725249179459589
1275725321547984897
1275725821618130944
1275725893487472650
1275725994868051971
1275726107619311619
1275726110731444230
1275727559129542658
1275727757419446278
1275727960293683200
1275728284706316290
1275728553917775872
1275729032533999618
1275729057259421697
1275730251130249218
1275730458853224452
1275730547675934727
1275730774810075137
1275730868124950531
1275730894519762945
1275730933644222465
1275731006687936513
1275731260745318400
1275731609581432832
1275732057721888768
1275732133076754432
1275732327960846337
1275732397502468098
1275732553736032256
1275732781486804994
1275732949854453763
1275732967302799362
1275732997300461569
1275733043479752710
1275733792058150913
1275734057209548801
1275734218174345218
1275734336860573696
1275734370289102852
1275734700951289857
1275734776708763648
1275735040354324480
1275735059090341891
1275735176866402304
1275735187486375938
1275735321754374145
1275735486875795457
1275735547848413184
1275735571965624323
1275736806961680384
1275736813638950912
1275737066937163777
1275737420055695360
1275737492126420992
1275737733932158976
1275737734188015616
1275737868137369603
1275737909669265412
1275738187873292288
1275738398976806912
1275738964175941632
1275739026511802368
1275739079938883590
1275739498572402690
1275739758799486978
1275740125960560640
1275740338951344128
1275740420996247553
1275740515607207942
1275740726828109826
1275741029883359233
1275741257134936064
1275741279117348867
1275741382091702273
1275742680564334594
1275742979991441409
1275743721968074752
1275744475638378498
1275745466265763840
1275745514059821057
1275745559219929093
1275745598893850625
1275745698332520449
1275745717370454016
1275745799721365504
1275746001068781569
1275746059109781504
1275746241750712322
1275746348193779712
1275746404749762561
1275747302624370689
1275747793899073537
1275747844826292225
1275747865365708805
1275748271307317248
1275749072524148736
1275749218741882881
1275749245883203584
1275749491950465025
1275749782905131008
1275750366957764609
1275750411148894208
1275750456736833537
1275750463787405313
1275750645744709632
1275750684286205953
1275751584178352128
1275751660644495360
1275751967806062592
1275752600739164161
1275752720633397249
1275752741298679815
1275753049722626051
1275753057691873281
1275753153334521861
1275753290085646336
1275753290140209152
1275753477940097025
1275753577118674944
1275753930153054209
1275753931184848896
1275753995513016323
1275755340743823360
1275755496822185985
1275755914239369217
1275756107428958213
1275756214975172609
1275756476276105217
1275756790521696256
1275757254071943174
1275757395579305985
1275757663373197312
1275757681664499714
1275757694490742786
1275757775360937984
1275757957586866176
1275758052319408128
1275758385091227648
1275758935681699843
1275759413899464712
1275759500633337856
1275759671438200834
1275759870483062785
1275759939466735616
1275760007699673090
1275760304740274178
1275760527726256128
1275760624463679489
1275760861173424128
1275761431057707014
1275761547512549378
1275761559697084418
1275761717453172741
1275761785874907136
1275762316970201088
1275762555986882561
1275762695543959552
1275762918223740928
1275762920186617856
1275763013300236288
1275763466893172736
1275763532236238848
1275763535130300416
1275763537009393666
1275763542399111169
1275763543355334657
1275763544273948672
1275763545167331335
1275763874197880834
1275763989155381249
1275764058122305537
1275764999441592320
1275765016252252161
1275765266580996102
1275765646509268992
1275765886444396545
1275765956556591105
1275766161884545024
1275766447092961280
1275766640051814400
1275766642874576896
1275766643688222721
1275766651489673216
1275767066566569987
1275767212540940288
1275767582868467714
1275767616389427205
1275767984481611778
1275768143525355533
1275768377315864578
1275768403773587457
1275768403832291328
1275768514834509825
1275768732070133760
1275769101617713154
1275769163839967232
1275769164989267968
1275769169150193665
1275769308245786626
1275770023278022657
1275770380322402305
1275770615757225986
1275771051688054785
1275771102791446528
1275771192843124737
1275771380458553347
1275771714031489025
1275772112859430913
1275772410013388803
1275773759409065984
1275774154680102917
1275775773597675520
1275775806833377281
1275775948034658305
1275775966003040257
1275776465490059264
1275776490148421634
1275776495840112640
1275776496741822465
1275776698148179969
1275776722613538816
1275776774992023552
1275776893871165440
1275777236981948417
1275777396667568134
1275777411838337024
1275777575944626176
1275778522087383040
1275778573450780673
1275779011147227136
1275779139115667461
1275779327536312320
1275779570529116160
1275780047438258177
1275780571843776517
1275781374755115009
1275781471748251648
1275781485593686022
1275781486809985025
1275781614199595008
1275782167650500609
1275782387293716481
1275782398572212226
1275782723492339714
1275782961330339840
1275783177374699520
1275783589838434310
1275783605608828931
1275783999202275329
1275784026545164293
1275784232078622722
1275784318124797952
1275784463599964160
1275784636606459904
1275784968648691714
1275785013213179910
1275785285339623430
1275785529687072769
1275785903634558978
1275786662858153987
1275786751299198976
1275786959538008065
1275786985207148544
1275786988583636992
1275787365773180928
1275787459528470535
1275787500431310848
1275787518223495180
1275787610632445953
1275787686310182912
1275787746708250624
1275787883945832448
1275788125386575872
1275788127584616448
1275788437707161602
1275788583262183432
1275788689663307777
1275788740837945345
1275788786232934400
1275788884983644161
1275789006379388930
1275789257509089283
1275789652612521987
1275789903146684416
1275790031345586178
1275790914292781056
1275791175518019584
1275791218170048513
1275791423208591362
1275791557971464192
1275791839640072198
1275792098793525249
1275792214531149826
1275792369883983872
1275792443628310528
1275792586645614592
1275793357911056385
1275794404016611331
1275794518416207872
1275794821140164610
1275794823593639937
1275794984592171008
1275795222111358976
1275795364604493830
1275795402059583489
1275795882626166784
1275795905447448576
1275795944873787392
1275796063690149889
1275796148725350400
1275796150113599488
1275796161803288577
1275796187665305601
1275796204375298055
1275796544621555712
1275796732127989762
1275797529947279360
1275797784457814016
1275797843073064960
1275797848353722369
1275798486693351424
1275799186479501314
1275799217592827904
1275799265487589378
1275799281925062658
1275799370634493952
1275799529619632130
1275799631268417544
1275799681973575681
1275799792438951937
1275799873405759489
1275800012124028937
1275800131556835334
1275800328257110019
1275800427523530752
1275800445747896320
1275800469600944130
1275800473639907329
1275800487657377792
1275800494355763202
1275800529185144832
1275800599444021248
1275800643492593665
1275800683543846913
1275801027053260800
1275801054656028673
1275801115221770241
1275801438413864967
1275801696007000066
1275801840895098882
1275801928803418113
1275802025838739459
1275802202058002432
1275802383302430722
1275802474939588608
1275802835075182594
1275803042349268999
1275803136456884224
1275803632869441536
1275803989234327554
1275804166829506562
1275804182239424512
1275804258185687040
1275804718640422913
1275804726672723978
1275805142336430080
1275805150322413568
1275805252780949509
1275805431617765380
1275805438496342016
1275805580553261059
1275805695154237444
1275805750548467712
1275805776519577601
1275806102844780546
1275806786583494656
1275806878572969984
1275807352600629250
1275807371156238336
1275807589847228418
1275807595974946818
1275807604070113281
1275808125673668610
1275808142178357256
1275808464271486976
1275808557879959552
1275808631502655493
1275808704626077704
1275808719520108544
1275809322501468165
1275809384489086978
1275809406895128578
1275809415489175553
1275809832180875264
1275809959373045761
1275810044831924224
1275810296670547974
1275810493626585090
1275810621670461440
1275810775517614082
1275810798112321538
1275811081630425088
1275811172927717378
1275811195065217024
1275811403618635776
1275811413878018049
1275811428960780289
1275811543448522752
1275811554676654081
1275811844503097350
1275812143452037122
1275812849244307456
1275813108884344838
1275813318905737217
1275813481854447619
1275813539148677126
1275813585772580866
1275813849095159809
1275814510083915776
1275814680590761984
1275814713469710337
1275814836065058816
1275814941833007109
1275815043632967684
1275815095289942021
1275815260226818048
1275815310214303744
1275815502263267329
1275815577777516544
1275815746099195906
1275815913665814528
1275816094192807938
1275816680824995840
1275816920479039488
1275816960966737922
1275817102662938625
1275817226323537920
1275817229905321984
1275817233483210752
1275817537129889792
1275817906408849408
1275817964542013440
1275818051787788288
1275818185707708418
1275818527392509957
1275818622452187136
1275818825796198400
1275818930171457537
1275819953606754304
1275820008539590660
1275820015133110273
1275820091163258880
1275820091540754432
1275820179948257282
1275820224244338690
1275820476716154883
1275820626951974915
1275820657109020672
1275821008495284225
1275821374326468610
1275821849339998208
1275821870126739456
1275821937105661952
1275821962359701504
1275822267092439040
1275822335220764673
1275822649227304962
1275822787391823873
1275822908737273856
1275822910163255304
1275822922863697922
1275823086177222656
1275823290918068227
1275823395624701954
1275823854062092288
1275823858071863298
1275824056043012096
1275824133977313280
1275824154089009154
1275824765882818560
1275824875559694339
1275824961882673153
1275825212164980736
1275825634594480128
1275825740769112065
1275826018272632832
1275826202071183360
1275826277585281030
1275826278751285249
1275826287093919745
1275826326998519809
1275826395554381826
1275826542929641472
1275827221597491200
1275827976781824001
1275828110840049664
1275828189303132162
1275828221410455552
1275828444002168832
1275828672411262977
1275828673539522561
1275828804133556227
1275829030089080836
1275829445694304256
1275829454040903681
1275829820753141760
1275829865015644166
1275830056326234116
1275830094678933505
1275830166829387781
1275830368474562566
1275830568698155015
1275830716669067265
1275830886655721472
1275831257314844673
1275831536387055616
1275831722236616706
1275831733473214464
1275832370822815744
1275832481468551170
1275833243930169348
1275833918906826752
1275834558546665472
1275847017303101440
1275847060378484738
1275847171129122817
1275847423055855616
1275847470845775872
1275847933385154560
1275847986627710978
1275848175547531264
1275848408612429827
1275848456830148610
1275848505588883457
1275849128984154114
1275849536846602244
1275849815776268289
1275850232694267906
1275850403104636928
1275850410599878656
1275850616347164673
1275850626581348353
1275851221652385793
1275851468902408199
1275851486745055232
1275851488607318020
1275851596325433354
1275851719038173185
1275851799673688064
1275851808905269249
1275852258278813698
1275852832122552320
1275852964721242114
1275853110251081728
1275853554763337728
1275853574749241346
1275854089428045825
1275854362615693312
1275854379254460416
1275854463773835264
1275854467020324870
1275854518794825728
1275854551539687426
1275854898249314305
1275855571456065536
1275855691362828294
1275855771272646658
1275855797038264320
1275855818580254720
1275855882497204225
1275856170679492608
1275857443373924353
1275857651134615552
1275858004299186176
1275858835702513664
1275858993198411782
1275859027944247297
1275859049108602880
1275859076396855302
1275859546980995073
1275859748924071942
1275859885297713152
1275860006882041856
1275860827321634817
1275860967683956736
1275861321339277314
1275861336623284224
1275861508463882240
1275861517980884996
1275861568572530689
1275861622008033290
1275861703872458752
1275861961927012353
1275862092701143041
1275862270090805248
1275862499863277571
1275862523695247363
1275862555030966273
1275863330054459392
1275863536263204869
1275863585802067977
1275863799724158976
1275864164444110851
1275864219238490113
1275864329628397569
1275864741177626626
1275864955603075073
1275865065988726784
1275865158359953408
1275865536086376456
1275866014379638784
1275866118167638022
1275866324242173955
1275866327979360256
1275866575745228804
1275867113782153217
1275867310062923782
1275867377683619841
1275867590993358852
1275867601202184192
1275867692017352704
1275868205937025027
1275869354287083531
1275869445500657664
1275870069797642247
1275870574145933320
1275870780077858818
1275870880531349510
1275871094243803142
1275871198459514880
1275871200225329153
1275871304051314690
1275871475539509251
1275871496989102080
1275871727332065280
1275872038222278659
1275872380829777920
1275872544231325696
1275872670106738688
1275872745209958401
1275872969294852096
1275873592467689472
1275874028864122882
1275874180630810624
1275874412537892864
1275874516074446848
1275874731200307200
1275874771130073090
1275874964298760192
1275875283539640322
1275875385801089028
1275875610661842944
1275875720053641220
1275875824227332097
1275875918574206976
1275876453150842880
1275876453448667136
1275876831430836225
1275877163586248704
1275877226307870721
1275877519481241600
1275877935472349187
1275878001247424516
1275878184089681920
1275878242520530944
1275878289014472704
1275878500671471616
1275878510310109184
1275878726119686145
1275878820000796672
1275879116210941954
1275879151602487297
1275879494495191040
1275880010327511041
1275880018086965254
1275880064413024258
1275881031116058624
1275881185986609158
1275881394481266689
1275881596877504513
1275881932149141509
1275882041704419330
1275882300627189760
1275882620396736517
1275882622808461312
1275882653485608963
1275882774289960960
1275882879004876800
1275882914211934208
1275882971430563842
1275883014740901889
1275883166541193217
1275883412608258048
1275883530694717440
1275883597107511300
1275883787772141570
1275884033541627904
1275884267441197056
1275884343097991168
1275884377474465797
1275884395262443520
1275884697478889472
1275885045438312448
1275885384543735812
1275885646050029568
1275885803722465280
1275885922165415936
1275886177837625344
1275886202462355460
1275886580738265088
1275886664443977728
1275886993440825344
1275887144163131392
1275887545105223682
1275887811204247552
1275887934294671361
1275887950518157312
1275888007174860809
1275888593316298755
1275888719581626371
1275888815358439425
1275888818923732993
1275889155231399942
1275889193617629184
1275889618005737474
1275889660905078784
1275889707809943553
1275889812764057601
1275889888949395458
1275889918867378179
1275890275857113088
1275890800199688205
1275890803056009219
1275891273384280068
1275891683251625993
1275891741481205761
1275891759462125569
1275892199058812937
1275892415354867717
1275892423139319808
1275892830297358342
1275893069183885314
1275893140940042240
1275893154605142017
1275893440077869056
1275893799324131336
1275893851882840064
1275894351747584000
1275894413298991105
1275894505368096768
1275894891504185350
1275895179510263808
1275895261655678979
1275895471614111746
1275896311930392576
1275897106088239107
1275897453909348352
1275897601754365956
1275897736232124417
1275898003514175497
1275899351211139072
1275899427069333511
1275899631503921157
1275900076561489922
1275900134333845504
1275900579663851521
1275900740477820929
1275901141285363712
1275901175800438784
1275901335234371589
1275901395984461825
1275901561592352769
1275901698981101577
1275901803431895040
1275901862689021955
1275901959950741507
1275902060244938752
1275902858379042818
1275903139338731521
1275903302392328194
1275903511050555394
1275903771021922305
1275903795822604289
1275903797613617152
1275904266549571584
1275904355720482821
1275904471978123264
1275904594707505152
1275904645613981696
1275904722688507904
1275904894906630145
1275904978763292677
1275904997503447046
1275905253423054848
1275905356217098240
1275905367969615877
1275905463750733824
1275905785734860800
1275905947651710979
1275905957596463104
1275906195321167872
1275906266888617984
1275906296621838337
1275906348593688576
1275907131548610564
1275907236758421504
1275907260779302912
1275907475355643904
1275907635049570304
1275907658697052162
1275908090886361088
1275908339696898049
1275909198690148352
1275909366307307520
1275909842436345856
1275910005645094912
1275910101019361282
1275910108732690437
1275910299133063170
1275910544692850689
1275911086705831937
1275911153982615552
1275911191135739914
1275911223666708482
1275911417921765376
1275911434887737350
1275911437907566593
1275911508011233282
1275911536096292872
1275911920718143489
1275911998358917125
1275912108757135366
1275912348365135872
1275912349220626432
1275912752335327235
1275912996863332354
1275913535445504001
1275913580295213057
1275913923909353475
1275914026996899843
1275914618502864902
1275915415156412420
1275915751719911424
1275915842765668352
1275915866861744129
1275916090707599360
1275916192750977027
1275916335369924623
1275916537816203264
1275916576399622144
1275916810529931266
1275916848899469312
1275917354724196354
1275917398604840961
1275917734895902725
1275917794438049792
1275918003046146050
1275918102899851268
1275918253865545728
1275918839621058560
1275918899897221121
1275918901138690049
1275919349145128960
1275920364107894786
1275920398375362564
1275920954921750528
1275921189530144770
1275921273391022080
1275921655647342599
1275921870966095872
1275922486119395328
1275922561885515776
1275922783319527425
1275923342986534912
1275923395042062337
1275923425610129408
1275923551451824134
1275923876535513092
1275923951441653760
1275924176956805121
1275924186339385344
1275924253012103169
1275924344166920198
1275924498018177026
1275924624484765701
1275924853871140864
1275924939653156865
1275925247397474304
1275925535806423041
1275925872890064896
1275926038862802945
1275926688673783813
1275927128866017280
1275927175766646786
1275927259573075972
1275927889763094534
1275928003332108288
1275928051889643520
1275928234006384643
1275928421059657730
1275928586633924609
1275928658461458432
1275928689776177154
1275929041078497280
1275929175791153152
1275929260469911558
1275929386009665537
1275929498433785856
1275929576926052352
1275929985690337281
1275930046151131142
1275930314150297600
1275930345905573897
1275930367241916423
1275930458912522240
1275931075991277570
1275931299602202629
1275931622609694726
1275931770349895680
1275932034251317248
1275932046075052035
1275932376904937472
1275933005421445122
1275933609984053249
1275933610248269824
1275933611330437126
1275933698240786439
1275934579291942912
1275935154104655873
1275935216683679746
1275935661233709057
1275935691252342786
1275935754183729152
1275935897687646209
1275936074351640576
1275936284964421638
1275936513650569218
1275936738968567808
1275937039930834944
1275937182667157504
1275937428897923076
1275937472745295873
1275937489182752768
1275937560850726912
1275937955081830401
1275938059054350341
1275938195826499585
1275938386877059072
1275939496652087306
1275939820787900424
1275941383464005638
1275941554612559873
1275941758036312073
1275941994762842112
1275942107497275392
1275942367493750785
1275942398900740097
1275942507168370688
1275942586008518656
1275942672583229449
1275943090285666305
1275943335341903872
1275943551663312898
1275943704696623105
1275944125565751297
1275944367384035328
1275944377240576000
1275945098530959367
1275945686513541120
1275945688115773444
1275946573369880577
1275947007241224193
1275947395671523330
1275948898524127234
1275949026588925953
1275949043890487297
1275949142808952832
1275949571483537411
1275950457710616579
1275950656600358914
1275950857658363904
1275950949912260609
1275951047710818306
1275951081588240390
1275951198399578113
1275951572128686080
1275951600218116096
1275951755612704768
1275951768950710272
1275951768950710280
1275951999528374275
1275952110731792384
1275952132512976899
1275952445991071744
1275953122364383232
1275953272726134784
1275953321803755521
1275953390866948096
1275953639341916162
1275953844992839680
1275955262017413121
1275956412041113603
1275956799875809281
1275957157779910656
1275957672974651394
1275958397490221057
1275958430256238593
1275958546572640258
1275958964237336576
1275959104327110658
1275959304554713089
1275959454366724097
1275959763252187136
1275959891140718595
1275960034233479168
1275960088486916098
1275960486572498946
1275961079412092928
1275961482048679938
1275962131003985921
1275962311396605958
1275963084235030528
1275963168951545857
1275963176232742912
1275963179063894016
1275963179701465088
1275963198101913602
1275963306184970240
1275963854258765824
1275964559241687041
1275964712312877058
1275965037086150656
1275965194804568065
1275965423645650944
1275965486757564417
1275965759924178944
1275965780035657728
1275965826416414720
1275966131694710788
1275966324330491904
1275966429653762049
1275966932626427904
1275967439898062849
1275967541668728833
1275967606164504576
1275967832832917505
1275968507000340483
1275968565779279872
1275968625904623617
1275968759396786176
1275969076792381441
1275969567802744833
1275969900876566534
1275969904299081728
1275970034792140802
1275971064300896257
1275971227698565120
1275971258207830016
1275971305209241605
1275971745577607168
1275972013836902400
1275972178480115717
1275972530940121088
1275972936785166336
1275973171162812416
1275973239899119616
1275973779190091777
1275974994766565376
1275975384274796544
1275975538738376704
1275976374038208512
1275976681073922048
1275977093973753861
1275977158138236928
1275977306809552896
1275977329060335620
1275977569087754246
1275978119938260992
1275978153471537152
1275978157279989771
1275978569819308034
1275979201145982977
1275979262303121409
1275979718395904001
1275980300443516929
1275980519889608705
1275980682779484161
1275980852367962112
1275980951907172352
1275981139392499712
1275981220912955394
1275981229834240000
1275981550421565451
1275981597859250177
1275981617895530498
1275981833486897154
1275981861022502912
1275981864440864768
1275981951061630976
1275982014097874945
1275982478918877187
1275982588814012422
1275983061163954176
1275983152503230466
1275983736627236864
1275983795066454016
1275984868606914560
1275986212378087425
1275986991130251264
1275987129244549120
1275987469104828417
1275987944940228609
1275988140008919041
1275988511318032384
1275988971227508737
1275988984330665984
1275989085677654017
1275989471545212929
1275990075025825792
1275990612068581385
1275990934820438016
1275991491597434880
1275991636275798016
1275991729687035904
1275992212703232000
1275994214828998658
1275994426746249216
1275994648851480578
1275994745412767744
1275995345407873025
1275995361044291584
1275995395466973186
1275995587154976769
1275996055063142400
1275996170825936899
1275996653384695812
1275996705683537924
1275997480048525312
1275997763214413824
1275997806818398208
1275997825655021569
1275998218887794690
1275998452477054976
1275998691950764034
1275999076149067776
1275999102774513666
1275999881354756097
1275999963043041280
1276000301569499137
1276000407924375552
1276001005684043776
1276001665657774080
1276001739309752320
1276002224536158208
1276002243913945089
1276002371185893381
1276002430442971138
1276002504719978498
1276002629416435714
1276002941829177349
1276003266388770821
1276003800562700289
1276003950655930369
1276004577767112705
1276005260301987840
1276005691342413825
1276005710971592706
1276005712619925505
1276006026664435712
1276006075272134658
1276006340733931523
1276006486590853122
1276006493788221453
1276006543826149376
1276006821560451076
1276008102521827328
1276008103700381697
1276008104795074560
1276008203243982849
1276008436485029889
