1270573898950729728
1270574557066379266
1270575612965588992
1270577144868020225
1270577961633116161
1270578493852733445
1270578732336644096
1270578953275576321
1270578954353520641
1270578958828855296
1270579498686320640
1270580025683849217
1270580938477645824
1270581091305263104
1270581518247788544
1270581531665457152
1270581537852006400
1270581723470934016
1270581825770000386
1270582044901421056
1270582222349713410
1270582402658832384
1270582589913395201
1270582832595734528
1270583390270558208
1270583475016478720
1270583585288921090
1270583598341591040
1270583891263393794
1270584048700686336
1270584740509134850
1270585100179320832
1270585623334678528
1270585624513228801
1270585972351262720
1270585979057864704
1270586099790778369
1270586106984239104
1270586463252406272
1270586847186481152
1270586938781839362
1270586992464736257
1270588434730545152
1270589148878065664
1270589939630014465
1270590380497686528
1270590649612603392
1270592186409615360
1270593296457330689
1270593545737392128
1270593671029649408
1270593672153722880
1270593673554612225
1270593675064557568
1270593676478042113
1270594120327860224
1270594960027508739
1270595100196900865
1270595307571724288
1270596009333264385
1270596047199330305
1270596188283170816
1270596245871104000
1270597379411128320
1270598070821060608
1270598896365056000
1270599476714110976
1270599596964708353
1270602421404917760
1270603139620757504
1270603248521695232
1270603390033244160
1270603493359923200
1270605037027430400
1270605336681029632
1270606022525227009
1270607298143162368
1270607332888764421
1270607369442033664
1270608138895409152
1270608140778696705
1270608141881708544
1270608149939023873
1270608646938824705
1270608648251731969
1270608942369046528
1270609053404839939
1270609470318616576
1270609633925836803
1270610132226002950
1270610295992573952
1270610602541461506
1270610627359174656
1270610727468822528
1270610978397356032
1270611097465151490
1270611256295161856
1270611264117460992
1270611699746340864
1270611815773462528
1270612185912311808
1270612696249987072
1270613154771369984
1270613453724680194
1270613682020646912
1270613774622289921
1270614459107639298
1270615819794300928
1270615821891428352
1270616387048755201
1270616899974361088
1270617209170063360
1270617740924067840
1270618909326991360
1270618981242732545
1270619092194660352
1270619201447886849
1270620397134909440
1270622115222499328
1270622474476982273
1270622907539099648
1270623749587402753
1270623752078782465
1270623754754895873
1270624647013335042
1270625133657391104
1270625682004029440
1270625946073169920
1270626127602728961
1270626128718434305
1270626129800462337
1270626139166461952
1270626945047412738
1270627129533894656
1270627325143658496
1270627957980225537
1270628513209409537
1270629095638921216
1270629280679157760
1270629302258761728
1270629544983252992
1270630145293004800
1270631571129872384
1270631949066022912
1270632824715063296
1270633057599422470
1270633151308718081
1270633181054676993
1270633538774134784
1270633814587392000
1270633945378492421
1270634134428418049
1270634813737795587
1270635201106817026
1270635216806256640
1270636142975766528
1270636467929448448
1270636480109654022
1270636826605187072
1270637117983473666
1270637151835893760
1270637718230294529
1270638174843424768
1270638469480509441
1270639244814487552
1270639553976639491
1270639553963937792
1270640078453460992
1270640235139883012
1270640461439537158
1270640614200262657
1270640824913522688
1270642496591130624
1270642669405028356
1270642870261698561
1270643483334893568
1270644384275595266
1270644414906535938
1270644509446037504
1270644511010549761
1270644887151693825
1270645344041402371
1270645478598873088
1270646503615238145
1270646793299206144
1270646981233455104
1270647029233000449
1270647355038224384
1270648126089682946
1270648162886262785
1270648164123541504
1270648271870943232
1270649963920322562
1270650526217187329
1270650564297109504
1270650951091851264
1270652077547483136
1270652179146321921
1270652863551766528
1270653065041870849
1270653236374994944
1270653594904268800
1270653694812422145
1270653695835824129
1270653814887063552
1270653942356049920
1270653985603629056
1270654725499891717
1270655020938268672
1270656814950936578
1270657166039531520
1270657495762194434
1270658033476141056
1270658233057849345
1270658481326972929
1270658483164233729
1270659606138818560
1270660613090369538
1270660614277304320
1270660753851330560
1270660799682564096
1270660801511272450
1270661027819147266
1270661364437127169
1270661403976830978
1270662585994620931
1270662851447963648
1270663012894961664
1270663270609944580
1270663459542306817
1270663508053487617
1270664385975869440
1270664395945840647
1270664436232175616
1270664444394254336
1270666039097995264
1270666197818802176
1270668161302454273
1270668273034711040
1270668797486092289
1270668972292268033
1270669056354500611
1270669175376056321
1270669707759300610
1270669864735211521
1270669959920857089
1270670630371770371
1270670813637812224
1270670953639481344
1270671130530103303
1270671444280672256
1270671575281434624
1270671921840041985
1270672310660407296
1270672698847358976
1270672814819999744
1270673091908325376
1270673540212293637
1270674036788547586
1270674322995232768
1270674640134901760
1270674862701305857
1270675167593758720
1270675898161864704
1270676637915459585
1270676876516786177
1270677807165837312
1270678607556378624
1270678607686295553
1270678770261753856
1270679162680901632
1270680208123674624
1270680246753226756
1270681408835653633
1270682351127928837
1270683154148397056
1270683262319353856
1270683431257636864
1270683433057083393
1270683805993459714
1270684018883702784
1270684025720418304
1270684059669336064
1270684315752566785
1270684651233906689
1270684655545716736
1270685032370274305
1270685630733996032
1270685841115971585
1270685920686010374
1270686156896649217
1270686269870399488
1270686580030746624
1270687159293337600
1270687216944242690
1270687519437459456
1270687558100533248
1270687566350647303
1270687662962335745
1270688089338494976
1270688133399687170
1270688251213471744
1270688454213537792
1270688970611945472
1270688978317053954
1270689342558781441
1270689973222719489
1270690124288995329
1270690771923079168
1270691251822620672
1270691762244390917
1270691762286321664
1270692547703107586
1270693269102419969
1270693287083606017
1270693771244683264
1270693813283991555
1270694053013647360
1270694348435255296
1270694357365133313
1270695101472202753
1270695347917074432
1270695555526787073
1270695601605312512
1270695660963201025
1270695970309697543
1270696008448487424
1270696232969740290
1270696388033036288
1270696705802096643
1270696855001804800
1270697355130568704
1270697406687064064
1270698241139470336
1270698438859067394
1270698518987116544
1270698708376657921
1270698948588638208
1270699037579231235
1270699748618469376
1270699749751115778
1270699762275229697
1270699981372973056
1270700133064364033
1270700647596404736
1270700698703822849
1270701263571714048
1270701343011995649
1270701593176899585
1270702082954350592
1270702179335065607
1270702377058947072
1270702462110818304
1270704285358141440
1270704285987176449
1270704482267979776
1270704704222310401
1270704917880221696
1270705148487180290
1270705254917640200
1270705730274775040
1270706097935040512
1270706332488826886
1270706540278878209
1270706722571771904
1270706775759572993
1270707666273177601
1270707973992652800
1270708022676008960
1270708083870728195
1270708126182850564
1270708914095624192
1270709293407514624
1270709945588121600
1270710030929743872
1270710278108246019
1270710649199329284
1270710805248512000
1270710885141614592
1270711246434729984
1270711486118166528
1270711640439177217
1270711649872121860
1270711847990079489
1270711872702910473
1270712102555189248
1270712289696444418
1270712528507551744
1270712649974571008
1270712665585750021
1270713062320832513
1270713901127290880
1270713914666278919
1270713932299169796
1270714084711940096
1270714352669081601
1270714354111877121
1270714355693182977
1270714456905900040
1270715042388865026
1270715059975737344
1270715227043061760
1270715228813029378
1270715347650244612
1270715525681709059
1270715585756753925
1270715647404634115
1270715869564334089
1270715987520679942
1270716129783078917
1270717015255158785
1270717651304632320
1270717831835815939
1270717841277251596
1270717843328266240
1270717886588350466
1270718383567147010
1270719714285633541
1270719885266411522
1270720594690990086
1270720726509613062
1270721213396946954
1270721229037563909
1270721499343679493
1270722156301705220
1270723729719353353
1270723765320609792
1270723985475424256
1270724154736562177
1270724284541841416
1270724286030864387
1270724515002060805
1270724521134153728
1270724618685276160
1270725026988392448
1270725564274339842
1270725585807917061
1270725934035894272
1270726115120693249
1270726284813848576
1270726285711597568
1270726480264388608
1270726687374798848
1270726998562705408
1270727073913540608
1270727217459245067
1270727293401550848
1270727435223306241
1270727496401588225
1270727625938538497
1270727683211694082
1270728635981299713
1270728709176082432
1270728871034290179
1270728955910389761
1270729299801210880
1270729455900569600
1270729570405228548
1270730125890465792
1270730293415206913
1270730327070212096
1270730971290251266
1270731274404184072
1270731287821725696
1270731310110314496
1270731319971110920
1270731495280443397
1270731594328952833
1270731634099322882
1270731673035059201
1270731704370712576
1270731766723215375
1270732323898699776
1270732643588616193
1270732913651449864
1270733005158363136
1270733134850666496
1270733296230490112
1270733296230490112
1270733357920509953
1270733382763319296
1270733440107732992
1270733357920509953
1270733440107732992
1270733596983164934
1270733987728642048
1270734330315374594
1270734464063283204
1270735035876794368
1270735232396713984
1270735442799931394
1270735866047021056
1270735947571720192
1270736313944346624
1270736654844563456
1270736762667782150
1270737373911871488
1270737458678898689
1270737558033567745
1270737594276511745
1270737657769885708
1270738192715694080
1270738231068209153
1270738709118365697
1270739175130697733
1270739379921850370
1270739426835136512
1270739515708063745
1270739762270408705
1270740964450144256
1270740971693768711
1270741022344011777
1270741419955589121
1270741572271792128
1270741641515749379
1270741690844880897
1270741830435573761
1270742236905553927
1270742345781133319
1270742508973314049
1270743069495713793
1270743100047138818
1270743609491349505
1270744414801981443
1270744415963713537
1270744499635937280
1270744531231793152
1270744718054264833
1270744813386846209
1270745016088977408
1270745259383779330
1270745273040424960
1270745303566520320
1270745571473666050
1270745704630300675
1270745727648575489
1270746108235599882
1270746281506336768
1270746544669691904
1270746685774286853
1270746883460390912
1270747228248948738
1270747942547148801
1270747962088419329
1270748068091031558
1270748069902991361
1270748134789074944
1270748220902322177
1270748436019675143
1270748858390155266
1270749082190045184
1270749170920538112
1270749588589129729
1270749747826118658
1270749946732441600
1270749956505317376
1270750180296527880
1270750204304769034
1270750661685112833
1270750733948813314
1270750863372386309
1270751039478693889
1270751164934610944
1270751167564386322
1270751846999654400
1270752063945953280
1270752093322776577
1270752400169672705
1270752662825254912
1270752947681492992
1270753213617254401
1270753228687360000
1270753434015133696
1270753452969259010
1270753582829232136
1270753890116333569
1270754380560637960
1270754394074685440
1270754669535641607
1270755146247610369
1270755373952237571
1270756037268815874
1270756336951795713
1270756359550746624
1270756634336337926
1270756710899159040
1270756761788694528
1270756833121230850
1270758119535030275
1270758182516928514
1270758328348655616
1270758682293305356
1270758884710350848
1270759063891001345
1270759263980285954
1270760236744347648
1270760307892400129
1270760746335567873
1270760779747377153
1270761240957267970
1270761935399784448
1270762282218225664
1270762713422143488
1270763137818595331
1270763204210118657
1270764259367141384
1270764480713105409
1270765070788620288
1270765957292724225
1270766452874731521
1270766692965236738
1270766790860320768
1270767007248478209
1270767218729639937
1270767482807160832
1270768233608392704
1270768360209346561
1270768770160754690
1270768844257312776
1270769093646249984
1270769466771718144
1270769969345724416
1270769976807321600
1270769980418617344
1270770049909960704
1270770261995008000
1270770282396073984
1270770570691407876
1270771234943492096
1270771558307561475
1270772189793406976
1270772728396742656
1270772734771904512
1270772828573511688
1270773578791890945
1270773610492293121
1270773832815726593
1270773930270302209
1270773997672837127
1270773999098834946
1270774117793517568
1270774247732854784
1270774492147712000
1270775124996718592
1270776326480371712
1270776488149880833
1270776634241462272
1270776860981551104
1270777082683981824
1270777193312870400
1270777463040176128
1270777876816650242
1270778886016688128
1270778894820360192
1270778910339477506
1270779176098902017
1270779387915448322
1270779510267490304
1270779899020804100
1270779911725178881
1270780265481277448
1270780787713904640
1270780961450573826
1270781049388204032
1270781234369769476
1270781305379336192
1270781437990572037
1270781614730051584
1270781676873007110
1270781870339284994
1270782008021696516
1270782413518639106
1270782774023204867
1270783072372494336
1270783474685882369
1270784123662188547
1270784604702519297
1270784633949454337
1270784673921318919
1270784765722079232
1270784813281271809
1270785004906229761
1270785084191379461
1270785169176367104
1270785336327770114
1270785337539866624
1270785943352406016
1270786269405155328
1270786687514415104
1270786862907621376
1270787512609447937
1270787728188243968
1270787794898690048
1270788203478265856
1270788339604566016
1270788430214172673
1270788858569883650
1270789290197426192
1270790218791215105
1270790250026106882
1270790808405508097
1270791423462453248
1270791917278826497
1270792485552488450
1270792628825661441
1270792823730630656
1270793088118730753
1270793093793669121
1270793542051348480
1270793641708130306
1270794094395027456
1270794131065823232
1270794148912734209
1270794496687525888
1270794653185392640
1270795894204633088
1270796174069358592
1270796287844245505
1270796435856990214
1270796509198430209
1270796532854505474
1270796567809863685
1270796875441020928
1270796933376864256
1270797088192892934
1270797153288417280
1270797180157255681
1270797696434044928
1270798306130657280
1270798329761464322
1270798383385645057
1270798733664497664
1270798885804314624
1270799039676723205
1270799518485880832
1270799782315831296
1270800038697078795
1270800237536428033
1270800594790502402
1270800818447495168
1270801061545160705
1270801123998420992
1270801431818383361
1270801669723508736
1270801942827225088
1270801990835228674
1270802692890415104
1270802709956919296
1270803249101262848
1270803689960140800
1270803759174688769
1270803903550980097
1270804135223459842
1270804235748179969
1270804270288420866
1270804954932850691
1270804956166017025
1270805153763913732
1270805426649489413
1270805819697827846
1270805981207773184
1270806062418010116
1270806277862510592
1270806753949519877
1270806766645903360
1270806966256820224
1270807455220609025
1270807624007798784
1270807854660882433
1270807961644851200
1270809078902722566
1270810015834804236
1270810369079029760
1270810514218721281
1270812487537946624
1270812535990685697
1270813250175860738
1270813280383033344
1270813583115464705
1270814197560066048
1270814303323598852
1270814829499035650
1270815451531051014
1270815522557394944
1270815559563849738
1270815850941935616
1270815873423470593
1270816616276799492
1270816676314054666
1270816849794682880
1270816877871345674
1270816947496763402
1270817069702021120
1270817505880297472
1270818218324754432
1270818914889416704
1270819537760382976
1270819551937212418
1270819882049744897
1270820134735826946
1270820147100635137
1270820253736591364
1270820323303309313
1270820459416780800
1270820809653678080
1270820872044060682
1270821348483362818
1270821353214685184
1270821549247889408
1270821619364216832
1270821710565044225
1270822017785384960
1270822143597543425
1270822149536706560
1270822172177715200
1270822243396997121
1270822362477289472
1270822936858054656
1270824055986434048
1270824126303830018
1270824248542744576
1270824374363402243
1270824708905357314
1270825581479890944
1270825956178100225
1270825999886884871
1270826085446541314
1270826370927595520
1270826497067057153
1270827088015060992
1270827495852347392
1270827783229444096
1270828470537293824
1270828541752619008
1270828572299669507
1270828744685563911
1270829101381824515
1270829228917952512
1270829949314912256
1270830096266547200
1270830264080629761
1270830503877382144
1270830773256495106
1270831004635336709
1270831321909039104
1270831403480088576
1270831432940892160
1270831528067641347
1270831777137844224
1270831867504275462
1270831978896646144
1270832058768723968
1270832442966978560
1270832547568762883
1270832673464909825
1270832785259929600
1270832951471849472
1270833460916228099
1270834004401377280
1270834199386185729
1270834209645629445
1270834345385824257
1270834500331810817
1270834610700681216
1270835579865849856
1270836001573871616
1270836467573706753
1270836525765255168
1270836613388496897
1270836673740447744
1270836677334798337
1270836763833929728
1270836851654393858
1270837116579299328
1270837196556079111
1270838170909683712
1270838684447842307
1270840445829087232
1270842187995992064
1270842521074176000
1270842703027322880
1270843165944115201
1270843750361608193
1270843826991595521
1270843830229581825
1270844069250564104
1270844180827459584
1270844392706846720
1270844591881756672
1270844689395191810
1270845091880591364
1270845685915701248
1270845991856549888
1270846362368835588
1270846983977254912
1270847012259287040
1270847227146223618
1270847398185705475
1270847763316707328
1270848399693287424
1270848636436561927
1270848757131890689
1270848856603783168
1270848860680679424
1270848861393661953
1270849182820175873
1270849221009313793
1270850361088188418
1270850836852326402
1270850931840745473
1270851423358640129
1270851469995057154
1270851578560417795
1270851665898336256
1270852695579033601
1270852860285120512
1270853442429431809
1270854628222124039
1270854817955696646
1270854820958625792
1270854950063493121
1270855019185664005
1270855536184045569
1270855591649513476
1270855593679564800
1270856191799889924
1270856301397061633
1270857068988239880
1270857618475581441
1270857664566829056
1270857730752839684
1270857901469585409
1270859420210102272
1270859721361313793
1270859722325884928
1270859723307433985
1270859726226698240
1270859780895186945
1270859814755872771
1270860691088515072
1270861430238121984
1270861436332331009
1270861804193951749
1270861816877457410
1270862020108259328
1270862456253005830
1270862571579441152
1270862680132378633
1270863702888046592
1270863711117299713
1270864081348554752
1270864380314312704
1270864598523142144
1270865113264816128
1270865346845605894
1270866677727707136
1270866832187109379
1270866892937408515
1270867574692237319
1270868929892823040
1270868987509907458
1270868991314026496
1270869261553106946
1270869519972655105
1270869962001985539
1270870322821169154
1270870362159558656
1270870493638217728
1270870518024019970
1270871220293156866
1270871453840355328
1270871568047132678
1270873024485560326
1270873124050010112
1270873205574643714
1270873941272416256
1270874000231731202
1270874401219555328
1270874472569061379
1270874710625181700
1270875568624619522
1270875572814651392
1270876281010298882
1270877258824253441
1270877367892762624
1270878088709185536
1270878134875967491
1270878411586584577
1270878674326130688
1270878676377235457
1270878684027580416
1270878685709492224
1270878688817451008
1270879077466017793
1270879077201842183
1270879331749752832
1270879364801052675
1270879705252724738
1270880014851072002
1270880140378152960
1270880615148195840
1270880640616083456
1270880652821278721
1270881325726281734
1270881386350743552
1270881949540732928
1270882387392557056
1270882713982156801
1270882737168285696
1270882896107069441
1270883290006904835
1270883561059516423
1270883584874700802
1270883753355812865
1270883989969162241
1270884143719690240
1270884717856866304
1270884872605757440
1270884949114138628
1270885406406410240
1270885836125614080
1270886108516306950
1270887576384176128
1270888234927697926
1270888531909505025
1270889591491514368
1270890032140861441
1270891356026736640
1270891511740334090
1270891750568099840
1270892447736958977
1270893173288517633
1270893404159795200
1270893405128679430
1270893405216706560
1270893406366035968
1270894602707505156
1270894922443427841
1270895139309776896
1270895150357598210
1270896241581449216
1270896730603687936
1270896809074982913
1270897431987793925
1270897478062178304
1270897899967254529
1270898342898221056
1270899068718342144
1270899699453767685
1270900194721357825
1270900268847083520
1270901068554092544
1270903608347774977
1270904232867016710
1270904272834699264
1270904918698844162
1270905080821276677
1270905331917479936
1270905421088329728
1270906959852601344
1270907045399744517
1270907597172989953
1270907829097037824
1270908059724980224
1270908302533242881
1270908329003548673
1270908385005731840
1270908396426809345
1270908621371686914
1270908978583597057
1270910316700975105
1270910587778723840
1270911537687887872
1270911742290333710
1270911752314646529
1270912048432582657
1270912093831626752
1270912699157757952
1270912792598462464
1270912884466421760
1270913479575080960
1270914260705533953
1270915137554337797
1270915674076930048
1270915677172334592
1270916424773431296
1270916798003605505
1270917220886024193
1270917855299506176
1270918310029332486
1270918743816880131
1270919317442289664
1270920010295382016
1270920034408378374
1270920034823450625
1270920749558218752
1270920868311547905
1270921500804038656
1270921618026610693
1270921864274227202
1270922408615084036
1270922770625380352
1270923096724082689
1270923098963902464
1270923295710416899
1270923767288680448
1270924318948691968
1270924650629877760
1270924883526995968
1270925040222076928
1270925792457838592
1270926264375926797
1270926381057224704
1270926540151250944
1270926638994333696
1270927050870632449
1270927088426594304
1270928190773420032
1270928401965166592
1270928920909578242
1270929164724559872
1270929584377266182
1270929624776749057
1270929904662708225
1270930175652327424
1270931024436801538
1270932287845171200
1270933297342959618
1270933481531543552
1270933666420494336
1270933802404270081
