1274559280075677696
1274559601887916033
1274559714198720512
1274559840602423299
1274560065748578304
1274560325250174981
1274560550249390080
1274560677668163586
1274560751328518145
1274561078907883521
1274561347192262656
1274561580995416064
1274561593498644480
1274561937519652864
1274562012123709440
1274562035775344640
1274562563418787841
1274562728514990080
1274562856562892802
1274562928218378242
1274563628772003841
1274563973325688833
1274564101008654336
1274564266587275264
1274564402184847362
1274564413455044609
1274564669404000257
1274564702023102464
1274564801025507329
1274565266488414208
1274565428396920832
1274565830718652416
1274565929972699139
1274566168691511298
1274566217664204801
1274566540512329728
1274566664407965696
1274566903609131009
1274566930259738629
1274567008991031296
1274567291712294912
1274567517395189762
1274567539926974464
1274567751475085312
1274567864675115010
1274568914488483840
1274569294978920448
1274569365904453632
1274569374754635785
1274570320259751936
1274570909383360513
1274571348854149120
1274571467527782401
1274572283420585985
1274572760036061184
1274573049136734208
1274573163515478018
1274573566302978050
1274573569356374016
1274573583382175744
1274573897019453440
1274574318836633600
1274574682751148032
1274574752909312001
1274575736469434369
1274576260987891715
1274576504882683904
1274578681864826881
1274578740266315776
1274579542389252096
1274579843628314624
1274580071081283588
1274580284160258050
1274580427949342721
1274581005719031809
1274581237181616128
1274581768637743105
1274582179935334402
1274582324462616577
1274582485159075841
1274582676540919810
1274582708396519424
1274583209519579136
1274584176864485376
1274584427570569221
1274584473498050563
1274585787871477761
1274585949842931714
1274586178818359296
1274586280303755264
1274586292098138112
1274586479541575681
1274586551046017024
1274586578141220865
1274586662367039489
1274586708718256130
1274589209869856768
1274589384382218240
1274589412698005505
1274589648493391872
1274589906594156544
1274590052853694464
1274591403260162050
1274592502323064833
1274592553116094465
1274592616064172034
1274592784117387264
1274592985984962562
1274593009716400129
1274593257994039296
1274593530837696512
1274593555353423872
1274593701873025024
1274594044035977218
1274594368343638017
1274595393167413251
1274595651322552321
1274595925479034881
1274595930147368960
1274596032601632768
1274596634786217985
1274597124257320961
1274597179034791937
1274598048560222209
1274598363711844354
1274598503302393856
1274598868467023877
1274599004735705089
1274599426435186688
1274600196383494146
1274601077162287104
1274601091162931202
1274601333803438082
1274602105941176320
1274602238070194176
1274602754678415360
1274604254167207936
1274604434899812358
1274604654295314432
1274604833622962176
1274605395470766080
1274605607744659459
1274605963841019906
1274606089326206976
1274606200034902023
1274606208360603648
1274606393081892870
1274606691032510469
1274607140032962565
1274607224187506694
1274607282341457922
1274607431650291714
1274608278891384832
1274608541718974464
1274608723210706944
1274609033299755008
1274610758773547009
1274610987912527872
1274611195073499138
1274611267563671552
1274611523835625474
1274611673932931072
1274611721034924033
1274611908251914240
1274612182500573184
1274612933155344385
1274613371644645376
1274613595410763782
1274613795155931136
1274613812717551616
1274613890828177409
1274614330626105344
1274615095797088256
1274615688867569664
1274616035661033473
1274616168695947266
1274616175603793920
1274617029186764800
1274618070871359488
1274618655985274881
1274618846142500865
1274618876127522816
1274619131191611392
1274619727407656960
1274619806185074688
1274620003690651648
1274620960621166592
1274621267895869440
1274621624994746376
1274622312407371780
1274622625436884993
1274622639168983041
1274622692650627072
1274622915208777729
1274623276975874048
1274624339120455681
1274624445060124672
1274624760752812037
1274625644186537985
1274626357587259392
1274626625519472641
1274626870886072323
1274626916734185475
1274627358935470080
1274628023678050304
1274628073791594496
1274628525568516101
1274629359282860032
1274629386763816961
1274629461296787461
1274629651051294720
1274630365597007873
1274630529799905281
1274630901075337216
1274630906586808321
1274631087059357697
1274631365498220545
1274631782521024512
1274631856483454977
1274632180493213698
1274632925854740487
1274633775696273408
1274634170405437441
1274634213472509953
1274634287988473856
1274635556107038720
1274635996940902400
1274636319667425281
1274637235133001729
1274637542881722368
1274637566566957056
1274637805361250304
1274637865524305921
1274638023867748353
1274638063948480514
1274638153350090752
1274638172111147009
1274638589859704833
1274638627239268353
1274638726707150848
1274638768331468800
1274639217444995074
1274639629245919232
1274639864353390592
1274640067777134593
1274640719861428224
1274641239326035969
1274642133857841152
1274642177721864192
1274642207560151042
1274642526331383808
1274642653494358016
1274642781001191424
1274642984592715777
1274643110316965889
1274643240449454080
1274643435589419008
1274643587578441728
1274644687308062728
1274644734909337600
1274645630586105861
1274645932781572102
1274645976666562561
1274646001769275392
1274646002784366593
1274646186654384130
1274646292287811584
1274646699366113281
1274646862021132289
1274646981525282819
1274647056376872960
1274647726328864768
1274647906180571136
1274648644633784321
1274648789496856576
1274648991750373378
1274648998142447616
1274649314942488576
1274649359209115650
1274649623047614465
1274649624561754113
1274650620629303296
1274650693543047169
1274651112985948161
1274651387440304130
1274651675886850048
1274651820942659586
1274652163310940161
1274652195590299649
1274653251049123841
1274653519388213254
1274653702905835520
1274654000323985408
1274654224605941760
1274654280935342085
1274654401085440001
1274656168888188928
1274656279961776130
1274656282776088579
1274656491228860416
1274656522585411585
1274656673542660096
1274656708565090306
1274656717838704640
1274657159196917760
1274657164511059970
1274657525514854400
1274658495418302464
1274658588976451584
1274658634786574338
1274659089298096130
1274659132579217414
1274659301349605376
1274659314477731841
1274659314872004608
1274659378180902912
1274659601070219265
1274659718523351040
1274660022866325505
1274660735629524992
1274661226249719808
1274661227281543174
1274661228363694080
1274661703620407298
1274661864245518338
1274661873359691779
1274661901528694785
1274661907606183936
1274661936060411905
1274662439334940675
1274662589935554565
1274662959449608200
1274663145173221379
1274663233564086272
1274663674310000642
1274663686385303556
1274663787912626187
1274663889716891648
1274663946646163457
1274663996675760128
1274664122752221185
1274664144520613889
1274664373324316673
1274664497077194753
1274664764262752256
1274665234175852544
1274665372499795974
1274665545737080832
1274665993684627457
1274666989269778432
1274667237153136640
1274668081000910850
1274668539274821632
1274669123914444800
1274669154310615040
1274669816394153984
1274669862107918337
1274670054488014849
1274670110578552832
1274670128244932608
1274670869772734465
1274670980707897344
1274671034004897792
1274671047518810112
1274671124111114240
1274671298971602946
1274671415552364544
1274671913554632704
1274672292950310913
1274672574514040832
1274672668315353094
1274672797915271168
1274672956099133441
1274673183497555968
1274673348660867072
1274673933623586826
1274674439196569601
1274674582700556289
1274674604011814912
1274674833020932096
1274674929607356418
1274675117759647745
1274675657004453888
1274675939138572288
1274675945886978048
1274675946939768834
1274675959967494146
1274676237227692034
1274676833426919425
1274677035600875523
1274677206334070791
1274677320452882432
1274677739925241857
1274677764982005760
1274677837866434563
1274677878245011458
1274678059703177222
1274678075792470018
1274678086307442689
1274678223146713094
1274679215250706434
1274679517198667779
1274679901090611201
1274680170515922944
1274680171598155781
1274680228716122115
1274680559776567296
1274680599471706112
1274680779621183488
1274680996592594951
1274681027714220032
1274681048794910720
1274681445479522304
1274681616867229697
1274681639210229760
1274681693149057024
1274681769028173827
1274681780352802816
1274682233174007810
1274682601790492672
1274682924206624770
1274683043194851330
1274683405813284864
1274683453817139200
1274683818885218305
1274683852351574017
1274683883397812225
1274684035877478400
1274684260314746880
1274684366418063366
1274684467035152384
1274684738549231617
1274685376020570120
1274685475786305538
1274685507453120514
1274685542081363973
1274685844830511104
1274685886555447296
1274686751139921922
1274687122314797059
1274687415450550272
1274687498720075779
1274688589050322945
1274688610973999104
1274688635447709697
1274688645656645632
1274689169302921217
1274689367555166208
1274689467291512832
1274689789556482051
1274689790592475137
1274689971434262528
1274690022806093825
1274690504941338632
1274690641491001345
1274690922207420416
1274691019548897282
1274691085000982528
1274691138063151104
1274691318745366529
1274691464778432512
1274691536014508034
1274691579329097728
1274691901132857345
1274692093466808323
1274692361633910795
1274692398304690177
1274692408282886147
1274692528793583616
1274692811615543299
1274693513955938306
1274693594817933319
1274693715878203392
1274693784073318405
1274693858442514434
1274694032963309569
1274694186114191360
1274694357170479104
1274694846989701120
1274694858997825537
1274694943152406533
1274695807812415490
1274696309677658122
1274696327914377216
1274696604579254272
1274696620483973120
1274696664331227138
1274696851263049729
1274696879805206534
1274696945567744000
1274697007941238786
1274697056611897345
1274697203303538690
1274697468094173184
1274697555524358144
1274697650370158592
1274697843760967681
1274697940154691585
1274698067900579840
1274698212645969923
1274698346125381632
1274698567651930115
1274698601676054528
1274698728591560705
1274698944036077568
1274699073795141634
1274699094368423937
1274699109258219520
1274699392751108098
1274699822528819202
1274699894306078720
1274699941038960644
1274700031908511745
1274700167237849088
1274700195930963968
1274700350675726336
1274700351124324354
1274700628749684736
1274700777697816576
1274701896608100352
1274701989314691072
1274702234975121408
1274702543466246146
1274702569080631300
1274702616661032961
1274703028302614528
1274703389230804992
1274703462413017092
1274703702440493057
1274703863719907328
1274704108566589440
1274704641129758721
1274706366771400705
1274706367224393734
1274706440524005379
1274706842984144897
1274706889276784643
1274706958491189248
1274706984131080192
1274707016720752640
1274707217598595074
1274707239648067584
1274707422410608642
1274707692985241601
1274707998355718145
1274708306204950530
1274708504088059905
1274708705423089669
1274708908683202562
1274709019169632257
1274709208609546241
1274709239932628993
1274709603650060291
1274709693286567939
1274709748512948224
1274710001379160065
1274710409161969665
1274710417886117889
1274710513792974849
1274710538702983169
1274710944376139776
1274710984293302272
1274711027947581444
1274711118980710401
1274711231866318848
1274711357707956225
1274711730359357442
1274711963998867456
1274712134308462594
1274712286297538561
1274712466669395970
1274712546730225667
1274712563251425280
1274712698949959680
1274712905984983040
1274713451735257089
1274713577417510912
1274713750625533952
1274713813330386944
1274713838328459267
1274714004389232641
1274714017920098314
1274714166780203016
1274714779542859776
1274715859781668864
1274716247586897921
1274716322287534080
1274716328595787779
1274716564395360257
1274716659849351170
1274716980759724034
1274717158585569282
1274717181801005058
1274717587197374464
1274717784379973633
1274717825320484865
1274717899991769093
1274717987929497603
1274718021555191811
1274718521755303938
1274718551878877185
1274718683319934979
1274719173348921346
1274719283042562048
1274719372603297792
1274719381239541760
1274719522512084993
1274719593462927361
1274719597955088384
1274719652527177728
1274719912938876932
1274720039220977669
1274720274269732868
1274720410672738305
1274720716873707522
1274721114271420416
1274721118125867008
1274721302209757189
1274721379636609024
1274721480027320327
1274721529230696448
1274721587498037248
1274721621425762308
1274721694540795905
1274722015656771586
1274723076769492999
1274723102644146176
1274723569428242437
1274724123722371073
1274724147873095680
1274724163564036096
1274724431156457472
1274724440799051779
1274724565072175105
1274724804231340034
1274724808815636480
1274725178153611267
1274725647210803201
1274725718811979782
1274725834339897345
1274726202905956352
1274726538429300736
1274726723033186305
1274726771544522752
1274726786698371072
1274726898619252743
1274727000708722688
1274727064478683136
1274727107495710721
1274727451399262210
1274727848826331136
1274728049356017667
1274728345457037315
1274728824501125120
1274728913089056770
1274729089174310912
1274729195554340866
1274729773810552832
1274729867523784714
1274729891158806531
1274730000827273218
1274730848269598721
1274731078956257282
1274731295118102531
1274732160893751296
1274732482789867521
1274732814907383810
1274732998471155716
1274733221956194310
1274734413029478405
1274734517148925953
1274734592768061441
1274734717976358914
1274734802592243712
1274734983228391424
1274735180775919617
1274735394291097602
1274735416193794049
1274735643155890176
1274735897980727296
1274736045456789504
1274736181339553794
1274736497086906373
1274736620260950019
1274737017893654528
1274737271544184832
1274737289889972224
1274737446631223305
1274737532631158784
1274737763963875329
1274738107074531328
1274738607446728704
1274739132103827457
1274739278262808578
1274740110077149191
1274740171733381124
1274740446636449792
1274740546679050240
1274741246364454913
1274741870221037570
1274741969567154176
1274742063968460801
1274742516903010306
1274743689231900678
1274743764645543937
1274744548120354817
1274744721152397314
1274744751904960512
1274744951578845185
1274745024002080768
1274745150581899266
1274745283050713088
1274745358476771333
1274745432103673857
1274746027967418378
1274746526770790401
1274746663115112448
1274747158890151936
1274747739583250439
1274748348956884993
1274748362458312704
1274748632160522241
1274748761131167745
1274748781972652033
1274749133165858818
1274749399248273409
1274749474657710081
1274749767848013825
1274750042402893833
1274750061746872325
1274750062963224576
1274750064053743616
1274750289086689280
1274750445374672897
1274750767723839491
1274750955989286912
1274751101393346560
1274751342029033473
1274751461994508288
1274751571855675393
1274751794636361731
1274752282152906752
1274752432883617793
1274752954961145858
1274752956555018240
1274753028021792771
1274753737387651075
1274753742915678209
1274753795021471744
1274753861459128320
1274753908594933760
1274753973002670082
1274754339689467905
1274754556291960832
1274754647086059520
1274754667172560899
1274755342157709312
1274755355491340290
1274755659704209408
1274755737768640512
1274755769188134913
1274755871956926465
1274756013984448515
1274756402129571840
1274756482626736129
1274756597965893632
1274756632006864896
1274757145561640961
1274757209264656385
1274757272745447430
1274757431441195008
1274757615235543041
1274757673754509318
1274758169395433473
1274759247608393734
1274759313312092167
1274759315627352066
1274759379565318144
1274760099656056833
1274760207764201482
1274760220099727360
1274760430519554050
1274760589064179713
1274760618776702978
1274761116967731202
1274761386799718400
1274761433243439104
1274761514705133568
1274761571600945158
1274761607382474753
1274762158715404290
1274762247471009792
1274762265573519360
1274762317314560000
1274762431403905024
1274762450886328320
1274762978697654275
1274763033865342985
1274763305966583810
1274763400309080065
1274763803004211202
1274764463762214914
1274764540228497408
1274764543210614784
1274764771578052608
1274764863705776129
1274765294716641280
1274765491127623682
1274765504658526208
1274765856262754304
1274766021140918273
1274766192398544899
1274766243766075392
1274766350670532609
1274766433075986432
1274767045624688640
1274767052859834370
1274767078831030275
1274767816802123778
1274767850658545664
1274767935538683905
1274767988630183943
1274768296173350913
1274768368587980801
1274768376099942401
1274768522900537349
1274768582036140032
1274768614323826688
1274768658032664579
1274769806143750150
1274770226471669761
1274770243676708866
1274770281526149126
1274770402523348992
1274770413353132034
1274770460308373505
1274770535491284993
1274770642429186052
1274770693884968960
1274770825078505473
1274770883127754754
1274771028259016705
1274771048521760770
1274771088677810179
1274771504681627653
1274772048020193281
1274772086880301057
1274772797567512576
1274772841729339393
1274773142561488897
1274773339504914433
1274773494165897218
1274773689784041474
1274773906788884481
1274773909108330497
1274774095394193408
1274774138419326977
1274774924536811521
1274775172772478978
1274775381652856832
1274775599618256896
1274775761631707136
1274776247260897281
1274776340089180166
1274776607576727552
1274776795984912387
1274776838586404865
1274777126760255491
1274777136000368641
1274778359009103874
1274778544175013889
1274778824295792642
1274779200394874881
1274779585251598336
1274779645519560704
1274779694710341638
1274780040815939586
1274780159711862791
1274780512247140352
1274780650613153794
1274780696008155136
1274780819555528706
1274780867228045313
1274780976686796802
1274781611649835008
1274781949501022208
1274781997798473736
1274783118252281857
1274783284715806726
1274783481260838916
1274783705458933760
1274783824715616256
1274783973911212032
1274784237489664000
1274784269244792832
1274784735433297923
1274784853217730566
1274784887095074816
1274784902462963718
1274785454219497473
1274785621358325760
1274785712156504064
1274785733727916032
1274786081960058880
1274786216504963072
1274786358356303883
1274786397820502018
1274786420658405379
1274786676271874049
1274786853468676098
1274786881176248321
1274787320441470976
1274787437261266944
1274787661975355402
1274787823153971202
1274787992872390659
1274788110912626694
1274788998859366400
1274789115322675204
1274789311230160896
1274789386945773571
1274789548854145024
1274789705113092096
1274790400792944642
1274790781182672897
1274790904327536640
1274791049341222913
1274791151070064644
1274791522358177793
1274791721575030784
1274791861727756291
1274792287550287877
1274792448854765569
1274792635954233349
1274792724672270342
1274792972182327297
1274793085583667202
1274793813735702528
1274794142103715845
1274794507318571011
1274794730878939139
1274794756124573703
1274794768200065031
1274795008248492032
1274795215841361920
1274795262079352832
1274795454027440132
1274795581756583942
1274795611066261504
1274795775743188992
1274795885575188484
1274796747311570944
1274796758523097088
1274796781818261505
1274796870380945409
1274796987158794241
1274797111587090434
1274797530748944386
1274797558393647104
1274797573908434946
1274797608817614850
1274797650995564552
1274797742766907394
1274798021000278022
1274798123777511432
1274798535955943427
1274798564569423879
1274798666663026696
1274798731922194438
1274798731922194438
1274798941511520261
1274798958561329155
1274798997048360963
1274798990240944130
1274799430705844224
1274799436913311752
1274800595858268161
1274800740503097348
1274800953926057985
1274801407963652099
1274801601451102213
1274801623827722240
1274801921031843840
1274802084815220737
1274802163336822786
1274802331016663045
1274802346678198273
1274802688308412416
1274803264043855874
1274803377420066816
1274803378007142400
1274803502481539073
1274803928727683077
1274804959138197504
1274805069704290305
1274805325045080067
1274805380816818176
1274805410596298754
1274805414622887936
1274805460202328064
1274805609028861958
1274806212945760257
1274806275126300672
1274806566848360448
1274806778228813825
1274806811514863617
1274806854099636226
1274806989978304513
1274807075835527168
1274807184870735872
1274807381210345481
1274807856466984960
1274807936594870278
1274807952776585217
1274808414884040706
1274808663983697927
1274808730681573376
1274808822993833987
1274809143862403072
1274809512302690309
1274809578547343360
1274809717865566213
1274809768821972992
1274810444855816193
1274810519376089088
1274810559725211649
1274810594831429633
1274810596286840832
1274810598094548995
1274810601370501120
1274810665199427585
1274811332286722051
1274811350527721473
1274811565347397632
1274811572075089921
1274811846973947904
1274811978016571393
1274812222313824258
1274812539113811969
1274812821541228544
1274813150437703681
1274813394462412800
1274813474779127810
1274813568278507520
1274813694971654144
1274814173633970180
1274814240138854400
1274814640577486861
1274814846786134016
1274814905938575362
1274815742291173377
1274816121699553281
1274816143258255367
1274816753340686337
1274817481031516169
1274817681590497281
1274817769377271816
1274817904878419969
1274817988575801344
1274818141265092608
1274818217333186564
1274818344156364813
1274818357783662594
1274818447478796288
1274818612163985415
1274818793211117569
1274819189384130560
1274819309135704075
1274819491919167490
1274819787823161350
1274819845452898305
1274820068933681152
1274820853960790018
1274821394895900674
1274822108506402817
1274822152475283460
1274822727254376448
1274822991461978124
1274823217992142850
1274823252582555648
1274823328184897539
1274823379053314049
1274823513774403584
1274823534930509824
1274824014180102144
1274825432118947840
1274825433192652800
1274825634678784001
1274825864040067075
1274826345474863106
1274826938251489282
1274827068987936768
1274827195719057409
1274827444235558912
1274827430637768730
1274827497620803589
1274827648959754240
1274827657159507976
1274827657935495170
1274827699769544707
1274827786012803079
1274827939578871809
1274828995440398336
1274829089313079298
1274830580966981633
1274831647095963649
1274831804990709760
1274831948679122944
1274832173175103490
1274832609906962435
1274833070525464576
1274833386289405958
1274833559581319168
1274834126592450560
1274834447171571712
1274835277035569152
1274835745899831303
1274835795178815489
1274835886958620672
1274836210431807490
1274836766349033478
1274837092758106112
1274837297071095809
1274837348170203138
1274837619470368769
1274837657466568707
1274838036510126085
1274838084568350725
1274838355637702657
1274838408364535808
1274838629513338886
1274838728641519622
1274839311918268416
1274839399004467200
1274839727573786624
1274840380094271488
1274840395395092480
1274840537908998144
1274840539246891008
1274840627604328450
1274841674167058437
1274841961770426370
1274842181925326849
1274842827197947907
1274842976309690374
1274842995339206656
1274843104131059712
1274843124007948288
1274843435543953416
1274843488178384902
1274843617274798081
1274844233036374016
1274844486842097666
1274845069149974529
1274845467906580486
1274845579261235202
1274846064567296006
1274846828169658368
1274848155268497409
1274848567983775744
1274849047795372033
1274849719903088640
1274850407920078852
1274850571263053826
1274850858979786755
1274851105571246092
1274851323519918081
1274851604127256576
1274851917118791681
1274852059641192449
1274852105833119752
1274852691773206532
1274852922740834304
1274853117188689922
1274853189897109504
1274853594240442369
1274853652931502080
1274853740101668869
1274853745004883975
1274853854560030720
1274854045941972993
1274854102208561152
1274854224170450944
1274854250506567681
1274855127833174016
1274855130026741761
1274855365562241025
1274855450408779777
1274856016543350787
1274856148815003657
1274856549798772736
1274856636679684102
1274857134459682817
1274857753249488896
1274858547185057798
1274859284275347456
1274859633753100295
1274859679437422593
1274860077820923905
1274860117314371584
1274860618886021120
1274861549585338369
1274861688446124032
1274861696297861120
1274861697124257792
1274861697933639680
1274862177950797824
1274862378631471105
1274862716675436544
1274863028341633025
1274863890166427654
1274863994575171584
1274864787315478528
1274865067725471744
1274865162474979329
1274865174466478080
1274865176165134339
1274865245320814592
1274865280007561216
1274865321279709185
1274865374249566209
1274866006515748866
1274866469948383232
1274866793706926081
1274867699491975168
1274867880270737408
1274867947622879233
1274868267061071872
1274868326360133635
1274868591091949569
1274869383760941056
1274869910204755968
1274870016958238720
1274870104639991808
1274870106288349184
1274870131936591874
1274870951788908545
1274871361182154752
1274871400789151744
1274871613478129668
1274871710043582466
1274871979229708289
1274872314035875840
1274872487726194689
1274873187122233345
1274873210874593283
1274874097466576901
1274874141766823936
1274874495040229378
1274875569956687873
1274875588893958144
1274875670380908547
1274875781886459904
1274876353779601408
1274876992895270913
1274876999434211328
1274877010561708033
1274877151980879873
1274877322869583880
1274877620530929667
1274878097389752321
1274878908777676800
1274879260575051776
1274879749412859905
1274880255996637185
1274880590131716098
1274881237367259136
1274881333152690176
1274881667560345600
1274881763391782913
1274881789329211392
1274882107903533056
1274882200933187590
1274882546073866240
1274882608682450944
1274882834902196224
1274883356451364867
1274883429390221313
1274883635964006400
1274883660014125066
1274884012062978052
1274884289344176128
1274884517657022464
1274884948172800000
1274884950257369088
1274885320572571649
1274885589935050752
1274885793107099648
1274885937986707456
1274886156753272832
1274886376706752512
1274887244243972096
1274887269904789504
1274887840565006341
1274888629626851334
1274889327227670534
1274889455170617351
1274889683605041152
1274889902325411842
1274890243955712001
1274891231672315904
1274891486681804801
1274891489768869888
1274891572069441538
1274892503016075265
1274892504521830400
1274892506421837824
1274892506988072962
1274892539934519296
1274893086234234881
1274893555627065347
1274893564003012608
1274893724036759554
1274893854894850049
1274893975900520452
1274894313420320776
1274894594589822976
1274894613954920455
1274895292069031937
1274895704306126854
1274895943863799808
1274896269476081667
1274896772834430977
1274896875729158144
1274896890912550912
1274897009707794433
1274897610017554432
1274898789459832833
1274899444115398656
1274899816217182208
1274899972392210433
1274900074196336640
1274900485837905921
1274900499607814147
1274900616138027008
1274900753417670657
1274901377379184642
1274901461072261122
1274901776613998594
1274902818479054858
1274903188790018054
1274903335858995200
1274903441358422017
1274903692261629958
1274903767683600389
1274903820938743808
1274904611900530689
1274904725197148160
1274905282741710848
1274905333354213376
1274905568734519297
1274905891385548800
1274906297058590722
1274906402012758016
1274907140998782976
1274907975887605760
1274908267026792449
1274908528159973376
1274908701296668674
1274908751380860928
1274908765960142850
1274910148948119554
1274910205722181638
1274910215859834880
1274910250047504384
1274910267462365188
1274910280179494912
1274910394818138113
1274910461109112839
1274910501982609408
1274911123305836544
1274911171322281984
1274911211751198720
1274911387920318464
1274911427178958848
1274911452579627017
1274911564336857088
1274911740686405632
1274911917350453249
1274911924220641280
1274911941912387590
1274912044844810243
1274912094194991106
1274912127644549120
1274912181960785920
1274913639980507137
1274913643558088705
1274913958588227585
1274914046429532160
1274914222611316738
1274914286561878016
1274914303179722753
1274914398491082752
1274914501901631488
1274914574639169536
1274914750435033089
1274914893808799745
1274914926365196288
1274915014474895362
1274915474422333441
1274915544085540864
1274915731403137027
1274915789167112192
1274915928715726848
1274916154121826310
1274916188754186241
1274916191757361152
1274918524713086977
1274918633014263808
1274918936723648514
1274919220384542731
1274919617190924289
1274919757695909889
1274920038466826242
1274920484119941122
1274920590567227392
1274921064745877505
1274921191812337664
1274921234887774208
