1275284565599240193
1275284884077019137
1275285067938648064
1275285301498392581
1275285479974264832
1275285781880471552
1275285856211828736
1275286355598356480
1275286711753474050
1275287349723684867
1275287350877151235
1275287351959281677
1275287791723778049
1275287966269743104
1275288140723433472
1275288814064459781
1275288817646350337
1275289089718341633
1275289532766859267
1275289867522580480
1275290507694882816
1275291100698284032
1275291557252468736
1275291587980005377
1275291851730423809
1275292137387630592
1275292232262844416
1275292549083729920
1275292562752970753
1275292810028204032
1275292839233150976
1275292859499810816
1275293405892018180
1275295440255270912
1275295773387882497
1275297525457616897
1275298527447584771
1275300002588495879
1275300193911689217
1275300836651008000
1275300857958084611
1275300939616976896
1275301086577004550
1275301274397917191
1275301416962330625
1275301467650510849
1275301634243997698
1275302455161417729
1275302456637812736
1275302577643548675
1275302578717261825
1275302757277327361
1275303090254761984
1275303230977777665
1275303734206255105
1275305061523107840
1275305469159059456
1275305934101909504
1275306644566675456
1275306699642081285
1275306937773678592
1275307337272774656
1275307593494298625
1275308006402428928
1275308405398388736
1275308574575648769
1275308670885285888
1275308726321401856
1275309004621783041
1275309849962823681
1275310132793012224
1275310548465393665
1275310592962760705
1275310902066196482
1275311040641843201
1275311932283793408
1275311936226439168
1275312409582997505
1275312497084510208
1275312552315101184
1275312625291853825
1275313309059821569
1275313526308048897
1275313832060170241
1275315244865187841
1275315249579560960
1275315251714506752
1275315256529575937
1275315274879602688
1275315281850626048
1275315332761206785
1275315340440793089
1275315357721518081
1275315444816261120
1275315536008798210
1275316038066814977
1275316039304089602
1275316321325068288
1275316690524540929
1275317087204978688
1275317093127401472
1275317425420955649
1275317837033287681
1275318305226719232
1275318579487862784
1275318584353280000
1275318721419059200
1275319060822032385
1275319063946772481
1275319634426822656
1275320053756497921
1275320122257760262
1275320385647640577
1275320682218315776
1275320687360569344
1275321442595471360
1275321507170975744
1275321570395934721
1275321725480243200
1275322123691732993
1275322153391591425
1275322182084833281
1275322410430947330
1275323561218125836
1275323562883235840
1275324140728324097
1275324198215471105
1275324310194970625
1275324327307722753
1275324392990531585
1275324733572210689
1275325423199682560
1275325432011862017
1275325638665093125
1275325736505786369
1275325849148022784
1275326107206782977
1275326341437689856
1275326351181058048
1275326804455284737
1275327223327850497
1275327399673159681
1275327430908133376
1275328694492504065
1275328920498458626
1275328956435177474
1275329003721830400
1275329006250987520
1275329036512788481
1275329621316296706
1275330340844965891
1275330767133040640
1275330988789379073
1275331186726846469
1275331530018050048
1275331760205725696
1275332217745690624
1275332344325472256
1275332702842085379
1275332768248016896
1275333112055160835
1275333196964663296
1275333781113565184
1275334238905282567
1275334506715557888
1275334877118947328
1275334909507354625
1275335297992138752
1275336071887257600
1275336311759671297
1275337514207887361
1275337852587511815
1275337881331040256
1275337930173812736
1275337969101090822
1275338165222625280
1275338375537594369
1275338439315996673
1275338572342669318
1275338696783355905
1275338994583318528
1275339160056991745
1275339181498171393
1275339323613773824
1275339425606754304
1275339604003115008
1275339850611331074
1275339909813985288
1275340066236186624
1275340432495587328
1275340654781116416
1275340880950571008
1275340884503154690
1275341581122441216
1275341607986839552
1275341617382273025
1275341630485250048
1275342094903709697
1275342263791636482
1275342978324848640
1275343123519090688
1275343160617689088
1275343267534602241
1275343861250789376
1275344095322529798
1275345061920808961
1275345168015728640
1275345176395997185
1275345344461705216
1275345377668009985
1275345618932809730
1275345878782554112
1275346001105162240
1275347391948808195
1275347487159705601
1275347675362332672
1275347843260260352
1275347873346007040
1275348020566077441
1275348180893405184
1275348265119240192
1275348308563841024
1275348538986237952
1275348688676716549
1275348761288404992
1275348763758874624
1275348766191529984
1275348875281399814
1275349266781949953
1275349435329937408
1275349478329982987
1275349505626562560
1275350772444729345
1275350862185947137
1275351296351092736
1275352724016594944
1275352755222257664
1275352814378762241
1275353005194436611
1275353041500323840
1275353153152716802
1275353933121310721
1275354009642156032
1275354125136527361
1275354387939024896
1275354423770910720
1275354654482800641
1275354699236073472
1275355617100738562
1275356090658684929
1275356213396504582
1275356568624775168
1275357066207481856
1275357964061343747
1275358571543355392
1275358675813703680
1275358834664583168
1275359133907247104
1275359344998088704
1275359403462602752
1275359977654411264
1275360453510623233
1275360457654599681
1275360584289210368
1275360894281809921
1275360968243949586
1275361000305373185
1275361092664020992
1275361380980449281
1275361823395663873
1275362156586897410
1275362163020959744
1275362253575991296
1275362346714587141
1275362347255599105
1275362746792587264
1275362772889620483
1275362868037287936
1275362876312686592
1275363744684445696
1275363775432896512
1275364617854820352
1275365025360863234
1275365236829302789
1275365526861217792
1275365672202186752
1275366588083036160
1275366757704912896
1275366932443738117
1275367594879483904
1275367784227180545
1275368412525592578
1275368425343389696
1275368552481140739
1275368891040935936
1275369000797638657
1275369102220111872
1275369192984842240
1275369214048718854
1275369299150909440
1275369422551756801
1275369611446439936
1275369829793435650
1275370182899367936
1275370786094751744
1275371398819647488
1275371820137488394
1275371960759996416
1275372146487894016
1275372152192196610
1275372154398347269
1275372398758506509
1275372618531704832
1275372726090416128
1275372748177657856
1275372961646682112
1275373472559104001
1275374054573322241
1275374348103278593
1275374485382758401
1275375361241616384
1275375526475993088
1275375567316140033
1275375638510292993
1275376641527726087
1275376674922573824
1275376786310868992
1275377217883770881
1275377488605188096
1275377699926822914
1275377718167769098
1275377802959826944
1275378030358249474
1275378141285044224
1275378393626771457
1275378542428160007
1275378617162309632
1275378705620013062
1275378706672828419
1275379328998674432
1275379653520343043
1275379839361601537
1275379914234003475
1275380036686708736
1275380110821150720
1275380142873985024
1275380431609892865
1275380720303816704
1275380769058422785
1275380781414834176
1275381310169776130
1275381707986829313
1275382587792465921
1275383115138162688
1275383138508836866
1275383205550534656
1275383229239799808
1275383265898237952
1275383820775313409
1275384019857944578
1275384019870507009
1275384109255348226
1275384330790014977
1275384338515922947
1275384572776194053
1275384771829514241
1275384840230252545
1275385251540488192
1275385662095720449
1275386200296169473
1275386484355403776
1275386716023656454
1275386929119481857
1275387564300677120
1275387605538926592
1275387783457144833
1275388266930409475
1275388352745951234
1275388502704885762
1275389151601442817
1275389312977326082
1275389395156307971
1275389720684568576
1275389903304450049
1275390246318944256
1275390361561632768
1275390523608612864
1275390698863411202
1275391039021281280
1275391131480719360
1275391776757624832
1275391932689256451
1275392034812108803
1275392170027962370
1275392279163940864
1275392329076166659
1275392358570491906
1275392365042307072
1275392388312076288
1275392669556981761
1275392671561871360
1275392846812590080
1275393337571315715
1275393471961018369
1275393632351240196
1275393682804482049
1275393745039446017
1275394050984677377
1275394055929606144
1275394058605588480
1275394443739267073
1275395057672171522
1275395324807450627
1275395478591504386
1275395537336967169
1275395775674146816
1275395806535864321
1275396724031467520
1275396778892898305
1275396852548956160
1275396986813009923
1275397007742578688
1275397294389702656
1275397351792934913
1275397496081088513
1275397515718864897
1275397682555650049
1275397724435857409
1275397904694460416
1275398258937004032
1275398274891931649
1275398338255286272
1275398386913611776
1275398520426684416
1275398525346623498
1275398694607740928
1275399159001079813
1275399297341755395
1275399372386324480
1275399833155710977
1275400022297886720
1275400117420535808
1275400343145205761
1275400344005033984
1275400347553579011
1275400485525127169
1275400616614002688
1275400827893690370
1275402089674551299
1275402094980325377
1275402658707378179
1275402736322801665
1275402850751963136
1275403578606321666
1275403628069761024
1275403654598660099
1275403710626136066
1275403713541287936
1275404875686465541
1275405392772763648
1275405438335553539
1275405495302590464
1275406060384407552
1275406227229605894
1275406701240504321
1275406894132154368
1275406901728153600
1275407767843602433
1275407970151653378
1275408077236379648
1275408079782400001
1275408135776358400
1275408284934176778
1275408860086439936
1275409031964704784
1275409052521070593
1275409484245086208
1275409687484252163
1275409690747457536
1275409734640730112
1275410177806815233
1275410273197834240
1275410533823496193
1275410661108002816
1275410828263477248
1275411407476068352
1275411774590910464
1275411855511617536
1275412103860543491
1275412152841535490
1275412168540815360
1275412337172844544
1275412359658569728
1275412498246627337
1275412509206491136
1275412618627502080
1275413328161132553
1275413452555722753
1275414528315002886
1275414535000797184
1275414720745529344
1275414724411379715
1275415386771599360
1275415424314871809
1275415744608710657
1275416192568528901
1275416774683566081
1275417017487462400
1275417059934044166
1275417094088282113
1275418448181542918
1275418555668889600
1275418789606277120
1275418997111115777
1275419103545585666
1275419182033776641
1275419395318263808
1275419694393155588
1275419795811434496
1275420038430953473
1275420226314739714
1275420271948836865
1275420425632317442
1275420480183336965
1275420914897870849
1275420927673720836
1275421199514943489
1275421534488875010
1275421592235933696
1275421657608445952
1275422177366507520
1275422224653189128
1275422230705393667
1275422689616777217
1275422917044703233
1275423474358652928
1275423792500584449
1275424000865267715
1275424505456779265
1275424663771009024
1275424674198028289
1275424720859664389
1275424744490307586
1275425024074305537
1275425041119940608
1275425083226566658
1275425336486957061
1275426399864700928
1275426450980712449
1275426493775011846
1275427268693766146
1275427693853585410
1275428125598298115
1275428191398576129
1275428230288166913
1275428573008900097
1275428589681270786
1275428623500095488
1275429026526408707
1275429046638260228
1275429131555966978
1275429135188258822
1275429312154537984
1275429332819701760
1275429656062119936
1275429705961725953
1275430028398825472
1275430065107542019
1275430453252706304
1275430616226545667
1275430812515631104
1275431060361211904
1275431217723105280
1275431802602061824
1275432075622060032
1275432152499396609
1275432479277477888
1275432498923782144
1275432798644559877
1275432809650216960
1275432924834336771
1275432936712650752
1275433296982192129
1275433573173116928
1275433765851017217
1275433892900507648
1275434084299227136
1275434196433920002
1275434333218566147
1275434428278292482
1275435688352088064
1275436320039383045
1275436862929133569
1275436890519265280
1275437205612138496
1275437500308152321
1275437650632007680
1275437738095898626
1275437852629667845
1275438217261506560
1275438354058711040
1275438450984939521
1275439062975832065
1275439080952627202
1275439356115705856
1275439462260998145
1275439726741184512
1275440360165003266
1275440498124058628
1275440619184222208
1275440658975584260
1275441786756821000
1275442080270057478
1275442502267334662
1275443023464153096
1275443105685049352
1275443460602916864
1275444389821558784
1275444431416512517
1275444948775493632
1275445493699457026
1275445639770370048
1275446122069155842
1275446252876922880
1275446396317954048
1275446898766168069
1275446931800518658
1275447376098951170
1275447824746864642
1275447909501136896
1275447967537696775
1275448039918800898
1275448420279259137
1275448443658366978
1275448785703800832
1275449224084086784
1275449691786731526
1275450018997010439
1275450036348874753
1275450082742026242
1275450229244878852
1275450483927166981
1275450670380838916
1275450803105366018
1275450929668476929
1275451210976256006
1275451218261762048
1275451274125692928
1275451446289289218
1275452175225782273
1275452201003937798
1275452388615188481
1275452532450447362
1275452725799477249
1275452762864496640
1275452820347424770
1275452976409088000
1275453613590974466
1275454087396356102
1275454258796613639
1275454331928510465
1275454333933563905
1275454347942322178
1275454481182806017
1275454834804588545
1275454963318059010
1275454963838222336
1275455002887090176
1275455257917546505
1275455449614057472
1275455677721272324
1275455706649395203
1275455709715431426
1275455853647130625
1275456129850421252
1275456456356016132
1275456463327158273
1275456487779758080
1275456537234792453
1275456582923370496
1275456784283471874
1275456860263497731
1275457119739764738
1275457316368683009
1275457414221840384
1275457456265543681
1275457469221703686
1275457585144041474
1275457930259660802
1275458570549485573
1275458633732509696
1275458769737187328
1275459507271815168
1275459704286621701
1275459770288345090
1275460060215312384
1275460177517408256
1275460231200309249
1275460241786671104
1275460263009976321
1275460672806178817
1275460819288031232
1275460948615000069
1275460992890073088
1275461658685497344
1275461922805018628
1275462080817061888
1275462252972240896
1275462601540014080
1275462908302864385
1275463096534851584
1275463135080509441
1275463223379144705
1275463712480980993
1275463806228082688
1275463839853789186
1275464369359339520
1275464964199706626
1275465382648635392
1275465822241034241
1275466431694467073
1275466531946639360
1275466581884076032
1275466674397777926
1275467111540850690
1275467441020100609
1275467508196052992
1275468256044814341
1275468587994619904
1275469182532870144
1275469635257692160
1275470106206760961
1275470293272686592
1275470433022853120
1275470487053840389
1275470550505324546
1275470693585412096
1275470986268139527
1275471020749664256
1275471087606861830
1275471239105011712
1275471892040740864
1275472329154285569
1275472663016804352
1275473155386077185
1275473266094690304
1275473416297107457
1275473435976704000
1275473453630607362
1275473472622415880
1275473843440816129
1275474052115845120
1275474171447767040
1275474408568545280
1275474417447993344
1275474593411547137
1275474894969401347
1275475118295339009
1275475142684991489
1275475223635210244
1275475412018135040
1275475517227974657
1275475683683241988
1275475914147627008
1275476216225693696
1275476706397044736
1275476811644731393
1275477040796295168
1275477077311930369
1275477155883843584
1275477486537773068
1275477730394423297
1275477860019343360
1275477985332609025
1275478053318201350
1275478602516234242
1275478610841747460
1275478780438630403
1275479008998764544
1275479095556612097
1275479575720538124
1275479866914136065
1275479870118653952
1275479995570368513
1275480302559924226
1275480650317991938
1275480935446659073
1275481332836171781
1275481823791837184
1275481862849335298
1275482276944625665
1275482566334853121
1275482587973083136
1275482803665330178
1275482893058375680
1275483081789468672
1275483542995103744
1275483801024491520
1275483968335482882
1275483998299590661
1275484034001485825
1275484282476097536
1275484290382323713
1275484833343344641
1275484861050925056
1275485342670426113
1275485375809687554
1275485532349317120
1275486080805060608
1275486115730948102
1275486340617056256
1275486439774523392
1275486556229439488
1275487264378929152
1275487302874267649
1275487778789191680
1275487899119747072
1275488305237209088
1275488489837072384
1275488672637267970
1275488984182001664
1275489354106970115
1275489807305551874
1275490179244077056
1275490317953720321
1275490318050181120
1275490724209930250
1275490787078344706
1275491378223616006
1275491462629728256
1275491777709998082
1275492448261767174
1275492687769153538
1275492805796823041
1275493327790620673
1275493439027785728
1275493492882628609
1275493798261358592
1275493941438283776
1275494045641584641
1275494095855681544
1275494438786043904
1275494719242502144
1275494826482556929
1275495012151762946
1275495108742467584
1275495597492109313
1275495631654653953
1275495650684215296
1275495698708955138
1275496465658494976
1275497885526827008
1275497968762748928
1275498051642306561
1275498065592496131
1275498153165365253
1275498194831585283
1275498232991399939
1275498292009480194
1275498509563764736
1275498533743968257
1275498999391285248
1275499147249025024
1275499281743515648
1275499296809500674
1275499517023064064
1275499553060540417
1275499772489510913
1275499945618014210
1275500182679977984
1275500291715104774
1275500796042522625
1275501092986597376
1275501265158639619
1275501606142959617
1275502187406376961
1275502700965355522
1275502900467380230
1275503139131703302
1275504301373341697
1275504491819945986
1275504620576690180
1275504788596195333
1275505178993623045
1275505920873844737
1275506150784589825
1275507233326018560
1275507254909906946
1275507274442838019
1275507415132372992
1275507536880230402
1275507661153460226
1275507800412569600
1275508100586524672
1275508155502473218
1275508246288175111
1275508324977577985
1275508499628294155
1275508655492923392
1275508753358602245
1275508986759053320
1275509250291388416
1275509317089865729
1275509502050172930
1275510698492092418
1275510760052076544
1275510861310889986
1275511038008582146
1275511084141682690
1275511348613517318
1275511720417640449
1275511966442950658
1275512049666347008
1275512052614905857
1275512606216916994
1275512836320460800
1275512933653590021
1275513279444631553
1275513407379300352
1275513559884148738
1275514093068185600
1275514372727676930
1275514629201018883
1275514759132168194
1275515109473845248
1275515128646176768
1275515307524792327
1275515332392890377
1275515342270402565
1275515427142144001
1275515427737780224
1275515575293431812
1275516164236607488
1275516399507701762
1275516416402305024
1275516516570664960
1275516565673463808
1275517047326363649
1275517416852905990
1275517898640035840
1275518201707868162
1275518255868923912
1275518512853893120
1275518713295450112
1275518826269085697
1275518905243615241
1275519363517382656
1275520445870215171
1275520449779302401
1275520466229346305
1275520614640599040
1275521083899367424
1275521158805426176
1275521229752057857
1275521833643708417
1275521872545959943
1275522316693315585
1275522403666452480
1275522506271739904
1275522777357770752
1275523279957053440
1275523292384964622
1275523357610520576
1275523361028870144
1275523369312702468
1275523408059666434
1275523649047597066
1275523691946926082
1275524052250234883
1275524400415211520
1275524764849840131
1275525029053239297
1275525077682008066
1275525471690731522
1275525828416323585
1275526149712556034
1275526782775681025
1275527203468398592
1275527354803200000
1275527373929222145
1275527760048513032
1275527944400592896
1275528570249654273
1275528634711900160
1275529068482420736
1275529183456825347
1275529193724555267
1275529504505638912
1275529968102014978
1275530557066280962
1275530708920999936
1275531020272631808
1275531041256755202
1275531996740100103
1275532126943940609
1275532663122735104
1275532727031390211
1275532766650785795
1275533288447361025
1275533392919113729
1275533419498397696
1275533435721912322
1275533589858398209
1275533730132738048
1275534089282617346
1275534199588622336
1275534199571861506
1275534643106734080
1275535033802133506
1275535263196987394
1275535335146086401
1275535374727733249
1275535608463663104
1275535615707287555
1275536035653484546
1275536263836246017
1275537513428418560
1275537851510394880
1275537939578130433
1275538057953976322
1275539067590017028
1275539609968132101
1275539684006014978
1275539996993376257
1275540317505228800
1275540326829010944
1275540428440420354
1275540526847021056
1275540662126084096
1275540682166472708
1275540829638197251
1275540953575460864
1275541424637743104
1275541430711103488
1275541526551166976
1275541535342292992
1275542154740469760
1275542168648716288
1275542458563264513
1275542507284320256
1275542748179787776
1275542899304935429
1275542909220032514
1275543241430052864
1275543253497061384
1275543271217827842
1275543406471602177
1275543623761788929
1275543918919086082
1275544264081059844
1275544428657012739
1275544943696719874
1275545036575461376
1275545273276731394
1275545388938911751
1275545473307283456
1275545745123352580
1275545997532295168
1275546286436093953
1275546818999451648
1275547130522984448
1275547373910069248
1275547763602853888
1275547852157210633
1275548397152468992
1275548510562258944
1275548735049736194
1275548808391335941
1275548879124074500
1275549365134917632
1275549684946178048
1275549970188210177
1275550081626841091
1275550363588976646
1275551029531160582
1275551197932466177
1275551201522847750
1275551226923450373
1275551509871235073
1275551562962780162
1275551621020336133
1275551870807924736
1275551935408615426
1275551982435151872
1275552330382036998
1275552386145288199
1275552665888526336
1275552747043958784
1275552851196928001
1275553006726066177
1275553428534673410
1275553548638416896
1275553550807023617
1275554095370252290
1275554705498935298
1275554750562435073
1275554960105766912
1275556399456628738
1275556524186718209
1275557158852100107
1275557845552029696
1275557876912676864
1275557934324383750
1275557962942001153
1275557993103462400
1275558656302604289
1275559021420752897
1275559337340133377
1275559389240442880
1275559463408275458
1275559563639521286
1275559649626865665
1275559825099968513
1275559885674090496
1275560179195666432
1275560656691920898
1275561388010868736
1275561974244442112
1275562126141259785
1275562226741641228
1275562394421547008
1275562515636903938
1275562735028273152
1275562888380456960
1275562930721914891
1275563162125950983
1275563226969903106
1275563227896832001
1275563228773396483
1275563229670973441
1275563230774075398
1275563239942864896
1275563336055300102
1275563348256489472
1275563564602810369
1275563707154776064
1275563887279120391
1275564268239441923
1275564355346739202
1275564483755290625
1275564544732147712
1275565018302443520
1275565076209192961
1275565409027133440
1275565533878988802
1275565646584012801
1275566092597903361
1275566835165999105
1275567030813503490
1275567045241966593
1275567053395693568
1275567062157492226
1275567261714124800
1275567454673125380
1275567510390267905
1275567697674276866
1275567743715217408
1275568205549928449
1275568211300429830
1275568737756876800
1275568751925235714
1275568752101187584
1275568752403394560
1275568902299430914
1275569460611448833
1275569520330125314
1275570337338454016
1275570874117169152
1275571002987155456
1275571036927356928
1275571896575234048
1275572208832786436
1275572477175844865
1275572865962835976
1275572939111489536
1275573007906373634
1275573362073522179
1275573995891421185
1275573997707509760
1275573999011983361
1275574054968328194
1275574204981706753
1275575113707139074
1275575681225760770
1275576319544344577
1275576347029635074
1275576713611816960
1275576767617462272
1275577024577495040
1275577073176924160
1275577630046158852
1275577857549484032
1275577899907776513
1275578082678771715
1275578750378348550
1275578974379413504
1275579136413765634
1275579599469121539
1275579950960201731
1275580292233912321
1275580457002950656
1275580656458690561
1275581150816321537
1275581561476395008
1275581563179237381
1275581564076818432
1275581568191471616
1275581569181323264
1275581570179629061
1275581769924988932
1275582509548527617
1275582739497041927
1275582961157619714
1275583258646937608
1275583360228888579
1275584433752596482
1275584434050412544
1275584810434662401
1275585060821843968
1275585134952157185
1275585236819116032
1275585478604046338
1275585790588968961
1275586280345255936
1275586422876110848
1275587035408076801
1275587264924594177
1275587480348168192
1275587560782401537
1275588364398403584
1275588447948980229
1275588487501303814
1275588561711116288
1275588564408041473
1275588566219964416
1275588567251763203
1275588570997293056
1275588572804939776
1275588573694242817
1275588574860148737
1275588868604071936
1275589227699470337
1275589661260419072
1275589701211168769
1275589737202487307
1275589842634596352
1275589843804815360
1275590050894544897
1275590069273968640
1275590164430106625
1275590261175918592
1275590479602692096
1275590635903426560
1275590753738207232
1275590865218650112
1275591833041674243
1275592705570193413
1275592893311389702
1275593089902493696
1275593195951398914
1275593697384636416
1275594081247399937
1275594654235406336
1275595055550525440
1275595075591045120
1275595383826198528
1275595624990175237
1275595888245657600
1275596400445788164
1275596550392160257
1275596856576413696
1275597270554152966
1275597414590828545
1275597614277365761
1275598007468281867
1275598188381167620
1275598233885179906
1275598501271961601
1275598521484234752
1275598605794107393
1275598706772004872
1275598905259036672
1275599157995200515
1275599232548909057
1275599496471285762
1275600046835163142
1275600988410429440
1275601107427954689
1275601550329683968
1275602862878478336
1275604075925499904
1275604610510491649
1275604641775079424
1275605100980043778
1275605451330260993
1275605586638446592
1275605721439244289
1275606078147956737
1275606180312866822
1275606308247556096
1275606907944828930
1275607275240128514
1275607467909623810
1275607651112546309
1275607759476621312
1275608318447411200
1275608434109538304
1275609456353607681
1275609595038306305
1275609633030316032
1275610295608717312
1275610414693449729
1275610531592839169
1275610891971592196
1275610926696345604
1275611788101500928
1275611793067577345
1275611929940316160
1275612040133054470
1275612127299059715
1275612281322250240
1275612774803083264
1275612831359143937
1275613060628021249
1275613219843948548
1275613224214433792
1275613313095946242
1275613391877541890
1275613770501545985
1275613829146132481
1275614071824367616
1275614138438283272
1275614950669586436
1275615460382433281
1275615629584805888
1275615707548524548
1275615822430470145
1275615908359266304
1275615997991452675
1275616051334721539
1275616276757442560
1275616713988616193
1275616910575427585
1275617047267946501
1275617675360813057
1275617685678817280
1275618124063268864
1275618329965686784
1275618786771529728
1275618873795121152
1275619711460483079
1275619923683917824
1275620093012017152
1275620564552605703
1275620573587144705
1275620656449757186
1275620780102082560
1275621094393774080
1275621349525000192
1275622170069106688
1275622392077877249
1275622480049250307
1275624159444455424
1275624448830234626
1275624677185138693
1275625457547988994
1275625775115513856
1275626967564464129
1275627102885289984
1275627267352387584
1275628051787849730
1275628126601646080
1275628167894642688
1275628506848862209
1275628544631156737
1275628619000356864
1275628849972346880
1275629020487573504
1275630128828043264
1275630265117917189
1275630296008814593
1275630636494135296
1275630803633012737
1275630830048759814
1275630867642224640
1275631252452900870
1275631497681137664
1275631501564993536
1275631502508740610
1275632154446266368
1275632235371270150
1275632802827034624
1275633512704589825
1275633533307011077
1275634175090003973
1275634816168460289
1275634856001748994
1275635003657986049
1275635877121794053
1275637254946459656
1275637552192634880
1275638056419160065
1275638066712059905
1275638147716722689
1275638160786153472
1275638205900038146
1275638302763298816
1275639525579128832
1275640444408512514
1275640550356586496
1275640755403608065
1275641564002430976
1275641772186775554
1275642078270312455
1275642298567741441
1275642530097500160
1275643271365251072
1275643474222645249
1275643486700797955
1275643797158969349
1275643797532291073
1275643807724441607
1275643852754485250
1275643932475604993
1275644062536806400
1275644814747467776
1275645561832648706
1275645730506637314
1275645767118618625
1275645859573780480
1275645982772998146
