1267674835422978049
1267674917127901184
1267675814780436480
1267677291510972416
1267677977086590978
1267678563110539264
1267678672452038656
1267679339480563713
1267679630078533634
1267679832764268544
1267679873264476160
1267680735126839296
1267681657219317765
1267682152205910016
1267682285593210883
1267682392745095169
1267682418334535680
1267684356585394176
1267684795515092994
1267684950700101632
1267684980039221248
1267685266136891393
1267685452884185089
1267685881424510976
1267686048819183623
1267686201210830849
1267686291925336065
1267689407798063104
1267690500229926912
1267690793747144711
1267691816725426176
1267692303063199745
1267693050970636291
1267693497710075904
1267693535035363329
1267693817999704066
1267693956684488705
1267694020383453184
1267694449146179584
1267698345184649219
1267698441645436929
1267698775507771392
1267699249904566272
1267699730265575424
1267700382039519232
1267700398023864321
1267701022065078272
1267701173110398978
1267701244593766400
1267701284708073474
1267701634450194433
1267702708871577600
1267704171664375808
1267704386349752326
1267704716353515521
1267705450851643396
1267705856906444804
1267706044819615744
1267706145377943554
1267706196598894593
1267707090388291584
1267707168473714688
1267707409302196230
1267707924383752192
1267710619685277696
1267711677555830784
1267712663401967618
1267712943204061185
1267713906765594625
1267714049422303232
1267715031526973440
1267715535078330369
1267715718818041856
1267716109635026944
1267716237548761092
1267716507246759937
1267717281737515009
1267718568680075271
1267719036974108673
1267719516944920577
1267720628263686145
1267720646940901378
1267720842957541376
1267720845746716673
1267720918152949760
1267721037069922309
1267721376452018181
1267721800525516801
1267724003780767751
1267724624881758209
1267724705924087809
1267725550317187072
1267725701408534531
1267725989586616325
1267726375890321409
1267726414486396929
1267726471663157252
1267726505867726852
1267726573400141831
1267726607617318912
1267727486688931841
1267727675067490306
1267727733100023808
1267727937073221632
1267728001921421314
1267728274819612672
1267728417933287424
1267728418986024962
1267728423545270272
1267728513739763713
1267730155193147394
1267730907391279104
1267731443528224769
1267731446757601280
1267732394624376833
1267732707724984320
1267733289479090177
1267733724675764229
1267733960022425601
1267735764814700544
1267736309583339523
1267736934132133889
1267737578687660034
1267737801166127105
1267739174347685889
1267740939142881280
1267741171058569216
1267741239404707840
1267742515748167680
1267742767771521029
1267742896272420865
1267742909648027648
1267742933467488260
1267743643898535938
1267743762702315520
1267744761601044482
1267745096767856641
1267745098621685762
1267745832347942912
1267745876543508480
1267746158446690305
1267746637901774848
1267747119462518784
1267747424602411013
1267748441490243584
1267748445651001345
1267749298235748352
1267749598724055040
1267749631385128960
1267749666633940994
1267750010910900229
1267750558632378368
1267751034350338053
1267751932858335232
1267753002032492544
1267753453612302337
1267754533058482176
1267755052162310145
1267756386420744192
1267756534953652230
1267757020846981120
1267758176243515392
1267758319613218817
1267758661272829954
1267759076659920896
1267759748788686849
1267760194668212225
1267760686605766656
1267761409061863425
1267761798406602752
1267762093891166209
1267762518795091968
1267762861666959362
1267763333509382145
1267763472886095872
1267763731078971393
1267763776352251907
1267763883416190976
1267764245430546432
1267764280746631170
1267764796449083398
1267765047457169408
1267766092006666241
1267766676344303619
1267766932561899520
1267767194378571777
1267767664937701382
1267767778276265984
1267768184884477957
1267768513533362181
1267768671344173056
1267768755871834113
1267768931139411972
1267769160844574721
1267769334295912448
1267771715829940224
1267771856385425412
1267772450403737600
1267772948330528768
1267773111325294593
1267773317907451904
1267773332872671232
1267774240914374658
1267774338557710341
1267774341665734657
1267774814888112130
1267775101484904450
1267775325603274753
1267775519329783815
1267775802059472897
1267775810825416704
1267776090640089088
1267776240619941888
1267776243245572096
1267776279178248192
1267776356680708096
1267776474192523266
1267776973117566976
1267778573810761730
1267778591091232769
1267778746469085184
1267779905829376000
1267781195670183936
1267781494421876736
1267781662554931201
1267781870948880384
1267782253310095360
1267782274633699330
1267783308747796480
1267784353637183488
1267785336966479872
1267785384764887042
1267785538016174080
1267785808481792000
1267786008604573701
1267786430488641537
1267787368389623809
1267787880388333575
1267788133699129344
1267788267593830401
1267788336258863105
1267788500088360961
1267788529054224386
1267788877617434630
1267789153887977476
1267789209773002754
1267789235949580289
1267789264256929792
1267789356661723138
1267789879234174976
1267790099456065536
1267790836974129154
1267790870583169025
1267791118659395585
1267791205229686785
1267791208954257408
1267791209998606336
1267791348503101442
1267791454291853313
1267791793913028608
1267791894920093698
1267791978177138689
1267792050239483908
1267792153268367361
1267793486847205378
1267793981963993088
1267794066294669312
1267794450035720194
1267794899816067074
1267795887125905409
1267795984018558977
1267796243385737217
1267796305503490049
1267797132326703108
1267797623202738177
1267797916552495104
1267798125206536193
1267798176733564934
1267798252503437312
1267798253749202950
1267798852104486913
1267799581863096321
1267799599076515840
1267799692269752328
1267799803225874432
1267800000903483393
1267800083023740928
1267800201911296000
1267800249218797570
1267800249302728704
1267800270278295552
1267800583685242880
1267801218400825344
1267801290186334210
1267803185525243909
1267803837630484481
1267803898615672835
1267804976790802433
1267805673510797312
1267805714820616193
1267806010888138752
1267806427164393473
1267806432684015616
1267806442720878592
1267806446437031941
1267806937959165952
1267807376066990083
1267807383356616706
1267807793383460866
1267807884638932992
1267808186733678592
1267809134436630529
1267809936748224517
1267810063458152448
1267810442036027393
1267811018433949699
1267811164047753216
1267811678420271107
1267812948996653056
1267814166590484485
1267814306185228288
1267814364578328577
1267815948930609152
1267816103658618880
1267816270184845319
1267816541552128009
1267817002908844033
1267817427213012994
1267818284239343620
1267818404192284674
1267818503769214980
1267819017940512768
1267819042347216896
1267819371071631363
1267819559861415937
1267819644905074689
1267819706401959937
1267819950464397319
1267820468540596226
1267820833910611971
1267821322924552198
1267821403648086025
1267821544853532677
1267821755852140547
1267822031917072384
1267822085490892806
1267822423233015810
1267822772601815041
1267823050285707284
1267823077108314112
1267823129503494146
1267823680098144258
1267824229472333824
1267824558087626753
1267824569244516354
1267824615490895876
1267825400094142464
1267825526128865281
1267825875447238657
1267825946045775872
1267827327385272321
1267827341452955651
1267827494469562370
1267827859659186179
1267828199947268096
1267828201184571392
1267828202392530949
1267828539039944705
1267828690601177088
1267828970738733062
1267829040720646147
1267829137219022848
1267829993096151047
1267830299402006528
1267830831810109441
1267831131552038913
1267831172228243457
1267831267753689089
1267831464629944320
1267831612546441216
1267831684461850624
1267831721954873345
1267831894495854597
1267831919795937280
1267832260994183168
1267833230540955648
1267833369909497856
1267833561903751169
1267833585559638017
1267833609995481089
1267833824920039426
1267834118697627649
1267834215686684672
1267834291259670534
1267834455860879360
1267834799810543616
1267836086035890177
1267836137587916801
1267836841312636936
1267836851349577729
1267837621193015296
1267838018087350272
1267838045304299520
1267838070927343616
1267838243447255040
1267838599808065536
1267839077283442690
1267839856316727296
1267840720209088512
1267840925939580928
1267841094387204098
1267841149366132740
1267841672454561794
1267842430428200961
1267842964220452866
1267846333349588998
1267846357009567745
1267846480611676160
1267846597670514689
1267847176249540610
1267848333608906752
1267848754884947970
1267848879879475203
1267849124386390017
1267849227159212033
1267850269871742976
1267851101031677953
1267851102113808385
1267852458258124801
1267852800563613696
1267853572798111746
1267853857373196290
1267854341811175424
1267854583314989056
1267854732376317953
1267855531261284352
1267856102777073672
1267856218053316610
1267856693276401666
1267856778596941824
1267856895932395520
1267858860729143298
1267859701393494016
1267860599146450944
1267860894790418433
1267861021382901761
1267861636863283200
1267862372959559682
1267862461065068546
1267863032438435842
1267863141804847104
1267863677329383428
1267863682664497157
1267863843318960130
1267864169979707394
1267864260580966400
1267864824643571718
1267864896156372993
1267865010732220416
1267865285660487680
1267865628410593283
1267865732068470784
1267865826226388998
1267865842341105666
1267866079348613120
1267866147308941312
1267866197808214016
1267866199003557888
1267866200479944711
1267866209929670657
1267866595298181121
1267866685899407364
1267867084974886913
1267867277409558528
1267868129155309569
1267868134037352449
1267870062758760448
1267870361632346112
1267871741298110464
1267872279016419335
1267872965510782976
1267874472884871168
1267875871832104961
1267876402071605249
1267876616534986756
1267877174910083074
1267877383983566853
1267877586010624007
1267877722203869184
1267878093986959361
1267878364574027777
1267878726462844931
1267878976699150336
1267878993300258816
1267879142801866752
1267879500261588994
1267879837101895689
1267880030648127489
1267880030903861249
1267880639715397633
1267880794871169025
1267880850474954752
1267881429280555008
1267881580573405184
1267881822727389184
1267882430003896320
1267882806526578688
1267883285318860804
1267883696985702400
1267883774450130947
1267883777658847233
1267883985700564994
1267884184493797377
1267884605920759809
1267884652884189185
1267884708056240129
1267885084704727043
1267885333972041728
1267885351911088128
1267885581528268801
1267885694640287744
1267886538018500609
1267886718285254656
1267886747481968641
1267887089284079618
1267887219219542018
1267887392805060609
1267887484031164417
1267888201047343106
1267888536541429764
1267888554107158533
1267888555675828226
1267888669895122944
1267889292677971969
1267890087863476238
1267890241026658304
1267890388234371086
1267891449611407361
1267891615869235200
1267891869947539456
1267892981098524675
1267893253472428033
1267893458238308352
1267893790293069824
1267894264786087936
1267894418922778626
1267895256554618892
1267895422498021383
1267896309475917825
1267896411015831554
1267896442842222593
1267896539977924608
1267896609519611904
1267896997861826560
1267897282470588419
1267897524335108097
1267897845752967175
1267898116604379139
1267898830537797635
1267899216493412354
1267899885526884353
1267900879253970944
1267900899864739843
1267900977606266886
1267901427722194945
1267901685948493824
1267902134068051968
1267902172454363137
1267902354097090561
1267902805206958081
1267902925084348418
1267902972543074304
1267903771306348547
1267903902713810946
1267904124944703488
1267904189876908032
1267904430218846251
1267905236447956993
1267905502412967937
1267905697586515973
1267905711515697155
1267905940214419458
1267906206414168065
1267906445288321027
1267906662389755906
1267907107749232642
1267907230592110592
1267907518036168706
1267907788241383424
1267908258158821381
1267908445862232068
1267908858367946753
1267908905964879874
1267909012445638664
1267909428625518597
1267909615905394688
1267909733358460928
1267910119007887362
1267910341826142211
1267910550325014528
1267911502679273472
1267911504428318720
1267911505468514304
1267911505946673152
1267911508362555395
1267911546086273026
1267911786122051585
1267912063894138882
1267912324922454019
1267912400021454849
1267913038549704705
1267913842744610817
1267914087192821760
1267914220777222144
1267914520472645635
1267914694771302403
1267915430447869952
1267915819998162945
1267916908403331073
1267917208535040002
1267917239023517696
1267917242139914246
1267917260313833473
1267918598628167681
1267918676302299136
1267919180126392323
1267919218315583493
1267919797649629187
1267920203104518144
1267920422814863360
1267920601513164801
1267921337953259521
1267921770897502208
1267921977769185280
1267922030483181568
1267922075769069570
1267922267322941440
1267922902281785344
1267923793307144192
1267924090578366464
1267924459492651009
1267925416439881730
1267926486419255297
1267926486683537409
1267926488071811072
1267926695132180481
1267926781417394179
1267926855396528129
1267926874044411915
1267927741044752390
1267927985509642241
1267928754074066945
1267929400206594048
1267929658294599680
1267929923924250624
1267930937842642944
1267931876154540035
1267931889119031296
1267934305579384836
1267934355055353857
1267934575298318338
1267934723260551168
1267934964609437696
1267935026060169219
1267935031852363776
1267935294147485697
1267935800261595138
1267935812387250177
1267936600157290502
1267936951178539008
1267937103498928139
1267937794632097794
1267938053684965381
1267938244513202178
1267939247299932168
1267939519585751043
1267940100110942208
1267940204201086977
1267940414767726592
1267940974782644230
1267941334863630341
1267941335702532096
1267941338009354246
1267941339980689408
1267942522623610880
1267942703678947330
1267942854145576960
1267943447509401600
1267943508112900097
1267944515513585670
1267944711857278976
1267945509777358849
1267945835628769282
1267945941027315714
1267946523498700800
1267946860066623488
1267947103977783297
1267947233904861187
1267947361390616576
1267948290382770176
1267948910703710208
1267949372811116545
1267949957446844416
1267950227715170305
1267950237144043521
1267950985445625861
1267950987572060160
1267951102315638785
1267951298470649858
1267951311934406658
1267952191593222144
1267952433461972992
1267952896836079617
1267954786810253314
1267955029870288898
1267956295115501569
1267956296264769538
1267956297363632130
1267956298072518656
1267956299251060736
1267956311817322498
1267956957677264898
1267957091899146241
1267957802456113158
1267959662822985730
1267959691763568640
1267959732150681600
1267961318792929282
1267961480395190272
1267961755294208000
1267961948714360832
1267962654003511301
1267962938339454976
1267964771581571072
1267965078009192448
1267965317004898305
1267965495870980097
1267965506969108480
1267965610870390784
1267965704776507392
1267966624159502341
1267966989793783809
1267967042163900416
1267967236729380865
1267967259504447499
1267967499208802304
1267967529835728900
1267967654016450563
1267969041349488640
1267969231578169350
1267969683904499719
1267970008686055425
1267970161119645696
1267970470441181185
1267970514141581313
1267970597667123204
1267970718903476225
1267970818555985921
1267970896553054209
1267971140707856392
1267971356194271233
1267971534871658496
1267971535781769219
1267971927076995077
1267972074074705920
1267972089383989249
1267972569677914112
1267972836641120256
1267973941840273411
1267974227979841536
1267974319562522625
1267975920301809668
1267976200481312768
1267976725914193920
1267977077975683072
1267977270855118848
1267977399725064196
1267977529207541765
1267977832686370818
1267978064958349317
1267978067680477184
1267978071094616065
1267979594805714944
1267980973100195841
1267981115513622528
1267981617554952193
1267982116329000961
1267982316690948096
1267982968070574081
1267983222224195584
1267983765810417666
1267983887633756160
1267984026998054914
1267984126382149632
1267984680260952064
1267984730500272133
1267985042279591936
1267985459315081224
1267985990498451456
1267986005182894081
1267986291800657920
1267986365293068296
1267986366442299392
1267986367495069696
1267986369965461504
1267986372222242816
1267986780609003523
1267986887408484352
1267988130575069184
1267988152519663621
1267988486805651463
1267988541306482688
1267989455778045952
1267989873430089740
1267990070721740800
1267990326771240961
1267990384468037632
1267990750903574528
1267990785623912449
1267991388693630978
1267991474572013573
1267991650447454208
1267991903812739074
1267991926814453760
1267992672255475719
1267994417757118471
1267994526234411008
1267995051512102912
1267996759722205185
1267998640095846401
1267998739328835584
1267999904418406400
1267999974715011073
1268000762682060800
1268001237515022343
1268001266103398401
1268001341281951744
1268001343140057090
1268001343769153536
1268001344217952261
1268001345224634369
1268001345409183745
1268003301406027781
1268003519040192519
1268004385025519616
1268004506861789188
1268004676462657538
1268005173873516544
1268005187974815747
1268005591433216000
1268006029939429376
1268006461990481920
1268006509268676608
1268006544425267201
1268006636372852736
1268007448498941952
1268007514198679552
1268007787520548866
1268008451835387904
1268009179123351553
1268009219933929473
1268009266113318912
1268011031844081666
1268011428943986688
1268011854003044352
1268012062715842560
1268013554701131778
1268015335430635522
1268015885295501314
1268016189764014081
1268016190758121474
1268017583116087301
1268017639596724225
1268018977948614658
1268019280647421952
1268019319918788608
1268019369302470657
1268020298219171843
1268021022386720769
1268021712274235399
1268021863244091393
1268022806853402626
1268023740039753729
1268023788429606913
1268024963258363910
1268025539870294016
1268025673496625153
1268026357004582913
1268026484624629765
1268026545764884480
1268027076885598208
1268027307287068673
1268028064740642821
1268028401274814465
1268028842263719936
1268029619195822081
1268030282545999875
1268031537531858945
1268031621623668737
1268031627243945990
1268031724530937858
1268031914381733888
1268032483007836161
1268033525191753733
1268033845766619139
1268034087907987456
1268035041453420546
1268035789646159873
1268035920680361986
1268036039051894786
1268036991943229440
1268037195853692935
1268038480917078016
1268038508402421771
1268038539566071809
1268038671015403520
1268039292368101378
