1243421166372438020
1243421891357863936
1243422441063383040
1243424043048394752
1243424057359400960
1243424553918840832
1243425340531167233
1243425779414732803
1243426281548419074
1243428145908203520
1243428259250835458
1243428536117071872
1243428872688996352
1243429563675185152
1243429893108629504
1243430096574328832
1243430369384431617
1243430755826642946
1243431385844649984
1243432056304152576
1243432685655265281
1243433731186143232
1243434336080343042
1243435190539751425
1243435241055928320
1243435676915425281
1243436198397435904
1243436207897526273
1243437301298069505
1243437527807209472
1243438500550230017
1243439048867418117
1243439167100649473
1243439211602206720
1243439473234452480
1243439501067853825
1243440091772706816
1243441325896327169
1243442128707035136
1243442213230653440
1243443573455851520
1243443809767358465
1243443848849821696
1243443850573578240
1243444233169747970
1243444696569036800
1243445131539361794
1243447793085267969
1243448064133775360
1243448870534856704
1243449140593516544
1243450005299625984
1243451060813004800
1243451157911085056
1243452036189995009
1243453114797211648
1243453556943978497
1243453582025900034
1243453777312722944
1243454612264218628
1243455606821879808
1243455803547430916
1243456034108248064
1243456556382986240
1243456741452333057
1243459183137247232
1243460199089868800
1243461813993451520
1243462271306792960
1243463581259235329
1243465271232339968
1243465344397737984
1243465481245335553
1243465873941299201
1243466062353575936
1243466203605143552
1243466755458072576
1243466865898328064
1243469007048630272
1243469506644783105
1243470812616613888
1243471023347040256
1243471870424494080
1243471953668825088
1243472370091929601
1243472982758117382
1243473551547666432
1243473660289134592
1243474340466896896
1243474816033853440
1243474983986384899
1243475890807476224
1243476808462487552
1243477063794819075
1243477590825996289
1243479171134865408
1243479515298443264
1243479863895482373
1243480314900623360
1243482022607122432
1243482633495027713
1243482697864851461
1243482808812630018
1243482827385196545
1243483369029206018
1243484151753265158
1243485500851335168
1243485510246563840
1243487514817630210
1243487829428260865
1243488387249647616
1243489064927576064
1243490670737842177
1243491405768654848
1243491828269109250
1243492116669423618
1243492839717208067
1243492928657534976
1243494019319152642
1243494106162253824
1243494585273397248
1243496187619168257
1243496894703079424
1243497051612217345
1243498080391102465
1243498108337754113
1243498310767443970
1243498681783013376
1243500138741370880
1243502126438838274
1243502191530446855
1243502212149542913
1243502692917444618
1243502729474998272
1243503716893892608
1243503746061131777
1243503760602738688
1243504012810489860
1243504824349536256
1243505273337253889
1243505657833312257
1243505819599220736
1243506468764225537
1243506718111301633
1243507189324578816
1243507927740268544
1243508122993471489
1243508513651003392
1243509535416950784
1243509567847366657
1243509891379183623
1243510002469482496
1243510267620753408
1243510546361651201
1243510681242140672
1243510828202147840
1243511154548375557
1243511925805387777
1243513296197693441
1243513304930308096
1243514852745740290
1243514990377787393
1243515243969622023
1243515327394320385
1243515560593367041
1243516355321761796
1243516732188381184
1243517047503536129
1243517258615476224
1243517366484512769
1243518128396656651
1243518185183141889
1243518289701146630
1243518295736823808
1243518913306075139
1243518993375338496
1243519083188027393
1243519113097592835
1243519402152263680
1243519541998690305
1243521138950656002
1243521273034145796
1243522166072672256
1243522351871950848
1243522359459487749
1243522425310064641
1243523101566083072
1243523198181834753
1243523224626921472
1243523625040240645
1243524068068012034
1243524202642026496
1243524664300879875
1243525018081951750
1243525161728512005
1243525244738064388
1243525379408576512
1243526058932088833
1243526309487284224
1243526508205027328
1243526604011253763
1243527008484818944
1243527476007120900
1243527511620886528
1243527824922869761
1243528236786765824
1243528421822644224
1243528732213682176
1243529180354150401
1243529861798539265
1243529912050503680
1243529994632138752
1243530347477905409
1243530388657635328
1243530391048179714
1243530935687090176
1243531295252189184
1243531308137091072
1243531509711155200
1243533373416648704
1243533409718341640
1243533498973130752
1243533874228944897
1243534161064775681
1243534358524375045
1243534375356190726
1243534486475812865
1243535286879105026
1243535436343136258
1243535458262532096
1243535530324832256
1243535586612445184
1243535649875075072
1243535688303169536
1243536102880956416
1243537726558875648
1243537743491272708
1243538111784681473
1243538574278119430
1243539264207544320
1243539743163416577
1243539861153423362
1243540410213023753
1243540430513373192
1243540870596624393
1243540954948276229
1243541150591574016
1243541267411320836
1243541708568252427
1243541975879614466
1243542200388026369
1243542347700461573
1243542747748974594
1243543120383545344
1243543475997605890
1243543632122130434
1243543926545485827
1243544046234218500
1243544446203039747
1243544533012566021
1243545157024321536
1243545293842526242
1243545454563995649
1243545620989775872
1243546114524983302
1243546378422439937
1243546490116677640
1243547647694249992
1243547729156026370
1243547863939940352
1243547868209778691
1243548030349053954
1243548168006090753
1243548287073992705
1243549579229958144
1243549730145210369
1243550075512442880
1243550361123721218
1243551199439106051
1243551311460798465
1243551612146257922
1243553425578737666
1243554003373391873
1243554288384839686
1243554488255905793
1243554802031878145
1243554922957864965
1243555275862401032
1243555547510484992
1243555650258567181
1243555713579966473
1243555857700446209
1243556612381511680
1243556625064923138
1243557184547573760
1243557647628066817
1243558135119446021
1243558167184838656
1243558390154043392
1243559799654166530
1243560009264443392
1243560174046130177
1243560489046749194
1243560658316283904
1243560687068155904
1243561081840103424
1243561915730796544
1243562564178624516
1243562662786727938
1243563407506378752
1243563517724278786
1243563673370714112
1243563953936117763
1243565856614948864
1243566052908380166
1243566071212396545
1243566180859891714
1243566635300130817
1243566688869679104
1243566809887862785
1243566894256287744
1243567062284414976
1243567303259815946
1243568075070414848
1243568876773916680
1243569401795936261
1243569609078460416
1243569698194829319
1243570977881104387
1243571513548300293
1243571930990612481
1243572847173394433
1243573108075880450
1243573526696587264
1243573765851811840
1243574066314870789
1243574876654448640
1243575167877558276
1243575422081806336
1243575484115341313
1243575512636755970
1243575780367532037
1243576092008513539
1243576203828748288
1243576346254729217
1243576619077382145
1243576906420756480
1243577094053007360
1243577273267044353
1243577531590213632
1243577758321537024
1243577765821120513
1243577823769616384
1243579282565271552
1243579297878638594
1243579525083975680
1243580084449132544
1243580312564662272
1243580707617767424
1243580825523965953
1243581818579963905
1243582009877856262
1243582736423702528
1243582794556526592
1243582849162371073
1243583637955674119
1243583676325257217
1243584744157261828
1243584792785907714
1243585578060390400
1243585731097919488
1243586502526984193
1243586679673434112
1243587231438245888
1243587671206830080
1243587717264523264
1243588257905963009
1243588257905963009
1243588257905963009
1243588398524313600
1243588985995137024
1243589098146856963
1243589419807932418
1243589451944562689
1243589931970117633
1243590122454634496
1243590185042022401
1243591847370543105
1243591901686751232
1243592125284880384
1243592366860058629
1243592807836778497
1243593367113662464
1243594451555155971
1243594785782484996
1243594900823855106
1243595433282322440
1243595469114060800
1243595574303219715
1243596052076408836
1243596793008369664
1243597082302263300
1243597096252571659
1243597435957587969
1243598637332074497
1243598699802042370
1243598844690083843
1243599037607096321
1243599415132262405
1243599430470819841
1243599911083479041
1243599938929537035
1243600229653344256
1243600407336611841
1243600825827627008
1243601225389662208
1243601577736376322
1243601743851794439
1243601829340028928
1243603062217936896
1243603307081465857
1243603458697179137
1243604511509434371
1243604604060925952
1243604612378234880
1243604980348727296
1243605065329491969
1243605372377546752
1243606276959096833
1243606308202242048
1243606322026885130
1243606577841614850
1243606763766722560
1243607272250642433
1243607916940275712
1243607989375971328
1243608328757968897
1243608391995531264
1243608426695049218
1243608459469369345
1243608954388742147
1243609538915229701
1243609550621679617
1243609672403136512
1243609993523404801
1243610310520471555
1243610331211071488
1243611046495113218
1243611101121646594
1243611390503538689
1243612047625109510
1243612188046168072
1243612338579800066
1243612480812789767
1243613302149787651
1243613921526808585
1243614593806667776
1243614932479946756
1243615275074891777
1243615609151160321
1243616025981173762
1243616134034751489
1243616522041536515
1243616608280547329
1243616915819565059
1243616920169054208
1243618473135259649
1243618563115692040
1243619806143807488
1243620213238771714
1243620610447683584
1243622261451632640
1243622813879209984
1243623060063891462
1243623296714674176
1243623347784765443
1243623935356342273
1243624455508619264
1243625442843688961
1243625505728987136
1243625642135924736
1243625754585415680
1243625776316112896
1243626159797088260
1243626370862891013
1243626637486444544
1243627024108814336
1243627608379539457
1243627904094941185
1243628307087753226
1243628686093369345
1243629209236516865
1243630120696512518
1243630777067278336
1243631285245009920
1243631599020843008
1243631880315887618
1243631890294345730
1243632153310699520
1243632654106288128
1243632761031852040
1243633402441596931
1243633426898595841
1243633638597709825
1243633794504146944
1243635018708156417
1243635225411956737
1243635901454000130
1243636010052915208
1243636462739996672
1243636608483487745
1243637506349903874
1243637546753691651
1243638695833604098
1243639227658776583
1243639227973357574
1243640310095327234
1243640863957213185
1243640913882157064
1243642166192361474
1243642450062671873
1243643049114247168
1243643130097745920
1243643432024690688
1243644224190496771
1243644391757090816
1243645317742047232
1243645590564753410
1243645654360039435
1243645779652349952
1243646113506304002
1243646147794788352
1243646822406635520
1243646920096198657
1243647086190571522
1243647520523399168
1243649438079430660
1243649809074008069
1243649871590174720
1243649901134860290
1243650347350048770
1243650534894006272
1243652479377723392
1243653087237148672
1243653175229534208
1243653599449628674
1243653863237922816
1243654164829306882
1243655798645043201
1243656275201851392
1243656638235660288
1243656993371553793
1243657025181102087
1243657529286066176
1243657854118236161
1243658032048816128
1243658119324078083
1243658356683714565
1243659282874277891
1243659386196766722
1243659488164548610
1243659832533618691
1243659891216130049
1243659925055836160
1243660411473362944
1243660527395454976
1243661606346784775
1243661873330913283
1243662428103159809
1243663428792836096
1243663590172823552
1243664108987219973
1243664614455488517
1243664804306452480
1243665480688246786
1243665785832292355
1243665896348028929
1243666121699536897
1243666333784592387
1243666472477614082
1243667580335906828
1243667707024879616
1243668094192685058
1243669852486844420
1243669883063238656
1243670956624637952
1243671430249807873
1243672018643542020
1243674123575988224
1243674368850505729
1243675906947846149
1243676669631741952
1243677742656376832
1243677743214219265
1243677746062073856
1243678523665125377
1243678759972147207
1243679667632115712
1243680893434130432
1243681583636324352
1243681750145994759
1243682621093302272
1243683228428521475
1243683409173581825
1243683643803029505
1243683674488475649
1243684326002298881
1243684549005017088
1243684583104708608
1243684986944983040
1243685049821732866
1243685165215424512
1243685437501321217
1243685933125447680
1243686328363036675
1243686556344303617
1243686622635479045
1243687412632408064
1243687428038316035
1243687882658910208
1243687949566435328
1243688250209972225
1243688699684102144
1243689182926692357
1243689186269552641
1243689533771788288
1243689568618123266
1243690162258956293
1243690449149349890
1243691063329554433
1243691144246169600
1243691254778449921
1243691373330681857
1243692177089323009
1243692282227949568
1243692361529475072
1243692865827504130
1243692871451959296
1243692926930235393
1243693210796515333
1243693572643225602
1243694114878570496
1243694193488408576
1243694856171651076
1243694917383225345
1243695206479749120
1243695628670185477
1243696114634612736
1243696518441254912
1243696785073332225
1243697838263074816
1243698523205447682
1243698845525164032
1243699038471385093
1243699156260024320
1243699178133479424
1243700984825753602
1243701299159457803
1243701461940240386
1243701468898746368
1243701566579732482
1243701718635835392
1243703013979586567
1243704258421239810
1243704872287043586
1243704887973761025
1243705228211490817
1243705916345769991
1243705954790715393
1243706738685227008
1243706795077623808
1243707058794516480
1243707074959335425
1243707473451790336
1243707520507621376
1243707853594124289
1243708302787325954
1243708672250912770
1243708803608125440
1243709164834209801
1243709662073171969
1243709709405827075
1243709737117593609
1243710564305719296
1243711135372713984
1243711627762925569
1243711754405908486
1243712018416201728
1243713603804499969
1243713878996942848
1243713940351303690
1243714718289866753
1243714980979097600
1243715004362350594
1243715202341720064
1243715614453174272
1243716761142333444
1243716956806623232
1243717630260846593
1243718421205958656
1243719107620376576
1243719407794257921
1243720819374784523
1243721973353644033
1243722471423053824
1243722522685616129
1243722795617603590
1243723013314379776
1243723030171451392
1243723410645176321
1243724142739849216
1243724865653231618
1243724916068962313
1243725076781920257
1243725258403860480
1243726299555913728
1243728126783426560
1243728212422586370
1243728807644688386
1243729711282507776
1243729988307779589
1243730512125947906
1243732011484884993
1243732527744860160
1243733643165675521
1243733938725519360
1243733959051264000
1243734895521865729
1243735535014817792
1243735817102610434
1243736674166886406
1243736832992477185
1243737018070446086
1243737336535375872
1243738491311329281
1243739229991116802
1243739656354770945
1243741381648158727
1243743484852535299
1243743692927754244
1243743938017558528
1243744048139112448
1243744123498246147
1243744751339347968
1243745292739948546
1243746206569738241
1243747003399573504
1243747251564019713
1243747561904713729
1243748152924090368
1243748197597618176
1243748729879957505
1243749973755379718
1243750910427312129
1243751943924785152
1243752137554898945
1243752946631835648
1243753432856629249
1243754687318409216
1243754700442386433
1243754713247625217
1243755555308609537
1243755889711964160
1243757021436010497
1243757705573150720
1243758920725905408
1243759361459015680
1243760275045703681
1243760966099238912
1243761574583644161
1243761594108203008
1243762022023598080
1243762329700859906
1243762865519108096
1243763315412787205
1243763625820635138
1243763958214844421
1243764527797284865
1243765132976685059
1243766254399180802
1243766495680892928
1243767765623767040
1243768277450416128
1243768673405452288
1243769389670948867
1243769982590296065
1243770212626755586
1243770509508124672
1243772027539845122
1243772140148666368
1243772152731615233
1243772608769921024
1243773388071538688
1243773864678752258
1243774906917101568
1243775374707896321
1243779196008226816
1243779213586464769
1243779368020668416
1243779477190008834
1243780735493976064
1243781050704318465
1243781907369693187
1243781963649081345
1243783018604625921
1243783317373227009
1243783478291955712
1243784998060265472
1243785029114892288
1243785252742598657
1243785878692155392
1243786291684290562
1243786303398989824
1243786545368305669
1243789217819512834
1243790835197640705
1243791181454225409
1243791478977069057
1243792209549373442
1243793573272866816
1243793992665444352
1243794264867459072
1243796675149418496
1243798543246266368
1243798701602111489
1243798796632387584
1243798854778130433
1243800249543639040
1243801230138318851
1243801301303078912
1243801320814870533
1243801734088138752
1243802626287960065
1243802670403670016
1243802784144797696
1243803205169004548
1243803510422069248
1243803765880295424
1243804414147792897
1243805141737693184
1243805214806769665
1243805412731891713
1243806686575562752
1243806909125328897
1243807783402844167
1243807905662611456
1243808087309516801
1243808670514843648
1243809584965435392
1243809718230974465
1243809802217648128
1243810758498148352
1243811229048672256
1243811249219084293
1243812327499186177
