1241930135634424035
1241931574251315200
1241931632703082503
1241931846251773952
1241932002338713600
1241932480137039873
1241934078057816066
1241934466576236547
1241935465483317251
1241936301395501056
1241936892368650241
1241937003811426304
1241938562347601924
1241939063428517893
1241940170137464833
1241940959027326977
1241940959153270784
1241941121066033152
1241941131342106624
1241941852166684672
1241943057009905664
1241943442365784064
1241944267293167618
1241944817460011008
1241945437910831104
1241946869237940224
1241946936959270913
1241947294049742850
1241947560131973122
1241948149641601025
1241948372598169605
1241949662514421760
1241950918830166017
1241951245713235968
1241951279816949760
1241951615248195584
1241951650581020676
1241953457684328448
1241953544334442496
1241953657953964034
1241955178225504257
1241955800853164032
1241955879655800833
1241958683942293504
1241959992812621824
1241960270236463104
1241960551217008640
1241962227294445569
1241962504705708034
1241963155594579969
1241964089284481026
1241965511887339522
1241966433707249665
1241966589043519493
1241967139319406594
1241967240402079744
1241967428181131269
1241967669181628418
1241968287887568897
1241969156385320965
1241969191638401031
1241969371175620611
1241970569303789569
1241971258725670912
1241971591321464832
1241971616965447681
1241972188783300608
1241972323026186240
1241972622574919684
1241972814111838208
1241973611113701376
1241974803092910080
1241975323274760192
1241976542663790593
1241976575756832771
1241976947971960832
1241977391536316416
1241977795535867904
1241978395539517445
1241978440242409472
1241978560719577089
1241978800977707008
1241979054032592897
1241979639620341760
1241979907116339200
1241980404938297344
1241981488599572481
1241982686509428736
1241983468109791232
1241983904082464775
1241983917915136001
1241984318030766080
1241984539171438597
1241984823016804353
1241984890305949696
1241985606529531904
1241985766974197761
1241985944065961984
1241987800708182017
1241988753247408129
1241988952929820672
1241991300586635264
1241991548386115584
1241992210184273922
1241992488430252032
1241992851682181121
1241993176975642626
1241993822160240641
1241994722488410113
1241995321321959424
1241995423276990468
1241995476934819840
1241995993513631750
1241996051613171713
1241996074853810176
1241996289694478337
1241996302243770368
1241997381064851460
1241997756333424646
1241997812897853440
1241997862331994112
1241999357504880646
1241999650808385544
1241999977947095040
1242000459541426178
1242000981971341316
1242001078373187585
1242002733743378434
1242002811048595456
1242003500227321856
1242003802418487298
1242003808504254464
1242004986168557569
1242005254712881152
1242005574159675393
1242005671496896513
1242005916288835584
1242006109344464896
1242006575197368321
1242007359695794176
1242008128901779457
1242008223743463424
1242008499111882753
1242008585325985792
1242008624601456641
1242009871018373120
1242009898897911809
1242010570309668864
1242011164885876736
1242011364954013696
1242011729854431232
1242012495390310400
1242012754384498688
1242012905219870720
1242014251033800704
1242014797757112323
1242014877763416067
1242017844658868224
1242018327775641611
1242018483082162177
1242018575608668161
1242018669053579267
1242018882661093377
1242019035879014403
1242019451840561152
1242020375426408448
1242020653923958786
1242021445095641089
1242021740487811074
1242021914932961280
1242022286632333312
1242023270385360896
1242024056821596160
1242024346014662656
1242025886473388033
1242026872755507200
1242027476047421441
1242027537359949824
1242027664468316165
1242027908241252353
1242027913572057091
1242027925605498880
1242028476921720832
1242028559033610240
1242029650265677825
1242030005896568832
1242030375313997824
1242030990199005184
1242031570451607553
1242031868876374017
1242032107406471168
1242032197554581504
1242032676984455168
1242032814293385216
1242033218687295488
1242034218890407937
1242034866721619968
1242035149052788739
1242035476472594434
1242035804920299523
1242036143962628096
1242037592251486214
1242037932023840769
1242038271955406848
1242039218312011776
1242040020866908161
1242040065737580556
1242040240040222721
1242040336983220225
1242040413063700480
1242040416796540928
1242040827184132096
1242041159230410754
1242041236753534976
1242041730796531721
1242041919653449728
1242042821990846464
1242042902840213510
1242043139197673472
1242043192574427136
1242043623937576960
1242043639590780929
1242043680858529792
1242044166139523073
1242045032946970625
1242045444110327814
1242045966489919489
1242046107192037377
1242046179216629760
1242047037740384257
1242047233585012744
1242047241944215552
1242047289738346497
1242049411720663041
1242049741007052803
1242049957940600832
1242050059614601216
1242051261739888645
1242051390207336448
1242051926893703168
1242052585017794562
1242054039807950854
1242054414308798464
1242054747294773248
1242056447892107264
1242056462928678914
1242056492670476293
1242056588707463168
1242056608080957445
1242056862947778560
1242057298543095820
1242057391887101952
1242057510913224704
1242057578496045057
1242057919698554895
1242058262922416128
1242058378119122947
1242058711419543553
1242058741148762114
1242058824380489730
1242059415315836928
1242059415869698059
1242059552742391808
1242060607781842961
1242064188316385285
1242064581683556357
1242064791826505732
1242065192269291522
1242065247780864002
1242066782673870849
1242066839946985472
1242067709279551489
1242067818268499971
1242068804386951168
1242068807130255366
1242068812033404931
1242069646867562496
1242070015920107520
1242070423405236225
1242070597418524674
1242070713223335939
1242071216720162818
1242071482290835465
1242071569251422210
1242073212529397761
1242073400480235521
1242074069266202627
1242075131301765120
1242075219914895363
1242075620248449024
1242076294273212416
1242076381246349316
1242076515078221834
1242076568274366466
1242077048425906183
1242077376403693571
1242077426102013952
1242077428840718338
1242077453742493698
1242077957209894915
1242077994426028033
1242078082477031425
1242078563999731712
1242078613761150976
1242078827452477440
1242079324343349248
1242079446368235520
1242079493038243840
1242079499946274817
1242079529956446216
1242079552345604098
1242079666669830144
1242079889785643008
1242080603417305090
1242081108872871938
1242081135611514881
1242081178166779904
1242082153107804173
1242082226340122625
1242082423707443203
1242082489474170882
1242082836443795458
1242083466126045191
1242083909317414914
1242084668838563840
1242085047626276864
1242085100377870341
1242086550319411200
1242087502573338625
1242087774901153792
1242087808480817156
1242087891834208263
1242088487899275264
1242088848496066564
1242089269088284673
1242089446499123200
1242090275280953345
1242090331320942593
1242091046516994048
1242091617764413440
1242092305072431104
1242093420182532096
1242093933360013312
1242094139019350016
1242094443076993024
1242095414331015169
1242096199500533767
1242096365045518340
1242096701734883329
1242096761323339777
1242096921889714179
1242097285267427330
1242097311301472263
1242097695617146882
1242098220211322882
1242098578606227456
1242098877240692738
1242099293047140358
1242099509808766978
1242099972138565645
1242100333352026118
1242100632011468802
1242101010492989440
1242101188197265409
1242101216865325064
1242101229616082945
1242101270376321025
1242101881700331520
1242102823820701696
1242102860931837960
1242102981539102720
1242104071877799937
1242104299745837058
1242104596794925056
1242104736607875074
1242104791007887360
1242104815829815298
1242104820317683713
1242104900122632192
1242105040594243588
1242105295159074818
1242105468606169088
1242105750513737734
1242105854104604674
1242105862350659590
1242105901802303494
1242107018418274305
1242107442378440711
1242107894016937984
1242108169310134275
1242108401846542341
1242108533040087047
1242108747427778568
1242109457959661568
1242109690051428360
1242109690726821889
1242109714105860096
1242110383403552772
1242110825126662156
1242111443157188608
1242111674477416450
1242111725383618560
1242111822389489671
1242111910008545280
1242111959350366218
1242112043232223232
1242112518199353344
1242112576768684034
1242112896848596994
1242112899880857601
1242113040323092487
1242113270141632513
1242113580763435010
1242113911257628672
1242113945214861313
1242114565539794945
1242114648804970496
1242114820285005831
1242115003479519232
1242115005165842440
1242115008680488961
1242115087994937345
1242115174280110080
1242115197810159617
1242115199060107266
1242115315380731912
1242116001661104131
1242116113149734913
1242116903247675392
1242117326855704576
1242117548705042434
1242117826124668928
1242118084128903182
1242118428149911552
1242118496860942336
1242118515303362561
1242118752482865155
1242119146416099328
1242119328620781568
1242119769353936896
1242119837284958209
1242119988468748288
1242120079917166593
1242120484650713092
1242120502908301313
1242121092078227458
1242121243748433921
1242121481066295297
1242121674000080900
1242121675728130053
1242121756581621760
1242122553117851651
1242122950821715979
1242123566411284481
1242124011150004225
1242124260178608128
1242125129217445888
1242125172141948928
1242125842723024898
1242125848083345417
1242126714274304001
1242126759216254978
1242126898332930048
1242127184891912195
1242127254211215372
1242127547565047813
1242128003708129286
1242128011979378690
1242128021349232640
1242128106535571457
1242128573806391302
1242128638197338112
1242128642962083841
1242129165861568512
1242129189144162305
1242129727642570756
1242130477948928000
1242130732849328129
1242130897777963013
1242131956797562881
1242132012439351300
1242132319298781187
1242132389117165568
1242132538602250240
1242132558139273218
1242132780596834304
1242132890311258116
1242133118418661382
1242133186190225409
1242133492953231364
1242133688491671560
1242134003404156933
1242134069921660934
1242134250377433090
1242134296225370114
1242134298511249408
1242134785314697218
1242135717947543553
1242136034940518400
1242136094952632320
1242136388277014534
1242136816964206600
1242136878939287552
1242137134976335876
1242138197230063617
1242138957380382721
1242139048333975554
1242139255092187148
1242139409899757568
1242139696756436992
1242139707577958400
1242139926193254401
1242140310987313154
1242141398389923842
1242141572990300164
1242141624177700865
1242142017188245505
1242142053355655170
1242142193718083585
1242142572803502082
1242142586615271425
1242142595800879110
1242142819713720321
1242143033216258050
1242143279283458052
1242143440093302784
1242143455859671040
1242143523673079811
1242143580124307456
1242143670704336896
1242143680229761034
1242143729605120005
1242143858940612608
1242144231533228042
1242144682337087488
1242144953901502464
1242145546254479361
1242145813402284032
1242145913340133380
1242147202719305730
1242147232633294851
1242147430449250304
1242147468017643529
1242147826685091843
1242148606230122496
1242148724895289348
1242148779530338313
1242149123391811584
1242149315667210240
1242149832678137860
1242150281896493058
1242150570221342722
1242151096791040003
1242151100024852480
1242151610886819846
1242151940081029130
1242152122818482184
1242152146814066695
1242152424019640320
1242152539690340355
1242152741461516289
1242153329167413249
1242153466249629697
1242153548957323264
1242153697154564099
1242153878679949312
1242154848193306624
1242154923959046145
1242155116729434124
1242155177727217666
1242155286485438465
1242155554539286531
1242155675712708610
1242155790271643648
1242156320930791425
1242156339549196294
1242156358771847175
1242156865410260998
1242156978794881025
1242157327207276546
1242157629260148739
1242158355923206144
1242158360092454912
1242158636392222720
1242159080644530179
1242159216573513730
1242159652382670855
1242159735304073216
1242159854979928064
1242159871753179136
1242159944343982081
1242160355524182022
1242160372146192386
1242160419910942721
1242160682151395331
1242160945989910535
1242161150764204044
1242161155130433536
1242161224525250567
1242161878018805769
1242162028950818821
1242162545206722560
1242162573199450124
1242162590891081730
1242162617826803715
1242162635686232067
1242162654803869696
1242162788430237696
1242162940511506436
1242163023726268420
1242163117490089989
1242163974981943298
1242164142288580609
1242164257246117896
1242165297659904008
1242165426278281216
1242165440593506304
1242165456485502979
1242165473485172738
1242166313813934081
1242167065118531584
1242167188653592577
1242167261110194178
1242167455889457156
1242167946669146112
1242168039430291456
1242168392162979842
1242168555233312771
1242168563705749505
1242168636791574528
1242168874528882688
1242169155991805959
1242169181166088199
1242169454580170752
1242169690497134593
1242170441537642496
1242170611511824384
1242170635792592900
1242170750867353601
1242171137657843717
1242171308890140672
1242171530961981445
1242171569419550724
1242171665594945536
1242171725392928769
1242171886827712519
1242172866717560833
1242173047513198594
1242173065099870209
1242173166031712256
1242173347196284929
1242174077281828865
1242174314650251277
1242174321755394048
1242174758785073153
1242175081687613441
1242175099995926529
1242175540435529728
1242175559226068994
1242175585620758533
1242175605879328771
1242175724901085184
1242175835651653645
1242175964710342658
1242176252632543232
1242176765688242176
1242176941840629768
1242177169616486400
1242177556733759488
1242177731384750080
1242177902487179265
1242177975149355011
1242178216845914116
1242178403089952768
1242178749958893577
1242179019480711169
1242179323412480002
1242179504392622080
1242179864494473222
1242179948653281280
1242180069637922816
1242180257811177472
1242180791964237826
1242180972210032641
1242180972843380738
1242181091903053827
1242181660294164482
1242182010912878592
1242182383425720323
1242182445438402560
1242182469438193664
1242182646467145728
1242183057387540486
1242183079772512256
1242183309544865796
1242183644048957442
1242183831521824770
1242183976351080450
1242184619421773824
1242185139880419328
1242185156443676672
1242185173942362112
1242185191931723776
1242185214518013954
1242185232050241543
1242185322739331072
1242185648536248320
1242185658690670610
1242186416920178688
1242186564689522688
1242187020748730374
1242188522087464964
1242188923855667206
1242189050661842946
1242189328807321602
1242189421887307781
1242190862991441927
1242191791891386369
1242192133857202179
1242192437306478593
1242192645423681536
1242193107644342272
1242193152481599490
1242193314423746560
1242193402873163776
1242193866415095810
1242193939127586816
1242194463545581575
1242194642784796672
1242194718395490306
1242194964806864899
1242195342856089601
1242195667243630593
1242196148078759938
1242196324885368835
1242197053456998406
1242197194112933897
1242197219492548608
1242197535206318082
1242197805495660544
1242198458251063296
1242198564706664449
1242198581764857861
1242199006006128640
1242199239083667456
1242199599571443712
1242199641636175874
1242199886445129729
1242200135129600001
1242200738182430731
1242200977333202945
1242202353056563202
1242203202302480387
1242203866940223497
1242203994484871168
1242204334617739269
1242204366855180289
1242204367853432840
1242204685924261889
1242204816899637248
1242204995346403332
1242205016712196098
1242205180180996104
1242205631299252225
1242205817920782342
1242206551269466113
1242206702176555008
1242206766579974144
1242207407973060613
1242207630178816000
1242207639108554752
1242207657169207298
1242207658272346114
1242207733543141376
1242207788886937600
1242207791844077573
1242207969435095045
1242208014154768391
1242208033276641282
1242208035814215681
1242208234531950595
1242208251673903105
1242208269726289920
1242208670462640130
1242209232386211842
1242209340410429452
1242209413131382789
1242209432538398725
1242209640760463360
1242209820566061058
1242210052636848130
1242210095985025024
1242210106231730178
1242210457840222209
1242210523069829120
1242210726590242822
1242210790352003073
1242211155734659072
1242211343983423488
1242211596790833158
1242211896234827777
1242212809754230786
1242213054684807169
1242213859915526144
1242213986990514176
1242214105957560323
1242214249205768194
1242214714521694208
1242215408360394753
1242216026869239817
1242216657482727424
1242217062543642625
1242217701155713024
1242218242816512006
1242218424815751177
1242218443438522370
1242218459972370433
1242218982838620165
1242219071682293760
1242219316961054723
1242219525824745473
1242220657762381826
1242220772187389958
1242221071560040448
1242221144025038849
1242221150622670849
1242221798676213761
1242222440308146182
1242223237347659776
1242223426389114891
1242224222581243904
1242224237542346761
1242224314759254023
1242224520401956867
1242224820227579904
1242224997306941440
1242225184666529792
1242225188776873986
1242225198897803265
1242225482793390081
1242226280415793165
1242226533948887044
1242227099307520003
1242227369584271360
1242227555555520512
1242227714293186560
1242228273167335424
1242228282868842497
1242228311104704518
1242228396530323457
1242228661413122048
1242229008135270401
1242229027252736000
1242229166168256512
1242229774392553473
1242229848778715137
1242230197530828803
1242230456776523777
1242230511105441795
1242230556596809729
1242230672275542016
1242230914874294272
1242231027013242885
1242231067047845898
1242231154226401281
1242231619974397952
1242231934518022146
1242231974036570112
1242232164650909702
1242232440132960256
1242232577949192197
1242232588262989824
1242232870736977921
1242233132037943303
1242233652433412096
1242234087034806272
1242234090348314624
1242234207893688321
1242234498269564929
1242235000864423942
1242236305091805185
1242236888385302528
1242237013002039296
1242238255564763137
1242239861421113351
1242240194792873997
1242240207417511937
1242240248593121280
1242240616114905088
1242240775154307072
1242241080864710658
1242241546621255687
1242242041016451076
1242242180804157440
1242243101365874689
1242243667466870784
1242243800619200512
1242244234985562112
1242244484794114048
1242245438318788608
1242245729726365696
1242245916544860161
1242246314630447111
1242246535464865792
1242246659037220865
1242246705606770688
1242247466998784000
1242247627976192000
1242249465966161922
1242250785762787328
1242250867388153856
1242251710417993735
1242253032387219457
1242255317276082178
1242255578497499146
1242255737918808064
1242256049681227776
1242256141247275009
1242256317747773440
1242256444830953476
1242257197024694272
1242257475828617216
1242257668519141377
1242258400152600578
1242258518473936896
1242258518809481218
1242258887572684803
1242260074845757440
1242260076292984833
1242260132781854720
1242261184826486785
1242262171733708800
1242262558247010304
1242262744004517890
1242262801931997186
1242263491685253128
1242264189714010117
1242264267627180033
1242264993095192576
1242265013743648771
1242265050485678080
1242265093074595842
1242265456230256640
1242265518490476544
1242265537427787784
1242265606394728448
1242266273318387718
1242266334479728640
1242267267964043266
1242268035613892608
1242268408776929280
1242268554231189506
1242269026652487681
1242269799071260679
1242270588665827328
1242270776784551937
1242270944678359043
1242271722084216833
1242272178755833865
1242272202155835394
1242272568108658689
1242272706264993796
1242273471410946049
1242273703540535298
1242274505495646213
1242274838607085569
1242274968244756481
1242274971491217408
1242274990415917057
1242275027636105216
1242275417358307330
1242276041080672257
1242276087712944128
1242276446212685825
1242276455486234624
1242277089392431105
1242277594948677633
1242279295352999939
1242280142262673409
1242280893462581248
1242281632683429888
1242282833382707201
1242282920007606282
1242283225340403712
1242283794775842820
1242284600321335301
1242284844509360129
1242285646162604032
1242285850743848961
1242286122253852672
1242286187944931328
1242287036276637697
1242287597185048576
1242287626515886081
1242288928499142657
1242289719297208320
1242289845281722368
1242290081525829633
1242290850979332096
1242290977823473665
1242291148821090304
1242291414286905344
1242291512140083205
1242291868890783744
1242292372794413063
1242292948596916224
1242293215069458439
1242293303841783808
1242293374046146561
1242293453528207361
1242293524789252101
1242293602275012608
1242293604326006786
1242293695627624456
1242293743748886529
1242293760748380161
1242293825198047232
1242293862137200642
1242294164538171398
1242294256951230465
1242294369765543944
1242295072487608320
1242296554817544192
1242296575130558464
1242296635725471745
1242297014207098890
1242297824265543680
1242298614174625793
1242299311410601985
1242300049813618688
1242300199298420737
1242301453613420544
1242301856799391744
1242301879805239303
1242302557457764355
1242303100192464896
1242303207872835585
1242303522575540224
1242303766579367937
1242304361398763520
1242304832301674498
1242305537859092480
1242305600614170625
1242305732009132032
1242306186403287040
1242306253994569728
1242307736508997633
1242308806366896128
1242311896084160518
1242313659000504320
1242314078879731719
1242314304721993728
1242315017250394114
1242316245833150464
1242316823300919296
1242317600484442112
1242317716976996352
1242319684273205249
1242320663781806080
1242320845931982849
1242321332680957952
1242321847414390785
1242322165506154497
1242322375854583810
1242322646693482496
1242323070200631296
1242323529246232576
1242323680253927425
1242324780143050752
1242325014222798848
1242325481820585984
1242327391143411712
