1241546659101892610
1241546978233708544
1241547284481019905
1241547393813884928
1241547402252890112
1241548268062085120
1241549212707246081
1241549296127836160
1241549307615961088
1241550281432801281
1241551023929524224
1241551064576360450
1241552235026436096
1241553640696971264
1241553715154354176
1241553812525064192
1241555695599669248
1241555784128921609
1241556160475549696
1241556481117491200
1241556550482907138
1241556998346485763
1241557087932616711
1241558068497793024
1241558145916428288
1241558589715742720
1241558857270296581
1241559270212145157
1241560757336182786
1241560844044914688
1241561328294088704
1241561916159516672
1241562376375341056
1241562508541997056
1241562598329516032
1241563785078374403
1241564362973818880
1241564391486734338
1241564500932911105
1241564664275841025
1241565320558424064
1241565889897680897
1241566380115275776
1241566405037867008
1241566812715786242
1241567306641276929
1241567478012133376
1241567703321776128
1241568315073540096
1241568838166237184
1241568863055216641
1241568922316480512
1241569079074291712
1241569359023288322
1241570553061728257
1241570603167072256
1241571822946209795
1241572141444759553
1241572152240988161
1241572345669660672
1241574419102924800
1241574462153265152
1241574991675580416
1241575221099986944
1241575281049178114
1241575345821753345
1241575407251488768
1241575426314600449
1241575492500815872
1241575607332491269
1241575851675787264
1241576255734132738
1241576806903353351
1241577036205961219
1241577521541496833
1241577635798495233
1241578464081305608
1241578687834849280
1241578818458058752
1241578865618812931
1241578890843348992
1241579134578458626
1241579230221271046
1241579636917596161
1241579937976463360
1241580224632041479
1241580688735793152
1241581394465341440
1241581948604219392
1241582341660856321
1241582948761165829
1241583217536307201
1241583254840340480
1241583953116626946
1241585106311090176
1241585138531807232
1241585240704987137
1241585607249403910
1241586392519639041
1241586722233700352
1241586896146440193
1241587012248965121
1241587112228651009
1241587974426378240
1241589304322818050
1241589314535874561
1241590327720448000
1241590578778963968
1241591478524284928
1241591534740439045
1241591797450600448
1241591830321532929
1241592153177878530
1241592153224118272
1241592413082259456
1241592932601401344
1241593206023827459
1241593483074457601
1241593569296687104
1241593576305369088
1241594297742434304
1241595034883043329
1241595189686349825
1241596937956188160
1241596995510439937
1241597374679543808
1241597411849580544
1241597915023507456
1241598385414692865
1241598939515805698
1241598954048872448
1241599194734919682
1241599559337414657
1241600468641624065
1241601106733600768
1241602122594074624
1241603199783645185
1241603793864843264
1241604243754070016
1241605559239036928
1241605706601635840
1241605955307155456
1241606515389276160
1241606749091762178
1241606819161784320
1241607674866872320
1241607713101975553
1241607864747163648
1241608082330923008
1241608704132288512
1241608980931031041
1241609260275871744
1241610288014778370
1241610898017415168
1241610965168332800
1241611140054036482
1241611632448606208
1241612022086807552
1241612870942687234
1241613591003844610
1241614393831546882
1241614520159789057
1241615077431808005
1241615370458464256
1241615991995580416
1241617072054054912
1241617112722034688
1241617373230227456
1241617529572818944
1241617657193017344
1241618365992624128
1241619535523971073
1241619888642256897
1241620521797681152
1241620545281630208
1241621573619970055
1241621716960452608
1241622372047818757
1241622738248368129
1241625719677034496
1241626034937552896
1241626411896635392
1241626463922765824
1241626470948261890
1241626531425746944
1241626788477820930
1241627285289132032
1241627913348419584
1241629115771490304
1241629271761793024
1241629933979357184
1241631051111206912
1241631487579095041
1241631580700868608
1241631946330996738
1241632065445036032
1241632818939265026
1241632876480913409
1241633677999775744
1241634247087136769
1241634421721018368
1241634536913600512
1241634583512322049
1241634614600491008
1241634874919989248
1241635153937674242
1241635238608060416
1241635312817909760
1241635500047437831
1241637126002872320
1241637331817435136
1241637400109109248
1241637905673736192
1241638039924822016
1241640178231513089
1241640592842645505
1241642392203165696
1241642813336555521
1241643456528818176
1241643805759156224
1241643814735011841
1241644451459629057
1241644553456640000
1241644706045595648
1241645264374345729
1241645513465872384
1241645826784612352
1241646276296441858
1241646850957922304
1241647011578994694
1241647114813345793
1241647123830980608
1241648323750014978
1241648405283131398
1241648984667697152
1241649341997203456
1241649526806663171
1241650642290171910
1241651251390984192
1241652713714221056
1241653162022522880
1241653326481182725
1241653543947378689
1241653580379144192
1241653701439369216
1241653847384260609
1241654442547707904
1241655525986664448
1241657490997198848
1241657868929118208
1241658819014529027
1241659662728138752
1241659753543028737
1241660578558599168
1241661163957411842
1241661728703864833
1241664690385805314
1241665412682723328
1241665608120320001
1241666369017589764
1241666516006965248
1241666769552621575
1241668597316874240
1241669594739281924
1241669998436909057
1241670290083475457
1241670581109620737
1241670699946774528
1241671000699416576
1241671083306168321
1241671111961653248
1241671914243993602
1241672281325219840
1241673248179392516
1241674270415237120
1241674630294835200
1241675571362398209
1241675663855226880
1241676353017126913
1241677513568309248
1241678333034795008
1241679418814353408
1241680479000170496
1241681011316047873
1241681117347844096
1241681147073105920
1241681209425448961
1241681794346467328
1241681941260374017
1241682729630076930
1241682898601889792
1241683353071468545
1241683377369034753
1241684444131573762
1241684739033051136
1241685108635074560
1241685898057711617
1241686604231696385
1241686897988173825
1241687115894861824
1241687186333765632
1241687495886192647
1241688529693859840
1241688818316533761
1241689128216825857
1241689451379798017
1241689565120741379
1241689622046007296
1241689843886948354
1241689933988925441
1241690011688488961
1241690116382326785
1241690133985984513
1241690247269888001
1241690715115139072
1241690842844233728
1241691077314318337
1241691363596435458
1241691369749590016
1241691407821176832
1241691482647650304
1241692191841554432
1241692289216458753
1241692399874654209
1241692448566456320
1241692873948569602
1241692934065569793
1241693036482101249
1241693108745666560
1241693304305192962
1241693623789420544
1241693733537460224
1241694021002526720
1241694206944587782
1241694521529757696
1241695061928218626
1241695325355536385
1241695517459075072
1241695816898707458
1241696450599321600
1241696978658119681
1241697053543186433
1241697201329487873
1241697333131214851
1241697438047571968
1241697531647721473
1241697896866689026
1241697984582234119
1241698066715066369
1241698377802407938
1241698467858300928
1241698569528184832
1241698856322117632
1241699135654375427
1241699231389417476
1241699558708498434
1241705577429991424
1241705591443202049
1241705625664528384
1241706272287862788
1241706347688873984
1241706432241840128
1241706641248174080
1241706641252216832
1241706671094640641
1241706685753769984
1241707327067226116
1241707520332357638
1241707554582847489
1241707908821389317
1241708044574175233
1241708254264164352
1241708531386126336
1241708634175942656
1241708816233828352
1241709137580490755
1241709393999167488
1241709724107767808
1241709821017104385
1241709893897162752
1241709898620076033
1241709940684673026
1241710205047640064
1241710432563445760
1241711374797062144
1241711513339080704
1241711926343634944
1241712292787621892
1241712507796021253
1241713186518204421
1241713322082304000
1241713631596883974
1241713800824246272
1241713818834743296
1241713829693870081
1241713874111528960
1241713907099721728
1241714554448609285
1241714687969878017
1241714738133897219
1241714939070423040
1241714993571258370
1241715073569247235
1241715279480135685
1241715662508240902
1241716002976665602
1241716273479704579
1241716280677318661
1241716381424349184
1241716405013266438
1241716423883440129
1241716920002510850
1241717380272832512
1241717719214538752
1241718042654113792
1241718179887538177
1241718379163115520
1241718491297779713
1241719126294433792
1241719370302308357
1241719647063416833
1241719800734175238
1241719878760964096
1241719982406488065
1241720168197378048
1241720350108459008
1241720442735325189
1241720738228383744
1241720928909877249
1241721882568798213
1241722029826547712
1241722691259977733
1241722859136978944
1241722878401396736
1241722885653385217
1241723263769665539
1241723295885676545
1241723382778994695
1241723641534038025
1241723677676154882
1241723918504701953
1241724078639075329
1241724141868384256
1241724333371899905
1241724452293001216
1241724709563228161
1241724814697562114
1241724930951004160
1241724940182790144
1241724979231809536
1241725236288131075
1241725666006982658
1241726015489085444
1241727257414156288
1241727395423555599
1241727616819888136
1241727928360148993
1241728139790778369
1241728237316657152
1241728386592096262
1241735464303890432
1241735772983701504
1241736080216526848
1241736384739565568
1241736936999526401
1241736971384311810
1241737168034377731
1241737222027501568
1241737239551500289
1241737521400123394
1241737677847789573
1241737845125021696
1241738990614540289
1241739022063546374
1241739616681627648
1241739696889384960
1241740189887860736
1241740316245471239
1241740320104230914
1241740449137799168
1241740917486358529
1241740984792350721
1241740985324810240
1241741428688117760
1241741446643888129
1241741454558494720
1241742020231692288
1241742032739151873
1241742177417469952
1241742220987858945
1241742332036349955
1241742614703063048
1241742917909319686
1241742962234740741
1241743029712621569
1241743037098754049
1241743207882506242
1241743381082112002
1241743426137329664
1241743867239596032
1241744001616752642
1241744452605095937
1241744513552572421
1241744785599336450
1241745105524006913
1241745236776423429
1241745438191034370
1241745584182235137
1241746439790661632
1241746477279576065
1241746608179593216
1241746886253477889
1241747348277133322
1241748028702314498
1241748490360721416
1241748516931874817
1241748600415301634
1241749296267038723
1241749629106036736
1241749719342288896
1241750086788550657
1241750259941998592
1241750354443763712
1241750415089127430
1241750439147831297
1241750896670904321
1241751033459740675
1241751139839643648
1241751411643179008
1241751899877105665
1241751943992741889
1241752187866419203
1241752529811255296
1241752845541654528
1241753165206355971
1241753201482833921
1241753373851947016
1241753590873522177
1241753769462730753
1241754699956719616
1241754807888683009
1241754905712312320
1241755291793883136
1241755336937259008
1241755342293393415
1241755717511647235
1241755990141394946
1241756332694388737
1241756612710338562
1241756820580040707
1241756854591594497
1241757365948616707
1241757412631220230
1241758201806237697
1241758273004613637
1241758508946579457
1241758756670787587
1241758912778551300
1241759277561364482
1241759583888117763
1241759881687781376
1241760418722349056
1241761311442124802
1241761799231410179
1241761803715084291
1241762303395213313
1241769735206903808
1241770222597660676
1241770291568807939
1241770451593879558
1241770660017451015
1241770670922633217
1241771306355494912
1241771387909521408
1241771447296589824
1241771584945299456
1241771625650860032
1241772072600305664
1241772081546657793
1241772190686760961
1241772195329847296
1241772234718482433
1241772556790759427
1241772578928295936
1241772721077399554
1241772793949290496
1241773273626611713
1241773368686399489
1241773543085543424
1241773723121856512
1241773732521263109
1241773912024850442
1241774267789971456
1241774575454769152
1241774686888955907
1241775113458069504
1241775214243053573
1241775373651718144
1241775379448283136
1241775518036430849
1241776691497840641
1241776716227530753
1241777158000951299
1241777437870034946
1241777838963003393
1241777944789475334
1241777993447550980
1241778182338031619
1241778453969375233
1241778635952062466
1241778904223932417
1241779153050968071
1241779182394396673
1241779281900056577
1241779553229582337
1241779701024161795
1241780216390975489
1241780506083155969
1241780595136458753
1241780622676447232
1241780862326386690
1241781019814043656
1241781038868762624
1241781155738923010
1241781178270715907
1241781492264636418
1241781903138729991
1241782060219498502
1241782495017709568
1241782618691178498
1241782676253622274
1241782813755613184
1241782822899077120
1241783096539787267
1241784195367796737
1241784258697605120
1241784961318830080
1241785020156653575
1241785318136676352
1241785356606980097
1241785409157451785
1241785513197125633
1241785630427938817
1241785649923010563
1241786218771369988
1241786223250694144
1241786284852555777
1241786607495241732
1241787173587881989
1241787276834766850
1241787953736749056
1241788108439502848
1241788171744092161
1241788463956934657
1241788796347310084
1241788904052752385
1241788967957204995
1241789171934670850
1241789354953125889
1241789780280717314
1241789789042597896
1241790040189079553
1241790313930403842
1241790318258917384
1241790337279905797
1241790418657951744
1241791747908395009
1241791803088678921
1241791875645915136
1241792215892086784
1241792237614268417
1241792247215071233
1241792392610496512
1241793183857729537
1241793190463750151
1241793356746850304
1241793411931410434
1241793829453340686
1241794035481706496
1241794264440455171
1241794429125644288
1241794468405293058
1241794849269055489
1241794881229443072
1241795309765898241
1241795850961129472
1241795852760420355
1241796038937260032
1241796186702561281
1241796250846007299
1241796426226688007
1241796617688297472
1241796884940967936
1241797035013091329
1241797135282122752
1241797309630779392
1241797384218259456
1241797474299392002
1241797693565030400
1241797771197284352
1241797952634568705
1241798177071792133
1241798277063938055
1241798280079646720
1241798505775140864
1241798671961935873
1241798797384089600
1241798994390667265
1241799656784318464
1241799961462915075
1241800224038727680
1241800363738611712
1241800405820071936
1241800432042770437
1241800516755247106
1241800608363003906
1241800884448870408
1241801520745717764
1241801849319153664
1241801896219815941
1241801978419859456
1241802001735921665
1241802100029501440
1241802151053139971
1241802592658894850
1241802670710669313
1241802808699039746
1241802829288935425
1241803003360755717
1241803158789079041
1241803215819112448
1241803819199193088
1241803834822967296
1241803989466767360
1241804053572718593
1241804143171428352
1241804145981632512
1241804177967382528
1241804691580862465
1241804920921247745
1241805145299734528
1241805450863169539
1241806075889844228
1241806180910919680
1241806561187635202
1241806933373353986
1241806945734057986
1241807010603073537
1241807359166595072
1241807558601576451
1241807672279814145
1241807699110588416
1241807700033495040
1241807788499705862
1241807847836585990
1241808089130635264
1241808187373654016
1241808216503324673
1241808598147248133
1241808908005539841
1241809085332406282
1241809085361766401
1241809185777627142
1241809187459477505
1241809427604426752
1241809434764095489
1241809556344373249
1241809832568655872
1241809911987798016
1241809979641868288
1241810138828283905
1241810363890446337
1241810747392434176
1241810938883452930
1241811281985908737
1241811427683377158
1241811552631697409
1241811689789706240
1241812331002241026
1241812496354344962
1241812626163879937
1241813211369713665
1241813879325364232
1241814630684667915
1241815047141240833
1241815297708834816
1241815381809025024
1241815423718436866
1241815482576982016
1241815931505893376
1241816297031323648
1241816302198706178
1241816476933292034
1241816842764718080
1241817709752573953
1241818526496837634
1241819066710573056
1241819303881695233
1241819885694566400
1241819902819827714
1241819905596575745
1241820347365761026
1241820439942270976
1241821785118605314
1241822219350704128
1241822483461713920
1241822598822010880
1241822629503344640
1241822637703286785
1241822700185825282
1241824849724608521
1241825305779744781
1241825306186481664
1241825326965100545
1241825645858037773
1241825808777388032
1241825880940466178
1241825919322542087
1241826026315022339
1241826597105274889
1241827265455013891
1241827409051234306
1241827603482173440
1241828199664881665
1241828705703526402
1241829080317788161
1241829187524190209
1241829987906445312
1241830421698097153
1241830914797297666
1241830962876555274
1241832270127824896
1241832404035211267
1241832417591275520
1241832529256157187
1241832568288350209
1241832857858867200
1241833118564143104
1241833266979667973
1241833334000570369
1241833743729467394
1241833800474091520
1241834103898607621
1241834354436759552
1241834366239518720
1241834434648817666
1241835235567960064
1241835415662923778
1241835625084596228
1241835633816944640
1241835676884033537
1241835932342341632
1241836632539459584
1241837251132350464
1241837334921961479
1241838001296216064
1241838346369982464
1241838442075402240
1241838812092866561
1241839168898170880
1241839236430680070
1241839342739435526
1241839819329867776
1241840531753373696
1241840557732872192
1241840944904798210
1241841535135735808
1241842387711864834
1241842612128055296
1241842841179099136
1241843372983062528
1241844123939803149
1241844595731968008
1241844783615787009
1241844869766828032
1241845094099099649
1241845212890136576
1241845662511255554
1241846561912631296
1241846632817328136
1241846722449506304
1241846810655756289
1241847181373390848
1241847198570164224
1241848333066473486
1241848605620781058
1241848739003871233
1241849105325813760
1241850150965981187
1241850370868953088
1241850761635651586
1241851042385584129
1241851055572422656
1241851118512201730
1241851272292163590
1241851726786965504
1241851985667776513
1241852603572551680
1241853020733878275
1241853325001326595
1241853699837722624
1241854351611748354
1241854359367024641
1241854796556046338
1241855532706791432
1241855610251083776
1241855819681054720
1241855839557824513
1241855974387875840
1241856168324034560
1241856644218105856
1241858320769658881
1241859458369716224
1241859888395038721
1241860202565115907
1241860586314641415
1241861167334797314
1241861314412261377
1241861384947642368
1241861583321645059
1241861852470149122
1241861992731889673
1241862422283108355
1241862530563223552
1241862608476610563
1241862757949063168
1241862841356955654
1241863345709318145
1241863386931044353
1241863470552772609
1241863671883628544
1241864255739064320
1241864394855849984
1241864707134427136
1241864745298399235
1241864898927366153
1241864997065588737
1241865921200885760
1241865951383085056
1241866072468447233
1241866510320021504
1241866737882021888
1241867227034456065
1241868240873230336
1241868321886265344
1241868450886234113
1241869622388969473
1241870236606963713
1241870454232678411
1241871169214709763
1241871459942912000
1241871490062188550
1241871851560804353
1241872020486397953
1241872570699448320
1241872611086233600
1241872677171867649
1241872734168236035
1241873001043365892
1241873215967957000
1241873326655455233
1241873351158702089
1241873482742464515
1241873544369274882
1241873620441448448
1241873963187396609
1241874464939200512
1241874487777333252
1241874555649564673
1241874974035439616
1241875250071117829
1241875575364411392
1241875646520926209
1241875777706176512
1241876984663162880
1241877129937203200
1241878234612084737
1241878359170338816
1241879295393480704
1241882012052586503
1241882097251385345
1241882447362560006
1241883077401612290
1241883188118470656
1241883616231243776
1241884484712235009
1241884699892514819
1241886709220020226
1241887061537443841
1241887064179777541
1241887155238166528
1241887168349589504
1241887291565658115
1241887592431464448
1241887603995049984
1241887653429161987
1241888704223944704
1241889857091375105
1241890245827792896
1241890608496680961
1241891293460148225
1241891443838337024
1241892055913312263
1241893214434582531
1241893812437483520
1241894329695768576
1241896228637544454
1241896584431972352
1241896623325601792
1241897818425397249
1241897914949087237
1241898447982047232
1241899595946434565
1241899905771343872
1241899945088737281
1241900788504461312
1241900826454568962
1241900909283758082
1241902486325248002
1241902510912106496
1241903064145149954
1241903171972333570
1241903588277768192
1241903603423621121
1241903867475845121
1241904200054968320
1241904782836731906
1241905124961857539
1241905801356247040
1241905971112357890
1241908844562972677
1241909269303373824
1241909643024011265
1241910016350785536
1241910278847188998
1241911970288128003
1241911998960381952
1241912464830115840
1241912486984548352
1241912682099310592
1241912936483950592
1241913986834034688
1241914601576546306
1241914602788663303
1241915298061656067
1241915467348008961
1241916790730559488
1241917206696427521
1241917283070590978
1241917371964678144
1241918267826061312
1241919057214844928
1241919851108732929
1241920054553391105
1241921664574722048
1241922342131023878
1241923216785969156
1241923933911289856
1241924795161182208
1241924938988216320
1241925063210917890
1241925233180844032
1241926506709946368
1241926989398904837
1241927152800579591
1241927286095597569
1241927661531865090
1241927980659720193
1241928066458439687
