1244846890614771713
1244847095984590848
1244847270035697664
1244848085689413634
1244848361284538369
1244848725492502528
1244848744329248768
1244848961254498304
1244848977687830528
1244849032486420480
1244849431343779840
1244849461358022656
1244849551577661440
1244849618220978176
1244849620045488128
1244849743014113280
1244849783996657665
1244850552187449344
1244850726637092871
1244850893645848576
1244851222164779008
1244851950807584768
1244851959905095680
1244852552073728000
1244852720256929793
1244852751328305153
1244853445791830016
1244853890442551296
1244853945941528576
1244854993485586433
1244855694978953216
1244855715316953088
1244857242781876225
1244857277674393600
1244858861640716288
1244859799264727040
1244859967716253697
1244860751942221824
1244861751633592320
1244862341965062145
1244863572787646464
1244863710570721281
1244864095570079744
1244864508251660289
1244866419889594368
1244866579684380672
1244867195177299969
1244867282913853440
1244867895416455168
1244868373470683136
1244869206207799297
1244869510093570048
1244870049485082625
1244871349862047746
1244873958928683008
1244874025073074178
1244874180228612096
1244874437079564288
1244874654428418048
1244877071228317696
1244877151591002117
1244878075566919681
1244880459043127298
1244881339465285635
1244885484771434502
1244886810813227011
1244888891787825153
1244889556832284672
1244889644841517056
1244890105237721088
1244890528598147072
1244893309933363200
1244893475742646272
1244893482084454400
1244894294739226624
1244895828348674049
1244895966169194497
1244896335809204224
1244896429539315712
1244898052370042880
1244899052069818368
1244899391711973377
1244899967082336257
1244900604620783618
1244901507272753153
1244901548150280193
1244901851918667777
1244903350946103298
1244903765184065536
1244903840123666432
1244904854406877184
1244905971627036672
1244905992665604096
1244907800356163588
1244908616433491968
1244909266844045317
1244909340651372549
1244909536160501761
1244910781256392704
1244912675580252161
1244912808946544642
1244913296773394432
1244913780615675909
1244913830288855046
1244913942276653056
1244914892156612608
1244915455627755522
1244915700159913984
1244916915400826880
1244917135949864960
1244917543938199553
1244918774635126787
1244919278844944384
1244919279855820810
1244919411858968576
1244919411888267264
1244919980635967489
1244920579565727749
1244920910492008453
1244921500072923138
1244921707045019648
1244921925610156032
1244922163746013186
1244925639196659713
1244926323832885249
1244927238497357833
1244927591741444096
1244927851381633029
1244928048467562496
1244928290621702144
1244928298620239872
1244928634428653568
1244930464227495936
1244930748534185985
1244931309002244098
1244931837480312832
1244932982672146434
1244933407592906752
1244935943326502913
1244936851288449026
1244938175656726529
1244938209513148417
1244938337548288000
1244939566835957766
1244940709951672329
1244940810027745280
1244941809840803840
1244941901847035905
1244942076288159744
1244942120185671681
1244942141161381888
1244942390420520960
1244942583165587458
1244942725553590272
1244944297520238593
1244946281115668480
1244946323369009159
1244946953529671680
1244947074652798977
1244947492359352322
1244947600630927360
1244948041980928003
1244948246994223107
1244949199281627137
1244949704422678528
1244950019184222213
1244950024452276225
1244950403088822273
1244950566981308419
1244950810229948417
1244951436401704960
1244951477719896065
1244951501539143685
1244951503162441729
1244951790883180545
1244953045831688194
1244953393514180608
1244954334766530562
1244954658562625536
1244955423700123648
1244956571316056064
1244957446868697093
1244959316899135490
1244959402802765826
1244959537628577793
1244960005578797057
1244960478423592965
1244960751120519170
1244961117081919492
1244961210958839809
1244961408678154242
1244962527387299840
1244962736779427840
1244964052109049856
1244964519140524032
1244965451353985024
1244966045674344449
1244966144156499968
1244966490195066880
1244966880311377920
1244967180673986560
1244969143411056640
1244969771042590722
1244969855058677766
1244970429309161473
1244971226742824961
1244972874865217536
1244973822543048708
1244973874191708160
1244974253172305930
1244974673693224962
1244976014968737795
1244976071306436608
1244977493385371648
1244977554148052992
1244978168731185153
1244978906911903744
1244979108922171392
1244979282226577408
1244980127840129026
1244981303285407744
1244981494768115712
1244981693754290178
1244982129894871040
1244982268982108164
1244982339559665669
1244982469411012610
1244982688194404354
1244984287834722305
1244984331241541632
1244985979183738880
1244986043977383937
1244986062687985666
1244986967810543616
1244987515037237251
1244988418121228289
1244988437717016578
1244989230104879108
1244989657214935040
1244990353238867976
1244990800200638465
1244991866656960512
1244993090626166786
1244993662339158017
1244994767626395648
1244996481238646785
1244997644147195906
1244998098344083456
1244998542894280705
1244998622015602688
1244999189978845184
1245001003868418048
1245001529515524096
1245002392707502085
1245002629270450176
1245003025158148096
1245003751657811968
1245003818275942400
1245003823409659905
1245004462969606146
1245004866788999169
1245005945173925892
1245006596054319107
1245006861889409026
1245006904394420226
1245007300710076416
1245007503127121923
1245010530047332352
1245010659747737603
1245011578904350725
1245011815525953537
1245012023475396609
1245012082166083590
1245012286277812224
1245012484416815106
1245013564726882306
1245014041535397889
1245014162910175233
1245014259081216001
1245014479185874951
1245014963216932864
1245015142536040449
1245017367924613122
1245017377118576642
1245017755104968713
1245018328671891457
1245019274021871622
1245019406046048259
1245019493207879681
1245019659377750024
1245019898130116608
1245020713926393857
1245021508923281413
1245021654289395713
1245021987233239041
1245022231463428099
1245022330675486721
1245022798403317760
1245023794353168385
1245024136423968771
1245024147467579396
1245024482093338626
1245025023091511297
1245025565515579392
1245026036498210817
1245026343693287426
1245027103856365573
1245027274979770375
1245027657705598977
1245028304756899840
1245029728295235586
1245030210770264069
1245030752099729419
1245031233282850816
1245031533733449729
1245031929268899842
1245032070742671361
1245032934546870272
1245033017124536321
1245033483262513152
1245033756483878912
1245035466023415808
1245036415353868289
1245037079849033732
1245037301048229894
1245037660617543682
1245037824052584449
1245037942608990209
1245038163632041985
1245038468209786880
1245039606841647108
1245039614194302976
1245039706028597248
1245040501780131840
1245040828478881792
1245040945143447552
1245041280352161792
1245041785610665987
1245041789402259456
1245041989420269571
1245042413149847556
1245043558501036033
1245043735907438592
1245044345461452800
1245045941616480258
1245046973738164225
1245047288172621828
1245047542192144385
1245047543773478912
1245049260686614533
1245049361941266433
1245049803656105991
1245050588502675456
1245050846770954241
1245052322998136832
1245053761405497349
1245054087621738497
1245054468477026304
1245055796586655744
1245056181304991745
1245056199244025862
1245057504532467718
1245057642961264641
1245058070872457216
1245058978914107394
1245059372750983173
1245061394032136193
1245061523829067782
1245062468331810817
1245063201294888960
1245063274883887104
1245063321377804290
1245063329149747202
1245063542572814341
1245064069637382145
1245064975439269890
1245065893660540930
1245066688384716801
1245066696299360257
1245067419187585026
1245067466369310721
1245067647269720071
1245068233796919301
1245068313815810048
1245069181327998977
1245069496613851136
1245069746640310272
1245069751895896072
1245071159164637185
1245071263753789440
1245071379180838912
1245071546059649025
1245071762947215360
1245071897907400711
1245072124869476353
1245072177734594562
1245072239030079492
1245072382395650048
1245072399046979586
1245074542780964868
1245074701698969601
1245074858750468097
1245075771766591488
1245075935465836544
1245076377877057538
1245076541819760645
1245076762087677953
1245077747107577863
1245077803630026752
1245078761831309319
1245078797969285120
1245078972490297346
1245079263885152256
1245079339747749890
1245079707332284416
1245079708607434752
1245079934466510853
1245080806034485248
1245081179117797376
1245081423637184512
1245082819048726529
1245083074066411521
1245084321263824901
1245084396849430528
1245086771374891008
1245087264067268609
1245088516729602048
1245089874836885508
1245090184074375168
1245090371765448706
1245090970800205826
1245091193245089792
1245091532216111105
1245091823028232192
1245095261682139137
1245095694140092416
1245095783239757826
1245096446128521216
1245096668854452225
1245099277606621187
1245099826238406659
1245099985890414595
1245100255416385536
1245101604535250944
1245102081679204353
1245102668999208960
1245104916923809795
1245105251042185218
1245108168881065985
1245108356118802432
1245109724498071552
1245109754873040896
1245111573586137088
1245113070239862784
1245113080692031489
1245113104242847749
1245113327459721217
1245113412230639617
1245113830327320576
1245114646035660800
1245114799576530944
1245115729030111232
1245117627137220609
1245117715607695361
1245117940414001153
1245118206894911488
1245119751308881922
1245120243476975618
1245120435404111878
1245122314556997632
1245124463580119040
1245124584455766017
1245125199521079297
1245125246702813194
1245125587166879745
1245125779316449280
1245126990664851456
1245127177445703680
1245127177911312386
1245127701209415680
1245128055049392130
1245128209982787599
1245128300940402698
1245128521296613378
1245128586551603201
1245128736871198721
1245129416977649666
1245129966767005697
1245130150091595777
1245130226998235136
1245131286357987341
1245131448777990144
1245131811249950720
1245132073322590209
1245132254415736832
1245132894026305536
1245133439466123264
1245134095560200192
1245135115447087105
1245136102341648385
1245136933187194880
1245137176959930369
1245137300444635136
1245137479113543693
1245137736924790786
1245138421871493121
1245139717680701440
1245141163880984578
1245141385663086594
1245141477342302209
1245141762366152704
1245141879081046016
1245141897326166016
1245143604630347780
1245144232001765376
1245144496431652864
1245145032379768833
1245145108229603328
1245145135156994050
1245145532915503105
1245146119211974658
1245146710105604096
1245147668323749890
1245148132024909824
1245148745236389893
1245149035452928003
1245149394934120448
1245149537758367746
1245150049262358529
1245150697458466816
1245151131027869696
1245151387018764289
1245151395696857090
1245152022594281472
1245152351415087104
1245153131366842369
1245153520837373954
1245153632397426689
1245153846697103362
1245153978029047810
1245155154652889088
1245155756204347393
1245155799992803330
1245156058919813120
1245157159056412674
1245157251561775107
1245157252987645952
1245157358692696064
1245157950303473666
1245158113990397952
1245158798660173832
1245159426698420225
1245160167517442049
1245160340016574467
1245161024774258690
1245161180995489792
1245161435317121024
1245162352699465739
1245162732279775233
1245164963909558273
1245165156180668423
1245165797078695936
1245166331076501504
1245167389282578433
1245167533638004738
1245168205536071680
1245168223521329154
1245169582500954114
1245171468222201860
1245172836051963904
1245173011126378497
1245173116227080192
1245173135793696769
1245173146585612290
1245173300373962752
1245174200572219393
1245174810306543617
1245175084312154112
1245175094172733445
1245176757126344704
1245177687322353665
1245177697753595904
1245178158711635970
1245179329794977794
1245181363545874432
1245182187948904449
1245182508578353152
1245182762820218880
1245184274590023680
1245184622528352257
1245185030823051264
1245185878517047302
1245185921336688647
1245186026525446147
1245188611353567232
1245188816182415360
1245188837078376448
1245189338289356801
1245190779321987073
1245190870468624386
1245191255954534401
1245191580862087169
1245192951740780544
1245194190054621191
1245196041214967814
1245196312804499456
1245198160756121600
1245198202191646724
1245200171820036096
1245200681616789504
1245201614346076160
1245203182139002880
1245204491231780864
1245206503889481728
1245206803530555394
1245206905628364800
1245207177779912705
1245207238630932484
1245208712895246341
1245208929430384640
1245209250554621952
1245209516221902850
1245210346178011136
1245210441497767936
1245210484766212096
1245211251233431557
1245211274818072576
1245211714330771458
1245212617280557056
1245214877884563457
1245215612143407105
1245216126608519169
1245216651978706944
1245216792231858181
1245217596519124993
1245217896793399297
