1244539650980679680
1244540816628092929
1244544134213275649
1244544455115288583
1244545984786583552
1244546061764571137
1244546243671572480
1244546780366286848
1244548475351695360
1244548916491796481
1244549949112692737
1244549987796766720
1244550018184499200
1244550418350342144
1244550908303806464
1244551529916497922
1244552295964164097
1244552365639741440
1244552772474855424
1244553691862048769
1244554299226632192
1244555092566503424
1244556745881550849
1244556799006527490
1244557153953820672
1244558424429527040
1244558618629996545
1244558840357478401
1244559612034064387
1244559714387496962
1244560979397971969
1244562259755630594
1244562577226637312
1244562805031931909
1244562851072823296
1244563231869407233
1244563797953720320
1244564189659590657
1244566200601862149
1244566511634784257
1244566701389348865
1244567907792650247
1244568625090048000
1244568824206295042
1244569949240262657
1244570740210401282
1244571431587000320
1244571698898272258
1244572926218842117
1244574329469313024
1244576476105789441
1244577213879595008
1244578305560412160
1244579177854111744
1244580627799855110
1244582906825039875
1244584522483666944
1244584761340952576
1244588156361551873
1244588712530333696
1244590352977321985
1244590685665329153
1244591353893285888
1244592138278572032
1244592167143845890
1244592233329971200
1244592467040755713
1244592881773486080
1244593074820521984
1244593887810850817
1244594243219402755
1244594861354946561
1244595220836159489
1244595370757361664
1244596192605921281
1244596470684229638
1244596969445580801
1244597083501465601
1244597261541281792
1244597352356249605
1244597500838895618
1244598920325599232
1244599537324437507
1244600753865609219
1244601682530652162
1244601981295104007
1244602791978586113
1244602898144780289
1244603490552479745
1244604052228517889
1244604250367365120
1244605514086055936
1244605604800466946
1244605744676208640
1244606537475272704
1244606733911130112
1244607017425215488
1244607040506527746
1244607090246725632
1244608015963209729
1244608095109734400
1244608811727491073
1244609206247809025
1244609246345469952
1244609468765057024
1244609482191015936
1244609619735035904
1244609711518998529
1244610634047582209
1244610691610353664
1244611112777265156
1244611239105495043
1244611957669462016
1244611990036926464
1244614540605771776
1244614814216916992
1244614845405814789
1244615552129282048
1244615968191647745
1244616323788877824
1244616499114971140
1244616667029819392
1244616716094550016
1244616782947782662
1244617374399111169
1244617514446921733
1244617612253974529
1244617793418465280
1244618347632680961
1244618419799982080
1244618645764014080
1244619363191328770
1244619793417801728
1244620106606489601
1244620201074835464
1244620410286673922
1244620444495470599
1244620460370939905
1244620515718959105
1244621274464374784
1244622134690766849
1244622545594257411
1244624299035709442
1244624747167612929
1244625407879581698
1244625486610759684
1244625682681999367
1244626061167656962
1244626170936725510
1244626191740534785
1244626560545705985
1244626704355688453
1244626857896574976
1244627185991892993
1244627459435347975
1244628381368549376
1244628836576301061
1244629395870023680
1244629469417127938
1244629878982340608
1244630077687685124
1244630098751508481
1244630373461626880
1244630719802023937
1244630751284510725
1244630877772152839
1244630997028802561
1244631014619721728
1244631193041108998
1244631299903623169
1244631887349506048
1244632194708103170
1244632667288530945
1244632707180703744
1244632707180703744
1244632719239217157
1244633343259443200
1244633386926424064
1244633422779293696
1244633532418441216
1244633949969711105
1244634734623367168
1244634797214969858
1244635977332805632
1244636616314028043
1244636973136072706
1244637446911881218
1244637962236764163
1244638379808964615
1244639660107870208
1244639803422814208
1244639892463923201
1244640086538551302
1244641438039789571
1244642309012180993
1244642377513525256
1244642601292177410
1244642653909553152
1244642808859963392
1244643265925677067
1244644136860504072
1244644359909167104
1244644409716727808
1244645074652315649
1244645227119480832
1244645502702039046
1244646162172436481
1244646981940776960
1244647128552681474
1244647602563559424
1244647638890426368
1244648647247224833
1244648805255065603
1244649136546177030
1244649512163033089
1244651204409470977
1244651964601970698
1244652130927083520
1244652681630801921
1244652734810333186
1244653178819354625
1244653861719154690
1244654317832941568
1244655614363611136
1244656511202332672
1244656587198914561
1244656700512223235
1244657530594308096
1244657590652428295
1244657879992467461
1244657897893748736
1244658537118208002
1244658883131473922
1244659112497029120
1244659647283376128
1244659819556061186
1244660026523951107
1244660122435059712
1244660560211456000
1244660744811053058
1244660880807055360
1244661105273774081
1244661285997826048
1244663998223724546
1244664766397898752
1244664910396694534
1244665134884089856
1244665620781809668
1244666114199523328
1244666372660940801
1244666583894589440
1244667581182681089
1244667832195067905
1244667979146510342
1244668032443723776
1244668035056754688
1244668409322909698
1244668638315061249
1244668985687314438
1244669056826986501
1244669274322395136
1244669336364744705
1244671658729902083
1244671912594161670
1244672503760539648
1244672525138870272
1244673843379073024
1244674020286611457
1244674180190212097
1244674281243652096
1244674330774159360
1244675222969688066
1244675368327327744
1244675396639100931
1244675984571469827
1244677199715864576
1244678438524465152
1244678627071008768
1244678809510699011
1244679443181973506
1244679474911703041
1244679522588352514
1244679942618656768
1244680430743367681
1244680443993174016
1244681368501551105
1244682299553320961
1244682944461131778
1244684294070702082
1244685962388652035
1244686008995758082
1244686617132007427
1244686967503228931
1244687354427834368
1244687948261531651
1244688767811751939
1244688890679738370
1244690540152721410
1244691169596096512
1244691417676595205
1244694438049439749
1244694446215757824
1244696234352414720
1244696234620837888
1244696690164142082
1244696874659074055
1244697018619944961
1244697303895740421
1244697351396241410
1244697372954746886
1244697450541125633
1244697536142680065
1244697670947500032
1244698288206614535
1244698366560403461
1244698666813792256
1244698688905261061
1244699192787906561
1244700099143520256
1244701827502874625
1244702142792957952
1244702235344265216
1244702578895716353
1244704645664198656
1244705847382548486
1244705874754633728
1244707296820617216
1244707498516451330
1244707526211522561
1244707929468567563
1244707976927236096
1244708425726124034
1244708703506444290
1244708816031186945
1244708953994469377
1244709012941213702
1244709506556268545
1244710063589089281
1244710336604909568
1244710374567378945
1244710593761652736
1244710975422574592
1244711064106868738
1244711703826141184
1244711741218570249
1244713225893163010
1244713605175664646
1244713975004053504
1244714361303838721
1244714405515812864
1244714460209610754
1244715278002532353
1244715775174344704
1244716013398212609
1244716459172954114
1244716615452831744
1244717404745326594
1244717586132226048
1244718165206142978
1244718588398878720
1244718621609377792
1244718714328678401
1244719053962448897
1244719124317691910
1244719527004340227
1244720461331791873
1244720786923040769
1244721699108597760
1244723010805944325
1244723174232723459
1244723204326916097
1244723549010448384
1244724022690164737
1244724280421687296
1244725171354832896
1244725503388459008
1244727384542253059
1244727656643473411
1244727989117452288
1244728350687494144
1244729179280678913
1244729452438753281
1244729641711079429
1244729663341109249
1244729914537934852
1244730238808006662
1244731755338166272
1244732820683206660
1244732902534873088
1244734327553806337
1244734482227265537
1244734574510231552
1244735234949685249
1244735589934600195
1244736190319939585
1244736454150049792
1244738322192314368
1244738526236872705
1244739058787467264
1244739485507686406
1244740601431633921
1244740765772742656
1244741362337095685
1244741444084158465
1244742808285720582
1244743028419350529
1244743780818980869
1244743811366039553
1244743887693975557
1244744447201398784
1244744849141661698
1244745652866867200
1244745759448334342
1244746407925493767
1244746500309233667
1244746781725880320
1244746859303899137
1244747266461581312
1244749348669231104
1244749720746147842
1244750005811937280
1244750258564993027
1244750529315639296
1244751659089133568
1244752535707168774
1244752830940033024
1244752994631065601
1244753110544912387
1244753157940482049
1244754721748987909
1244755037458296833
1244757015228043269
1244757544431751171
1244757831070420996
1244758594786070528
1244759604229218305
1244760328631660547
1244760416741470211
1244760570307514370
1244761045413048320
1244761149901504512
1244761580090384384
1244761882742771713
1244762343076175872
1244762355650760704
1244762367654756352
1244762391973261314
1244762964827217921
1244763569968820224
1244764492778651649
1244764804272869376
1244765154312622084
1244765662041591809
1244766314104786951
1244768143433752576
1244769486676340736
1244770251981676546
1244772109026357249
1244772903951925249
1244772976559394816
1244773036194058240
1244773221183954946
1244773413752696833
1244773741596413952
1244774273086042118
1244774537641820163
1244776206299541507
1244776882819739648
1244777119152037891
1244777154446950400
1244777267257114624
1244777338803453952
1244780088777981958
1244783064653455365
1244786750075125761
1244787693437026304
1244789083173519367
1244789119248666624
1244789430038204417
1244789758645207045
1244789809857458182
1244789840752840704
1244789850357760009
1244789963155267584
1244790003030528001
1244790062514081794
1244790342878101507
1244790343331131392
1244790432158167043
1244790516165771267
1244790541365067778
1244791101669736448
1244791120560709632
1244792081450704898
1244792395943817216
1244792663674683392
1244793160573861889
1244794876002283520
1244795081216757760
1244795696307306497
1244795801932419072
1244796239247544320
1244796399583145984
1244796433250668544
1244797683623251968
1244797684143316993
1244798665316761606
1244799085489442823
1244799866661986306
1244801743155757060
1244801899083321344
1244802316357623809
1244802628044939266
1244802673951617024
1244810251255181312
1244812608827359239
1244826774590181376
1244834490972766208
1244839812756049920
1244840497723535360
1244840951920480256
1244841887392915460
1244842003239710720
1244842184152621056
1244842283180208128
1244842484997304321
1244842718435708929
1244842976238538755
1244843200705150976
1244843312097476608
1244843391873093632
1244843414383976449
1244843415763910663
1244843939594715136
1244843970942971909
1244844186110738432
1244844719277916161
1244844793034756096
