1242330715565555713
1242331044948463623
1242333215987240960
1242333695064903685
1242333844126089216
1242333944151969803
1242334420041977857
1242335090325229570
1242335379367383041
1242335434690174977
1242335435826872320
1242335589636222982
1242335656740864002
1242336072316715008
1242336708546277381
1242336720542150656
1242337541128404993
1242337905604874246
1242340215412469765
1242340885255172096
1242341169998303232
1242341647167492098
1242342893915967488
1242344533855272964
1242344651517984769
1242344852605538304
1242345043387486208
1242345357905924096
1242346313892745216
1242346684606222336
1242347455418638337
1242347459369676800
1242347648323072000
1242349776198422529
1242352319842471936
1242352660625395712
1242352996194725889
1242353312860639232
1242353754642550785
1242354687757688838
1242355344619319296
1242355481626148866
1242355527574851587
1242355575788392450
1242355952415883265
1242356142023598080
1242356174575546368
1242356408043089921
1242356497365041153
1242357358434463744
1242357637993451521
1242357885981659138
1242357902637182976
1242359494320979968
1242359536129912832
1242359736957370370
1242359936060919808
1242360266408570883
1242360269814353920
1242360463058485253
1242360805615718402
1242361043311104002
1242361158050471938
1242361167298822145
1242361983292358657
1242362243691446273
1242362334749822976
1242363190228520961
1242363231517188096
1242363387780182016
1242363560518455296
1242364323940519936
1242364389489025024
1242364392131440640
1242366079898435585
1242366690492592133
1242367102654328832
1242367152910458881
1242369113684692992
1242369552169799681
1242369810895458304
1242369972820680707
1242369985982468103
1242371650882019329
1242372058383896576
1242372106093858816
1242372458726002688
1242372665001852929
1242372701869785089
1242373458253746178
1242373699749085187
1242373732284403713
1242373814534590464
1242374019082530816
1242374718646255621
1242374749323440130
1242374760316764160
1242375585642340352
1242376079530172417
1242376399031320578
1242376496196530178
1242376986649034754
1242377288836173825
1242379050640957442
1242379398550036480
1242379408943579137
1242380128258318340
1242380330956447744
1242380395783561216
1242380507477876736
1242380929194020865
1242382204904194049
1242382536593965056
1242383526969868288
1242383584108871683
1242383700999970816
1242384237765906432
1242384398714052608
1242384512694325251
1242384748124700672
1242385086340833282
1242385538474291203
1242386574383419392
1242386900343808002
1242387703376662528
1242388985923551232
1242389332939472896
1242389624271572992
1242390110252994561
1242390766338654208
1242390887499522049
1242391062607360002
1242391276827430912
1242391557409353730
1242391784577208321
1242392106951479296
1242392638113931264
1242392956591636480
1242393222892130305
1242393924976721920
1242394867319308294
1242395537736957952
1242397339068911616
1242397359335751680
1242397942989774848
1242398418410123265
1242398555874029568
1242398690632970241
1242399655511670784
1242400924993310722
1242401423264034818
1242402277421453312
1242402541855481856
1242403501403078656
1242403976441663489
1242405150372909056
1242405636434006016
1242405836766543873
1242405966076928001
1242406286131695616
1242406351877390342
1242406726919479298
1242407367553306625
1242407608654467072
1242409136983334912
1242409195586101249
1242409241610158081
1242409452353007616
1242409743563591691
1242410523435708416
1242410590309662720
1242411149485899777
1242411784188854273
1242412279691436032
1242412608281546754
1242413520538525697
1242414302226780160
1242414839428833282
1242415513373831168
1242415514447687680
1242415689299705856
1242415769822134272
1242416118817599491
1242416309629059074
1242417712695042050
1242417984397881346
1242418324132311041
1242418435071643658
1242419354421071873
1242420010741428227
1242420092769452032
1242420194804412417
1242420310835703808
1242420322566979584
1242421431742447617
1242421746315284482
1242422149694046210
1242422278547111938
1242422320569950209
1242422408243380225
1242422645800525824
1242422653413027842
1242422841577963520
1242422860863463424
1242425522250043393
1242425563056390144
1242426007748894721
1242426465645453313
1242427028218892288
1242427272407252998
1242427285204066307
1242427773106434048
1242428193719701505
1242429004965187585
1242429250852081664
1242429343621505025
1242429831054311426
1242430368348848128
1242430676475011072
1242431915199795200
1242432508966375427
1242432768102952961
1242432866623070208
1242434929927114753
1242435114434465798
1242435731290800128
1242435842657918976
1242435890590273542
1242436552892067846
1242436562039734272
1242437471033602053
1242438454727921666
1242439551269908486
1242439966149545984
1242440292252422146
1242440341388693504
1242440376675426307
1242440609429884930
1242440674072571904
1242440694431703040
1242441007616180224
1242441008224309248
1242441592008572928
1242443280404668417
1242443340529926145
1242443842370011137
1242443871612588032
1242444279068463104
1242444702667943938
1242444963432083456
1242445553285255173
1242445694264389632
1242446140718682114
1242446221161246721
1242446485813374976
1242447531163951104
1242447572029132801
1242447580694556682
1242447726710681600
1242447911260217346
1242447919967420419
1242448940722614272
1242449283003146242
1242449449516855296
1242449755051044866
1242450098325340160
1242450670034313217
1242451218678648833
1242451255471022080
1242451368058580993
1242451621109534721
1242452188397518849
1242452263337107458
1242453629564403714
1242453725119156224
1242453846376488964
1242454449127333888
1242454551979941894
1242454754242019332
1242455458381737984
1242455733528154119
1242455915934232578
1242456007072153603
1242456096406753290
1242456385159389184
1242456517418369025
1242456551454994433
1242456578449526784
1242457203510034434
1242457217972031489
1242457323018358784
1242457442241458176
1242457453834334208
1242457576681373696
1242457641013653504
1242458204304482306
1242458277444796420
1242458359837622278
1242458975674806274
1242459179471831046
1242459195422769158
1242459336506585093
1242459368379027461
1242459563456110599
1242459770797375488
1242460058245464064
1242460672962822145
1242460708056567812
1242460732404482049
1242461134935949312
1242461152887443457
1242461172994953216
1242461191412342784
1242462091744817152
1242462366828240896
1242462374734397441
1242462621866979328
1242463054849282048
1242463350325252097
1242463359657639942
1242463395292610565
1242464182076727305
1242464425031991296
1242464629109846022
1242465218917216257
1242465896330715137
1242466003352563714
1242466403040604160
1242466754426589186
1242466901978238976
1242467098045136896
1242467189921165315
1242467667090366467
1242467989372502022
1242468256876843014
1242468385985720320
1242468629200777218
1242468844100153344
1242468850559410178
1242469061176377345
1242469136091033605
1242469709599125506
1242469963668938754
1242470442935427072
1242470537059860481
1242470795366055940
1242471121171156995
1242472184360177664
1242472236440788992
1242472453567324160
1242472594785386498
1242473753335873537
1242473988871290880
1242474168223817730
1242474231247626240
1242474480057761798
1242474549532225537
1242474961991798784
1242475122394451969
1242475202170294272
1242475284076662784
1242475355513982977
1242475450602901504
1242475760574541824
1242476410230341632
1242476530212564997
1242476632696172555
1242476765395779585
1242477112839241728
1242477405647835136
1242477609021292544
1242477671281541120
1242477772578193408
1242478151575277571
1242478171359977472
1242478506635923456
1242478566157082624
1242478952712531968
1242478981468823553
1242479136104280065
1242479963300913153
1242479981827104768
1242480284622258176
1242480368256790528
1242480604450557953
1242480825326800897
1242481369298722817
1242481470553436162
1242481485850042368
1242481569857769472
1242481591659696128
1242481869444317185
1242482161451544576
1242482833274396672
1242483180319289346
1242483184505421825
1242483210489126912
1242483249592635392
1242483518149623808
1242483898942140418
1242483981833998338
1242484037941366790
1242484049160966146
1242484139212697604
1242484439478910976
1242485655357108224
1242485691516432384
1242485701884686336
1242486229557444614
1242486258749890560
1242486269671804928
1242486652573974529
1242486728906153984
1242486817066110976
1242486907927437312
1242486982053421056
1242487232512098304
1242487664093171712
1242487745957621765
1242488401644879872
1242488603940454401
1242489710175498247
1242490413656784902
1242490646176452608
1242490787578941441
1242491837497118720
1242491877183627265
1242492109439086592
1242492136945221632
1242492149628678145
1242492187012554753
1242492839193427968
1242493547951075328
1242493839400673281
1242494293291315201
1242494433234280448
1242494836097376260
1242495596574978053
1242495604615503875
1242495631995920384
1242495712258134022
1242495768646299648
1242496063803621377
1242496227033391107
1242496427294486533
1242496741938737153
1242496842987864064
1242497195678609408
1242498333811318793
1242498808954716160
1242499602177277953
1242499633500360704
1242499856507326470
1242499860298977282
1242499985767350273
1242500016759062532
1242500337572839424
1242500442099236865
1242501084066676736
1242501160675823620
1242501264174469121
1242501556957614081
1242501584417849345
1242501609428520960
1242501680177876992
1242501729289027584
1242501746078801920
1242502042297536526
1242502428207054854
1242502800925503490
1242503000112771072
1242504684499169285
1242505118739767297
1242505186091778048
1242505778965237762
1242505874133766144
1242505949442715649
1242505954723352577
1242505999044485130
1242506018308919297
1242506235363987456
1242506678433542144
1242506757475315714
1242506962757021700
1242507582356496386
1242508243978661888
1242508635110023168
1242508642353655808
1242509010416340993
1242509292185452544
1242509442387603456
1242509494434902024
1242509604854149121
1242509769333760011
1242510029493862400
1242510280950558721
1242510294481547267
1242510505736011776
1242510598069530624
1242510755989250048
1242510997815848960
1242511077100773377
1242511127562481666
1242511604454916097
1242511744972570627
1242513293199257600
1242513773161783302
1242514260493766662
1242514430220308482
1242514446607626245
1242514585720180737
1242515161988108291
1242515204279279618
1242515277964869637
1242515454494728192
1242515813984276488
1242516439275274240
1242517120035868673
1242517525742718983
1242517641513693185
1242517750213480448
1242517928345513985
1242518173775249413
1242518346643447809
1242518392881504257
1242518664584335360
1242518688764395522
1242518719080935424
1242518868318228480
1242518964451848194
1242519080843837442
1242519670562926593
1242519699226755074
1242520557356105729
1242520562770927616
1242520886697168900
1242521290860310528
1242521360716398592
1242521392496685059
1242521679701688322
1242521932010045448
1242521942885838849
1242522116798517248
1242522565454827521
1242522689828532230
1242523129546604545
1242524687579713538
1242524953485946881
1242525237742313475
1242525667347984385
1242526469257134081
1242526486663442433
1242526778633191426
1242526990361559045
1242527330465198088
1242527490477895681
1242527846062489606
1242527866425724928
1242528225244438528
1242528712253456385
1242528975290863617
1242529336848195586
1242529378980020225
1242529629489049605
1242530536486080513
1242530875834650625
1242531633649115141
1242531818861101057
1242532900131782670
1242533263622787082
1242533476072591360
1242533662438174722
1242533768298139648
1242533885461680160
1242534020942086144
1242534456063340545
1242534719901892609
1242534764050927616
1242536534835974148
1242537024252522496
1242537559705686017
1242537590571466754
1242537699833262080
1242538117107597312
1242538614896168961
1242538794169118720
1242539056413790209
1242539582215905280
1242539696795901953
1242539951096393728
1242540518422151168
1242540538705760256
1242540683585564672
1242540924548403200
1242541132694851585
1242541576179593217
1242541754865385473
1242541761102336003
1242542073045225473
1242543207713472514
1242543509904777223
1242544003092041730
1242544139503374339
1242544509889773574
1242544865877073926
1242545151769280512
1242545989048602624
1242546217923608582
1242546268972503042
1242546781692530689
1242546970092167169
1242547905975771136
1242547967413891073
1242548476841467909
1242549323033989124
1242549683475509250
1242550046727573506
1242550243411079174
1242550289359609860
1242550478757601280
1242550894203469824
1242551256884883457
1242551515337940993
1242551690546630663
1242552396502282240
1242552681178320896
1242552685779443713
1242553373108211712
1242553819004915714
1242553993961910273
1242554029147926529
1242554223633498113
1242554352428101633
1242554597081853955
1242555222347649024
1242555224314822659
1242555304866439168
1242555387125149696
1242555903326457856
1242556151788642305
1242556377987350528
1242556439257849856
1242556511714455553
1242556905190502401
1242557139119476740
1242557696907378689
1242558106439020551
1242558341894803457
1242558525638873090
1242558539685650433
1242558804098576385
1242559137847758848
1242559340713857024
1242559438843785217
1242559763390570498
1242560037870067715
1242561026425585666
1242561313945116672
1242561324070158336
1242561521693196293
1242562431781486592
1242562635901657088
1242562797755682824
1242563349461839884
1242563855760461824
1242563962820014081
1242564700442972164
1242564731413696512
1242565198050922509
1242565228090421248
1242565583318781955
1242565728735236097
1242566091580243970
1242568655545577473
1242568893857542144
1242569266613964800
1242569484507975685
1242569576396832774
1242569681875152897
1242570152325066753
1242570216695050240
1242570347691618310
1242570860369756161
1242571121335009280
1242571708629999617
1242571826250895361
1242572594269827072
1242573342772727808
1242573676161228801
1242574033918529536
1242574644261064706
1242574707582517249
1242574964114554881
1242575141999128578
1242575470136352770
1242575593272676355
1242575603347439616
1242575791264681984
1242575792267309066
1242575960702058500
1242576490115538946
1242577639094845441
1242577805512237058
1242578183561633796
1242578255653343233
1242578610898243585
1242578819480866816
1242578833380794368
1242579048888274944
1242579105289101312
1242579266249752576
1242579536169930754
1242579711433289729
1242579730966208512
1242580172240572419
1242580924883177475
1242581341838938124
1242581453969424384
1242581545094991872
1242581983018004485
1242582825838280711
1242582877189083137
1242583807263375360
1242583873399263232
1242584143059271681
1242584189301481472
1242584222973526016
1242584539840622595
1242585194340724742
1242585691197972482
1242586385367863298
1242587150517968898
1242587233728806917
1242587249809776646
1242587348312956928
1242587598545195008
1242588259571679235
1242588577382330368
1242589210491510784
1242590203136692225
1242590280408317952
1242590348473491456
1242590543911190528
1242590554753568769
1242590956962054156
1242591570802737153
1242592122865319938
1242592484938653696
1242592582020055041
1242592718070657031
1242594009182330880
1242594064148492288
1242594071928909824
1242596330221993984
1242596423994150912
1242597176074592257
1242597895985082369
1242598084305190913
1242598854668812288
1242599315341787148
1242599373516812288
1242599963512750082
1242600056005541888
1242600980795084801
1242601384194834436
1242601608640421888
1242601965059784705
1242602688052789248
1242603019683987456
1242603057378029568
1242603159912099841
1242603533683372032
1242604308128022529
1242604537971703808
1242604777915154432
1242604830574751749
1242604856734552064
1242605912201875459
1242606030934212610
1242606221435207683
1242606479120752641
1242606576973811712
1242607036514185227
1242607543924469761
1242608349163765769
1242608492646629376
1242608510627700741
1242609150888116228
1242609528086188032
1242609717509271557
1242610889053921280
1242610970486132736
1242611446443380736
1242611693500456961
1242612051819794432
1242612755804323841
1242614304630657024
1242614335077330944
1242614681212268545
1242614964675846144
1242615015682826242
1242615033315631106
1242616008721854464
1242616591545753600
1242616844009299969
1242616946677481472
1242617245328531457
1242618205371355137
1242618761934516225
1242619399061856258
1242619445203415041
1242619875647946754
1242619904127361025
1242620128325513217
1242620185187692546
1242620346571689984
1242620347645448192
1242621097121644544
1242621126028730370
1242621212146036736
1242621279951257608
1242621376479080449
1242621517697032196
1242621846027227140
1242621916176953345
1242622064466378752
1242622870406205440
1242624763865907200
1242625403673612289
1242625584028622848
1242625671530192896
1242627076655587328
1242627136604733442
1242628523015254017
1242628723511156736
1242629628633595904
1242629668920057860
1242630157833289729
1242630530845118464
1242631495866445825
1242631592234946560
1242631740117614593
1242631848498319360
1242632132146708486
1242632422837157890
1242632907698720769
1242633147570737154
1242633632730267653
1242633809151082496
1242634564234862594
1242635565893177344
1242636298466267136
1242636670089875457
1242637330294472705
1242637623882997760
1242638310218088450
1242639310203084801
1242640053697994754
1242640065987215368
1242640286846681088
1242640685855125505
1242640790414921728
1242641843617034240
1242641979403616258
1242642631194075136
1242643452136960000
1242643969458221057
1242644150698348544
1242644208298741762
1242644468894842880
1242645126083743744
1242645587415179267
1242646058741661696
1242646090735730688
1242646129864577034
1242647716280143872
1242647734924034048
1242648392796381190
1242648548916834304
1242648690420068353
1242648978182885381
1242649362368548864
1242650255352422400
1242650508478775296
1242650513289760768
1242651127243563009
1242652412973928448
1242654005395951617
1242654618129137673
1242654837713625089
1242655946825961473
1242656090137014272
1242656868583067654
1242656964930342912
1242657434260451329
1242657543152795650
1242658105759940609
1242658125964066816
1242658289315467265
1242659382829232131
1242660340988620801
1242660366200508416
1242662642818281472
1242662897886601221
1242663488633409536
1242663883703070726
1242664257843531779
1242664489813716992
1242665675203784705
1242665908721422336
1242666611951181830
1242667698099814400
1242668041172746240
1242668070755328000
1242668468706725889
1242669078101266432
1242669725206921219
1242669893515968513
1242670014215397376
1242671274322800640
1242671580817362944
1242672704924405763
1242673540329062400
1242673654837673984
1242673705022402560
1242673708822659073
1242674296272584705
1242675186283012096
1242675819484512261
1242676399078436864
1242677770976743424
1242678325178511360
1242679400895782913
1242680560465653760
1242680974086832129
1242682042531356673
1242682514856185862
1242683026112380931
1242686742622134277
1242686769063170048
1242687002023211008
1242687250330193920
1242687871083073536
1242688007687340032
1242688475381600256
1242689191655477249
1242689821488885760
1242691443082305536
1242691877809332231
