1242694084235530241
1242694694590541825
1242694966297735169
1242695415037857793
1242695498382934017
1242696110159822850
1242696256398462976
1242697026451759104
1242697103954120704
1242697353972285441
1242697489272254464
1242697585082728451
1242697733175226369
1242698149988368386
1242698164328595457
1242700333912129538
1242700896041123840
1242701101188743168
1242701258516877312
1242701849939120133
1242701857253982208
1242702134740746241
1242703577308696576
1242703894695854080
1242703957245509632
1242704356710985728
1242704507555000321
1242705326820012033
1242705413503680512
1242705822125363202
1242707862532603906
1242708716484472832
1242708800509038592
1242708852308611075
1242708982697021440
1242709901283123200
1242712512954372097
1242712696316989441
1242714097201758210
1242714330182844418
1242716138582261760
1242716514303827971
1242716951077584896
1242717437856034816
1242718101382336513
1242719205868388353
1242719719414775808
1242719906375897088
1242720633349451776
1242720835426811904
1242721802465480704
1242722758821281792
1242723013075841025
1242723425371721729
1242724975171141639
1242725320211533824
1242725342499962882
1242725568229117952
1242725682351833095
1242725967782653954
1242726159189782530
1242726325829459968
1242726498555047936
1242726990924431360
1242727203391102980
1242728356920975360
1242728744084738048
1242729168892198914
1242730533744005120
1242731003711557638
1242731869256536065
1242732098470862851
1242732357880295424
1242732522271883264
1242732560507179008
1242732578110668800
1242733350822920197
1242733955083915264
1242734824424693761
1242734872394903552
1242736336588677121
1242737513321635840
1242737699280375808
1242738209152544768
1242739170944180225
1242739241282613249
1242739806179856384
1242739830599057409
1242740533908213761
1242740793498128385
1242740985525940226
1242741603611148288
1242742397949194243
1242742715525345280
1242743024544886784
1242743160897503233
1242743423490240512
1242743912957120513
1242744070348451845
1242744607340986368
1242744707798745088
1242744902028537857
1242745278995869698
1242745399326265346
1242745414304006145
1242746287579070466
1242746590823174147
1242747345994944518
1242747940470427648
1242748034318032896
1242748316946964480
1242748612142039040
1242748760603721728
1242748902572544000
1242749398586662912
1242749667240226816
1242749864599044096
1242750449171738626
1242751237281456134
1242751922072956929
1242752322771566592
1242753235443765249
1242753242532057088
1242753600025063429
1242756571320537088
1242757871382732806
1242758340305801217
1242758969036283905
1242759402500825088
1242760483721170945
1242760993521963008
1242761301006471177
1242761534863888386
1242762049777778688
1242763612579643392
1242764210796408832
1242765174295138305
1242765221338525696
1242765479279603713
1242765614512517120
1242765678186242048
1242765749460008961
1242766134337835009
1242766898535829504
1242767192539779072
1242767199737196544
1242768909310119936
1242769100469710852
1242769678088302592
1242770028736524288
1242770238820634626
1242771075055771648
1242771119347650560
1242773080826617856
1242773441511673856
1242773533240901634
1242774351239434245
1242774402565124097
1242774825854218240
1242775792033173506
1242775905631645696
1242776834103787521
1242777450217639937
1242777848659824643
1242777992591482881
1242779102500749312
1242779150970171398
1242779367538819072
1242780318358294528
1242780618452357120
1242781870158479361
1242782750953873409
1242783560622366721
1242784229391548418
1242785126024654849
1242785146237042691
1242785341137989637
1242785747549278208
1242786540583030787
1242786888475426817
1242787153173786624
1242787154176233475
1242787232081162240
1242787295293366272
1242787332975099910
1242787852091604992
1242788304938024960
1242788449423409153
1242788571515424768
1242789179139866626
1242789982495965184
1242790136104071168
1242790362051207168
1242790798040748032
1242792136065589248
1242792443214471176
1242792572222758914
1242792643375087616
1242793270465515520
1242793310990802944
1242793433070219264
1242793499436564480
1242793647990616064
1242793730945531906
1242794592161812480
1242794826375938050
1242794854079508481
1242795222674931715
1242795263112040448
1242795625747488768
1242795682441854976
1242796150106853376
1242796491892314112
1242796547328348163
1242797127304175616
1242797183570792448
1242797524307652608
1242797587960188929
1242797894471745538
1242798256675061760
1242798333384486914
1242798620295999490
1242798841855979521
1242798983619149829
1242799075524849670
1242799559488741376
1242799970492833793
1242800005624270849
1242800594064224256
1242800703736819712
1242801165391273990
1242801790426517505
1242802458662973440
1242802795532738560
1242802798606970880
1242802923165401089
1242803020821389313
1242803581155147778
1242803850987397120
1242804300759404545
1242804601214164992
1242804885747359745
1242806344626966528
1242806353434947585
1242806737356423168
1242806872689856512
1242807142572326912
1242807192643719168
1242807573155209218
1242808126405050370
1242808275806179332
1242809184262864896
1242809275585630212
1242810223682879488
1242810375864815618
1242810438603202560
1242810948261302272
1242811000606396416
1242811542481121280
1242812205378211841
1242812248877412357
1242812257362296832
1242812335284256768
1242812346449494016
1242812350337515520
1242812389403144196
1242812433636511749
1242813065873195008
1242813955141074945
1242814360411668480
1242814466909261830
1242814569946288129
1242814914277883905
1242814941255487488
1242814957781221382
1242815495910445057
1242815761497890821
1242815904804671488
1242815938728206341
1242816036967235584
1242816099617583104
1242816308829437953
1242816856852852736
1242816891250491399
1242817829763715072
1242817970138685440
1242818052074418179
1242818502018260992
1242818719493099520
1242819392280367104
1242819607699820547
1242819863535587328
1242820132134625282
1242820520049020931
1242820737527939073
1242821315389726720
1242821447845904390
1242821529357807616
1242822410413498374
1242822638227066880
1242822639372115970
1242822777494790145
1242822856003792897
1242822990921977856
1242823151077163009
1242823333365907458
1242823670688632832
1242823696403832834
1242823739655495680
1242823819099869184
1242823905485586433
1242824131390787585
1242825394572623879
1242825542832922624
1242825706792460288
1242825921217904641
1242826226491953152
1242826445862379520
1242826786536292359
1242826918916960264
1242827707110633473
1242827900790996992
1242828347593326592
1242828713345064961
1242829081244135427
1242829501572231170
1242829958944194560
1242830017299652608
1242830315300716545
1242830692855287808
1242830810194964480
1242831521419005955
1242831800269000705
1242831844963495937
1242832007048114178
1242832351459258370
1242832701427716103
1242832758713520129
1242832817677045761
1242833203473403904
1242833323728273408
1242833334524395523
1242833533896470528
1242833575092686849
1242834743353323520
1242834869505396737
1242834904741744647
1242834940141506561
1242835296649129984
1242835921185247233
1242836078744211457
1242836160692588544
1242836400539676672
1242836407930032129
1242836733743505409
1242836938417156098
1242837255846268934
1242837778875871232
1242838197618573315
1242838788671488006
1242838793264267271
1242838920729149448
1242838965507457024
1242839243287904256
1242839863470084098
1242840390190981120
1242840584412434432
1242840776918192134
1242841215114100737
1242841503661281281
1242841522971660289
1242842009146208258
1242842885504065537
1242844019903934465
1242844714317086722
1242844824388190208
1242845188453806093
1242845803330273280
1242846656766197760
1242847336600162305
1242847668335976449
1242848057529597955
1242848090291347457
1242848449596461064
1242848852614447109
1242849029404233729
1242849240004558848
1242849296392822787
1242849655576236037
1242851491699773441
1242851579771924481
1242851995632824320
1242852165808504834
1242852436332642305
1242852660652519429
1242853396224368641
1242853971573846019
1242854002313687040
1242854180664102912
1242854244681748485
1242854595627569153
1242855042341834762
1242855265290067968
1242855562758545414
1242855909619126278
1242856301044129797
1242856304315531265
1242856824128372737
1242856979720257537
1242857124096618496
1242857216379621377
1242857412480172032
1242857735542235137
1242858044716965890
1242858074748182530
1242858361068097536
1242859764423569408
1242859778755395593
1242860461642715138
1242860625807560705
1242860690953641989
1242860745450237953
1242861175643070464
1242861495417012228
1242861521367113728
1242861538316189697
1242861668196995072
1242861706218541058
1242861830160220162
1242861985093562369
1242862207332950017
1242862263545016327
1242862307874660352
1242862358801920002
1242862711068930048
1242862772309778433
1242863283280936965
1242863332895281152
1242863431688085504
1242863466781818880
1242863517784510469
1242863760995319808
1242864103896395778
1242864414812000260
1242864688255447042
1242865107408994307
1242865347709018112
1242865880700194816
1242866331977908230
1242866528414023680
1242866713257009152
1242866808517951491
1242867074755637249
1242867088634580992
1242867611496562688
1242868110459375617
1242868230319988736
1242868345235439618
1242868977581330432
1242869047957602310
1242869321392517120
1242870234819821568
1242870670381289472
1242870947918548994
1242871513361113091
1242871708081684481
1242871747306590208
1242872093932388356
1242872279106715653
1242872317354446849
1242872766442938368
1242872836643000320
1242872931429928960
1242872995296804864
1242873121620836352
1242873229078822913
1242873620365533184
1242873815669112835
1242874041289113600
1242874146536804352
1242874362832793601
1242874383414296578
1242874434660204546
1242874439798263810
1242874512108138498
1242874531087290368
1242874757776846850
1242874950903611393
1242875200712126471
1242875365963575296
1242875428366364673
1242875841362767873
1242875946572615680
1242875960430678017
1242876248310849537
1242876725131911170
1242876887514460162
1242876901057798146
1242877257187762179
1242877399051767809
1242877563179020291
1242877911704784898
1242878296842539015
1242878650753724417
1242878856115228673
1242878939628003328
1242879539736244224
1242879568463179776
1242879829747339264
1242879976350728192
1242880558973272064
1242881013879095297
1242881165293314048
1242881390712143872
1242882230017540096
1242882557307498498
1242882933469388801
1242883319349547009
1242883941801082887
1242884165189713920
1242884566026764289
1242884860156563463
1242885087114473474
1242885941628243968
1242886094405812224
1242886281291599873
1242886460702851080
1242886538158997504
1242886617028644869
1242886708888305666
1242887203119751168
1242887605353680896
1242888140051939328
1242888335699390464
1242888614746271744
1242889366474764292
1242890484546187265
1242890494574821377
1242890973581058048
1242891237251624960
1242891361835237376
1242891547106041856
1242891684662456320
1242892515293814784
1242892576581009409
1242892603743326208
1242892681296011264
1242892776397836288
1242893009278193667
1242893078572216321
1242893218234028032
1242893366716751873
1242893436086353921
1242893551668613120
1242893883199143939
1242894105199489025
1242894126762393600
1242894539498668032
1242894971130318852
1242895757050511364
1242896791047229444
1242897241125220352
1242897406036975618
1242897715983527936
1242897985840742400
1242898003863703552
1242898253210886144
1242898350065713158
1242898704677437440
1242898912047968262
1242899108278435840
1242900909841137665
1242900935367512064
1242901228239179779
1242901335604899840
1242901396111802369
1242901667974197251
1242901754372554754
1242902235715076096
1242902309643919361
1242902458151690240
1242902467014205440
1242902566436036615
1242902830744141824
1242903326120906754
1242903444480045057
1242904164130344967
1242904382167035905
1242904675655077888
1242905048344145922
1242905409054289921
1242906111516332034
1242906873860435970
1242906988675321861
1242907256733061126
1242907553039867906
1242907893101400064
1242908785863208961
1242908787419291650
1242909654927147008
1242909724036739074
1242909931440934912
1242910089360617481
1242910294013329411
1242911866176897024
1242912041041645569
1242912054157205505
1242912275910070273
1242912795047280640
1242912819990970369
1242912897841446912
1242913421819076613
1242915064266534923
1242915756804898822
1242915963567247368
1242916234674528263
1242916881855655938
1242917047346049027
1242917144553295872
1242917494253408257
1242917658653331456
1242917815134433282
1242917838018555911
1242917993937612800
1242918236477325312
1242918250041802758
1242918271839547397
1242918407386869767
1242919093998518273
1242919347493965839
1242919723760787459
1242919913632796674
1242919960982192128
1242920688110964736
1242920774026932224
1242920940519829504
1242920999785574402
1242921304338071558
1242921472059899908
1242921618889981953
1242921968162295809
1242922934064332801
1242923017329610755
1242923038682873861
1242923422646222858
1242923744361922560
1242924105214627840
1242924231320576000
1242924440536657925
1242924448807821313
1242924624377249793
1242925677948465152
1242926161442811910
1242926467920605186
1242927042083147777
1242927466232139788
1242927684939890688
1242927748554711040
1242928115594092544
1242928118031167492
1242928708677259266
1242929008678969349
1242929700109832192
1242931094351040512
1242931170578399234
1242931709550747655
1242931849602752513
1242931852371001352
1242934935209406464
1242935011269128192
1242935276579590144
1242935846778609667
1242936514729959427
1242937062300540939
1242937324641628163
1242937868047339521
1242938406511968256
1242939756155219968
1242939920479633413
1242940272540930048
1242940277603606528
1242940315952087044
1242940551575601153
1242940661730611200
1242940865733177356
1242941094557560842
1242941209061937152
1242942447056904192
1242942598223888386
1242942993356804103
1242943327294509056
1242943753234628614
1242943784591163400
1242944434804793344
1242944653789409288
1242945815393587207
1242946249281675266
1242946297335693314
1242948039448420353
1242948049732866048
1242948389735665664
1242948632388587521
1242948833711177729
1242948947292950531
1242948967866011655
1242949205657899013
1242949293230743553
1242949748073660417
1242949797000040448
1242949925136203779
1242950481942634508
1242950862017880064
1242950908092338177
1242951120915480577
1242951379540307968
1242951836220436480
1242953824752398336
1242954053367279616
1242954721679290368
1242954844299620352
1242955027112550402
1242955687983853569
1242956194802778112
1242956257490800652
1242956434700197889
1242957831621365760
1242959793293312004
1242959855226322951
1242960636751069187
1242960667168124934
1242960788756848642
1242961065035665409
1242962425701416960
1242963130558414848
1242964108527439873
1242964444075954176
1242964919580086273
1242965060806479873
1242965402629607426
1242966469664784396
1242966773424676866
1242966966249218048
1242967361579356160
1242967796679467008
1242967938115698688
1242968543907532805
1242969140543062019
1242969267324280839
1242969441433989127
1242969756472410112
1242969773941669896
1242969876085510145
1242970908081479683
1242971053879631872
1242971060925915137
1242971387997966336
1242971572085940224
1242971803053690880
1242972040639819777
1242972222362353667
1242972701720969216
1242973656201990144
1242973928257196033
1242974636792569856
1242974768577613826
1242975260598820864
1242975442392539137
1242975459824058368
1242975492929728513
1242975728028790784
1242976504205717505
1242977189450199045
1242977234123665414
1242977760500428802
1242977962393124864
1242978510546841600
1242979120209956864
1242979126593675265
1242979318789267459
1242979759862108160
1242979781261561856
1242979921007382531
1242980661700579330
1242980761856290816
1242982173545824259
1242982354408390657
1242982830545797121
1242983088851832833
1242983903398375424
1242983986499948544
1242984437052301312
1242985482109227011
1242987806869381122
1242988087858192384
1242988494848512005
1242989057413701633
1242990610207866887
1242990923606298625
1242991086668308482
1242994011054518279
1242994400302632961
1242994496096346112
1242994622818914304
1242994984074317827
1242995252526546945
1242995752416079872
1242995916736520192
1242996190029000704
1242996548302245889
1242996652346167296
1242997491907194881
1242997610090237952
1242997909261619201
1242999417315229697
1242999904051400705
1243001006084030464
1243001322133168135
1243001414181359617
1243001469604777985
1243003301970542592
1243003911515987968
1243004015996219394
1243004049210765312
1243004184946933761
1243004559846449154
1243005333334888448
1243005601220825089
1243005897816842245
1243007140870139906
1243007381212028928
1243007400493359105
1243007439605243911
1243007689174716416
1243007863833976833
1243007898554372096
1243008233595383808
1243009654399139841
1243010875352588288
1243011890344677376
1243013570562011136
1243013938293411846
1243014044069568514
1243018971382767616
1243020007740669952
1243020527935066112
1243021276786155520
1243021315029848066
1243021780635258880
1243022319691464716
1243023341243502592
1243023617643995137
1243025748539170823
1243026094921601025
1243027349840461827
1243028059378221056
1243028095432634368
1243028853112610818
1243031992217804801
1243032538844516352
1243032570729762816
1243034030699937792
1243034403443531776
1243034921167400962
1243036211482169346
1243037763915694080
1243038566411886600
1243038814001664006
1243039673959710722
1243040163468640257
1243040191876485120
1243040954048749570
1243041424414781440
1243042084875108354
1243042292635664384
1243042806131761158
1243043547823116288
1243044347349798913
1243047805175939074
1243047888961384450
1243048590077046784
1243049458692231168
1243049772757352448
1243050329152741378
1243051818415988736
1243052264719355906
1243052308650512386
1243052539366563841
1243052595297615872
1243053845456064512
1243054350798393344
1243055005009149952
1243055792036679685
1243055900975382529
1243056945701027840
1243058194064252928
1243058878713036800
1243059295069130752
1243059636477005824
1243059870095507456
1243060652769456128
1243061419668627456
1243061968971448322
1243062558245957632
1243063359739760640
1243065176624152578
1243065503888953345
1243065847830032386
1243068207411400704
1243068523489792000
1243068824435507200
1243069045747912704
1243069101267877888
1243069661673111552
