1241208732979212289
1241208755578118146
1241209205618544640
1241209532199682049
1241209757924347904
1241209869086179331
1241210200037699584
1241210407185985537
1241210998964416512
1241212497874436096
1241212687444365312
1241213428095746048
1241213662460809217
1241213867964989442
1241213896201043968
1241214016980221955
1241215652481970179
1241216691281035265
1241217218127462402
1241217218190303232
1241217561674514432
1241217954378928128
1241218112797708288
1241218656098553862
1241218727028408320
1241219313564033024
1241219357960699904
1241219360032731136
1241220055079231489
1241221824375140352
1241222026431512576
1241222588761767938
1241223728073236482
1241225044036108288
1241225152597286912
1241225794141159424
1241226438243569664
1241227758610591744
1241227983995564033
1241228451924840448
1241228874006040577
1241229119175536641
1241231066171445248
1241231115630850048
1241231573472677888
1241231661125206016
1241231856395313153
1241232671046500353
1241232923841314819
1241234146468511746
1241234354233315328
1241234404023943169
1241234641568309249
1241235375269404672
1241235989898702848
1241236236842356736
1241236454526922757
1241236638363238400
1241237577560186880
1241237940283432960
1241238068536975360
1241238544842133504
1241242250673369089
1241242371234332673
1241242559319588864
1241243228411760642
1241243889790595073
1241244783865139200
1241245837054939136
1241245949403504642
1241246638187909120
1241247271959887872
1241247318554357765
1241247724164370433
1241247882189176833
1241248237551575040
1241249260554735616
1241249304196591622
1241250204646588424
1241250661603426305
1241251415462424576
1241251500023832576
1241252313366327296
1241252736374468609
1241252930239565824
1241253926025994241
1241254841353199616
1241255530766761985
1241255859012825088
1241255931830308865
1241256774877024257
1241257000161259524
1241257221725532160
1241257283004358656
1241257333826768896
1241257915719303168
1241259892167622656
1241260042030120960
1241260110153990146
1241260954354167809
1241261175846952960
1241261712147238912
1241261892498345984
1241263067612184576
1241263500476813313
1241265148083474432
1241265669963804674
1241265997442625537
1241266041289871360
1241266679365152768
1241266998396555267
1241267745066487808
1241268878606577664
1241269013600178177
1241271167102488576
1241271790435028992
1241272016516284418
1241272154467061760
1241272658572034050
1241273556798967808
1241273688990851073
1241274869893025792
1241277370130194434
1241278215445819392
1241278597744046080
1241278745027084288
1241278929492676608
1241279014976749573
1241279493001498625
1241279883227074560
1241280188006055936
1241280265584087040
1241280656207839233
1241281303120621569
1241281304056016896
1241282209769799680
1241282961938550785
1241284161190662145
1241284278144524290
1241284454628438016
1241284593975791616
1241284843461279750
1241285505834201089
1241286291397853186
1241286299123961857
1241286423069765633
1241286538153078784
1241286571665612800
1241287376401567744
1241287712151404544
1241288206458523648
1241288489708257280
1241289733206089728
1241290794742493185
1241290925181218816
1241291503663792128
1241291800591114240
1241292027213615106
1241292105244262406
1241292665255313413
1241292980226580480
1241293487632338948
1241293633418117121
1241294350895714304
1241295442278834176
1241296549617061888
1241296598153469952
1241297448397492224
1241297737024405504
1241298581585309696
1241298847856390145
1241299729390219265
1241299896222855168
1241300078364626944
1241300251673341953
1241300321760141317
1241300542808260608
1241300624484032513
1241301319194902528
1241301405018861568
1241301426816667649
1241301593422733312
1241301956733386754
1241302269641011201
1241302327560146944
1241302445701070849
1241302623392862208
1241302630288293888
1241304168041775105
1241304490365632512
1241304941903429637
1241304996072714241
1241304996777472000
1241306434731683841
1241306551920574464
1241306785245519873
1241308363213942784
1241310014175838208
1241310959341371395
1241311373369507842
1241313475328081920
1241313525999579136
1241313763405500416
1241313917202239488
1241314606695559172
1241316400590999552
1241316927592677377
1241318857610080256
1241319154608635906
1241319300079726592
1241319396972417027
1241320478809165825
1241320643737550848
1241320828588916736
1241321159959949312
1241321979858300929
1241323489400967169
1241323792741302273
1241324352974598145
1241324842378551296
1241324996611301377
1241325245979602944
1241325606199070722
1241325750982246400
1241325842678124546
1241325855399346181
1241325979433345026
1241326434146308096
1241326761888993283
1241327383984168965
1241327504075481089
1241328327945748481
1241328955933720577
1241329209139658754
1241329312374173696
1241329370800717825
1241329468809064448
1241329649646555138
1241329740587216900
1241330273154981890
1241330724965400576
1241331036287651841
1241331102775676928
1241331363183300609
1241332367689736192
1241333014971416578
1241333417045827584
1241334336059834368
1241334571431366656
1241335498645352451
1241335502357385216
1241335613418287105
1241335761577881603
1241336426907578369
1241336630998224896
1241337795869732864
1241337891005005827
1241338095569690624
1241338280647331840
1241338760006172672
1241338942680694784
1241339255525441536
1241339394914689024
1241342851730018304
1241343104264912897
1241344757886042112
1241344958939848704
1241348740369317889
1241348928706097154
1241349089138290688
1241351626226651142
1241351641233854466
1241351644182458368
1241351687652233217
1241352054674558976
1241352095464402945
1241352403976425478
1241352547807514625
1241352568158089216
1241352695790931968
1241353552515289089
1241354049137631232
1241354085498003456
1241354148555247616
1241354353656684544
1241354441661579266
1241355053794877444
1241355089731883011
1241355233034416131
1241355974545375232
1241356041163624454
1241356167567286273
1241356593196937216
1241356742451245057
1241357390668271616
1241358154337628162
1241358182779248642
1241358753938751488
1241358965306425344
1241359402663378945
1241359568447381505
1241359669937016835
1241360277872021508
1241360289297305604
1241360300596703232
1241360330040594433
1241360455492415488
1241360460680699910
1241360465898475521
1241360569439043585
1241360582193950720
1241360859655557120
1241361045190565891
1241361128820703234
1241361258173083648
1241361423495815168
1241361739398164481
1241361753503662080
1241361754417848321
1241361775381143552
1241361828615258113
1241362859369480193
1241362884137029632
1241363053716725763
1241363270079901697
1241363290082676737
1241363780044537857
1241364645346066432
1241364827848814592
1241365582349467650
1241366562709409793
1241366737725120512
1241366954579046400
1241366964800491521
1241367152407519233
1241367193566228481
1241367365993914369
1241367430628343810
1241367562421710849
1241367721167728641
1241368089633198081
1241368329492803591
1241368386199846917
1241369724237348864
1241369963597664256
1241369970518437888
1241370203407015936
1241370800541904899
1241371460645482499
1241371714916880384
1241372280564797447
1241372556680220672
1241372781079670784
1241372789862305792
1241373132235014144
1241373410418188288
1241373413798805520
1241373737540337666
1241373897456574464
1241374272179798016
1241375039544422401
1241375084314583041
1241375224463056897
1241375233308852227
1241375241496133632
1241375351512727560
1241375451479711745
1241375810407272448
1241375986844745728
1241376041656090627
1241376081808105472
1241376191178838016
1241376428802768896
1241376770789646337
1241376959764008961
1241377149493432321
1241377860251721731
1241377940769837059
1241378163709665280
1241378763427975170
1241379132086329344
1241379151598227458
1241379533636452352
1241379552968028160
1241379940651749377
1241380172164673537
1241380235351752704
1241381232816128001
1241381347702312960
1241381473132961792
1241381630729687041
1241381823994789890
1241382338266873862
1241383245884817411
1241383774321102848
1241383883502911489
1241384129842810880
1241384132061560840
1241384595649634306
1241384623625719810
1241384709583704067
1241384744023142400
1241384957542531074
1241385198656401410
1241385199323267073
1241385236056981508
1241385393934815234
1241385396967297024
1241385817983062018
1241385878947352576
1241385935717060608
1241385942587518976
1241386128734732289
1241386198821634052
1241386930052440066
1241387048218624001
1241387062315671557
1241387081009594370
1241387158524571650
1241387305337790466
1241387611005968385
1241387793269440512
1241388090096263168
1241388179661479937
1241388338629795840
1241388542087004163
1241389342444175361
1241389460924882946
1241389698431561728
1241389972353146880
1241390166125826054
1241390348171120640
1241390393121357825
1241390401996705793
1241390671308734465
1241390716733046791
1241390827903082497
1241390969510965248
1241391974172721153
1241392267522379776
1241393114104958977
1241393162649772032
1241393377683427329
1241393819846754306
1241394052634939393
1241394672339169284
1241394699539283969
1241394849410056192
1241395208253734912
1241395255813058561
1241395483953823754
1241395569240805377
1241395779840983043
1241395939568467973
1241395960590336008
1241396022405890048
1241396192229183488
1241396675526213632
1241396779196846086
1241396783160401921
1241397167366922245
1241397415586004995
1241397619001196545
1241397963424964609
1241398115728527361
1241398166362001408
1241398259488141312
1241398301565628418
1241398399250956289
1241398614410354688
1241398676762886145
1241398855964516353
1241398920187719680
1241398998176608257
1241399287034101762
1241399516307357697
1241399581327396866
1241399637530906624
1241399702135988224
1241399909905043456
1241400078679539712
1241400132429664256
1241400271147859968
1241400360456998913
1241400990441582593
1241401737208123394
1241401960676429829
1241402033539887104
1241402289421770752
1241402568506474498
1241402684349067265
1241403264811388933
1241403295475908609
1241403524166094848
1241403696224841728
1241403839397453824
1241404218814201857
1241404400171732992
1241404543021219842
1241404716581519369
1241404990767476736
1241405007557275648
1241405029640065024
1241405648253804545
1241405654625026048
1241406304045780993
1241406353689714689
1241406390213775363
1241406478436773890
1241406714978750466
1241407723461201922
1241407817866776578
1241407956819701760
1241408529279352833
1241408734775083008
1241408997300854786
1241409021577498625
1241409267971821570
1241409530598248450
1241409919812874242
1241410725408628739
1241410745386090497
1241411945502310401
1241411964145991683
1241412316815654913
1241412325871099908
1241412638447468546
1241412806345396224
1241412821080059906
1241413113611800577
1241413159459618816
1241413282155704320
1241413766828285952
1241414291682721799
1241414600987418625
1241414741416792064
1241414764531572736
1241414819355463681
1241414862460334080
1241415097970569221
1241415218879541248
1241415426728484864
1241415788998938626
1241415828685426689
1241415977864134662
1241416165508825088
1241417402018967552
1241417748338618389
1241418215730880514
1241418457335373830
1241418677611909121
1241418807836639233
1241418975579422727
1241420103712997380
1241420573143642113
1241421192852131846
1241421456556331010
1241421635841908739
1241421759527751680
1241421836526718977
1241422203893297155
1241422294192394241
1241422390397042688
1241422881432711171
1241423149343944704
1241423159590563844
1241423188330008576
1241423417284362241
1241423641570684936
1241423899918827522
1241424462689579008
1241424521355280385
1241424613248303105
1241424621490130948
1241424793410379776
1241424912360902657
1241425125779460097
1241425259183706114
1241425300875026437
1241425576323407872
1241425669285912578
1241425921967456257
1241425950484697090
1241426170761093121
1241426266601009161
1241426877144797185
1241426992228163587
1241427419011170307
1241427611626209287
1241427851347464192
1241428019501301762
1241428077562880000
1241428662857146377
1241428701209821185
1241428761503031301
1241428982291214339
1241429389117665280
1241429396281589762
1241429552280358915
1241429571347472384
1241429904895475713
1241430156654379009
1241430167928668162
1241430448384819200
1241430468311932928
1241430703616786433
1241430865848270856
1241430890074517506
1241430906725785601
1241430953098203137
1241431074435215361
1241431109214375936
1241431124699746304
1241431330287751168
1241431356401422336
1241431695318024194
1241432028974845959
1241432177453207552
1241432563874488320
1241432572640538624
1241432598632636420
1241432678034894848
1241433047364493312
1241433881116622849
1241434058313236480
1241434590071455744
1241434663132037123
1241434919835856896
1241435399660228608
1241435809779027968
1241436257802227714
1241436637768318977
1241437162496819202
1241437339341258752
1241437481892904960
1241437653523927041
1241437829621743617
1241437925449048064
1241438050850308101
1241438209252392961
1241438911848763400
1241439297842171915
1241439540654505984
1241439755457515525
1241440086052519939
1241440154717487109
1241440165131964418
1241440979120463872
1241441229524647940
1241441710405758977
1241441855599976450
1241442111666470913
1241442221326585857
1241442431960309761
1241442452424122368
1241442865336778759
1241443461020205069
1241443762305409026
1241444155777331200
1241444515258474496
1241444714307637248
1241444741780140037
1241444963667361792
1241444984991211521
1241445013134901248
1241445156303355916
1241445207822012418
1241445311052218370
1241445471660490752
1241445911550734336
1241446283375710208
1241446297858650118
1241446485817991175
1241446671759835139
1241447060978745346
1241447103110557702
1241447988897120259
1241448276672602114
1241448481367171072
1241448497490153473
1241448498354143232
1241448803238064132
1241449067517001731
1241450011906289665
1241450231897694208
1241450427704639490
1241450728717156353
1241451130799849472
1241451186101923842
1241451282738679812
1241451636737835009
1241451784494821376
1241451869152645122
1241451894737903617
1241451907169878016
1241451957803515904
1241452156072480769
1241452503742496768
1241452794692935682
1241452928700907520
1241453512606638080
1241453589605650432
1241453993907425282
1241454089516519431
1241454434699431942
1241454526395269120
1241454544237801477
1241454980298612739
1241455908758192128
1241455976190017536
1241455995123105800
1241456387806412807
1241456676135460866
1241456676303233024
1241456786919563264
1241457102339674112
1241457366983417858
1241457541684453376
1241457712388603910
1241458325759262720
1241458597785206788
1241459192071950336
1241459480371609608
1241459654485520392
1241460664905981954
1241461282743758854
1241461567662759936
1241461684373532672
1241462074334642178
1241462620877709312
1241462651768750080
1241462681586057216
1241462981742997510
1241463270457950210
1241463444441882624
1241463613078020098
1241463650466107392
1241463727775297538
1241464278210797570
1241464380488900608
1241464736795017217
1241465168393052163
1241465183953915905
1241465389441318918
1241465529661034498
1241465772850974726
1241465823493074948
1241466194328199169
1241466557261365253
1241466767018463232
1241467049416613889
1241467068853207041
1241467736028520448
1241467795046629376
1241468115008892928
1241468309045948422
1241468895975874560
1241469324679942147
1241469374210256897
1241469415566258181
1241469981386211337
1241470081906900998
1241470180250836993
1241470301491335168
1241470390473494528
1241470457410437123
1241470531720880130
1241470709630750724
1241471375656849408
1241471631169654785
1241471641542184960
1241471791203258379
1241471876028870657
1241471899969957890
1241472084963995649
1241472337612079111
1241473120944472064
1241473437547352065
1241473576370388998
1241474280992509952
1241474373065879554
1241474393626337282
1241474942635515910
1241475052924780544
1241475191982698509
1241475298547417089
1241475430705700866
1241475706518937607
1241476744344817664
1241477114219675650
1241477368025206784
1241478077412257800
1241478087184875520
1241478215203524608
1241478305787908096
1241479135702155264
1241479299414126592
1241479628289650691
1241480214015852544
1241480222807150592
1241480389920686087
1241480666560311299
1241480814774218752
1241481021478051840
1241481184397398018
1241481250336104449
1241481313426833409
1241481554544619520
1241481654029283328
1241481762443837442
1241481933034528771
1241482130388946944
1241482243723464704
1241482383913861121
1241482553070157826
1241482926572875777
1241483237236539393
1241483277837438976
1241483351757815812
1241483493131108357
1241483694436745218
1241483999748521988
1241484184587309061
1241484595629039619
1241484895538630656
1241485727109709826
1241486812775923712
1241487233766559744
1241487615213424640
1241488585615970308
1241488977057718272
1241489069407903746
1241489228099391488
1241489414959792128
1241489915780771841
1241491123614474243
1241491152173445120
1241491485973008384
1241492127575613448
1241492270785814529
1241492863298555909
1241493545221054469
1241493669707948038
1241493871621746688
1241494470971076613
1241494492718358528
1241495487859089409
1241495731678126086
1241495745972391938
1241495760996372481
1241495946036490247
1241496190925012992
1241496230993244175
1241496370952970247
1241496613438308354
1241496799367573507
1241496807148060674
1241496888605638660
1241497120009605120
1241497201685278722
1241497527658131458
1241497542438916096
1241497651432038402
1241497679198380033
1241498284528549888
1241498338052247553
1241498361343156224
1241498484232028163
1241498854790397955
1241499056054116352
1241499162623062027
1241499789445017601
1241499872492244992
1241500276919582720
1241500329646026753
1241500871453749248
1241501339458457601
1241501645009309698
1241502024577036291
1241502303649062912
1241502573783388161
1241503025560092672
1241503342012006401
1241503515727585284
1241503976010346496
1241503998617833472
1241504974212935685
1241505286248108034
1241505507686461447
1241505562908639234
1241506190208708608
1241507321332797441
1241507583141298182
1241507624337670148
1241508039020199946
1241508353567789056
1241508609390936066
1241509745967665152
1241509844785475584
1241510959841239040
1241511157954797568
1241511301391802372
1241511736743735302
1241512029879484416
1241512563323678722
1241512575839469572
1241512942413197313
1241513298341871623
1241513749472837632
1241513881983483905
1241514108924690437
1241514225635405825
1241514450122915842
1241515020078514179
1241515400912941057
1241515690118578185
1241515695927672832
1241515718799175680
1241515720690802692
1241515843239936000
1241515844003299329
1241516253539438600
1241516621929250821
1241516807162171392
1241516934375411712
1241516985571250177
1241517009063612417
1241517208884264960
1241517210033623040
1241517393853153280
1241517559343648768
1241517760091430912
1241517787237007361
1241517933345603584
1241517972507803656
1241518103206531075
1241518125557977089
1241518282563358720
1241518363572088833
1241518380491866122
1241518412788088836
1241518516223737856
1241518561992073221
1241518583831842822
1241518704594235393
1241518875658706944
1241518906432462851
1241519118500737031
1241519162284847105
1241519187383681025
1241519312617250816
1241519439905992706
1241519523762757637
1241519536517582849
1241520203499962369
1241520700147499008
1241520719982481408
1241521083548827650
1241521118177001473
1241521179208400896
1241521335437651969
1241521512202424321
1241521837999259656
1241523152993374211
1241523819845545984
1241523821561159681
1241524274663481344
1241524277427535874
1241524590716817408
1241524655061680132
1241525273801129985
1241525315920375808
1241525361189453831
1241525887222321158
1241526484164055052
1241526572819124225
1241526656248033280
1241527246378188800
1241527482026729474
1241527897916993536
1241528038157963264
1241528252696592385
1241528415418630145
1241529712335294464
1241530270068674568
1241531591144493057
1241531672430067712
1241531726708572160
1241531928433524741
1241532247968296960
1241532956872716288
1241533376864989185
1241533639525105664
1241534328707956742
1241534588016566279
1241535172559994880
1241535252511801344
1241536957295067150
1241537229186568192
1241537454613512192
1241537553129447425
1241538092378525698
1241539395196538880
1241539403924647938
1241539444085268488
1241540589662937091
1241541369874784258
1241541562661851136
1241541647894228994
1241542556971909122
1241542753026281472
1241543233387233282
1241543807893725189
1241544158407426050
1241544432383647745
1241544485840007171
1241544790833061893
1241544988795830273
1241545402899484673
1241545474743480322
