1240728065983959040
1240728187136610306
1240728221986906113
1240728361556750338
1240728639358017536
1240728647524323338
1240728942664794112
1240728970368253953
1240729290427248645
1240729372363014147
1240729785883639808
1240729879525679105
1240730058974621696
1240731018220404736
1240731410614358021
1240732013029502981
1240732830411501568
1240732896958115841
1240733109584347136
1240733265461272578
1240733301633146883
1240733408051056641
1240733600850382849
1240733803053711364
1240733998923550724
1240734107090456576
1240734141861244940
1240734203056132101
1240734405762654208
1240734898933108736
1240735234309619712
1240735363653492736
1240735700716269572
1240735713618001920
1240736283217080326
1240736291047837697
1240736717545582594
1240737015181635585
1240737192785428480
1240737528526888963
1240737576069279755
1240738054337220608
1240738072863617030
1240738127175507968
1240738264312467456
1240739071154098176
1240739183758659584
1240739201009635328
1240739256047415310
1240739282807111687
1240739359814496259
1240739460704276480
1240739801168523278
1240740329806012417
1240740427713650688
1240740504230387717
1240740981713952768
1240740988664102912
1240741048411926537
1240741278989594632
1240742581547536384
1240742804080467969
1240743298324738049
1240743427307909127
1240743628135452678
1240743719697035278
1240744063768375300
1240744306362613760
1240744357248086016
1240744454245494789
1240744460587282434
1240744731421880331
1240745095491661828
1240745255433056258
1240745453467119624
1240745660799946753
1240745766232170503
1240746145816571905
1240746299596533760
1240746300930494464
1240746750610153477
1240747064893542404
1240747231160008710
1240747479710289928
1240747683465310208
1240748463047864320
1240748527673905153
1240748863826341890
1240749105753849856
1240749468494036994
1240750708384829445
1240750799535235072
1240751682553708544
1240752270272106496
1240752958511308800
1240753029734961152
1240753506073657345
1240753593189351435
1240753632863232006
1240753836584841218
1240754432289185793
1240754454237818880
1240754549557809159
1240755423076061186
1240755527937712128
1240756307671556097
1240756846669037572
1240757364711718914
1240757698704089092
1240759097558831104
1240759266862120960
1240759370629201927
1240759511423397889
1240759787161296896
1240760030506504195
1240760266444414976
1240760294420422661
1240762186189938689
1240762376724647936
1240762415383543810
1240762680832659461
1240762736625270784
1240762867747618817
1240763575431544836
1240763934350729216
1240763995809878018
1240764029649510401
1240764799115550722
1240766676582436865
1240767655138799618
1240769281526284288
1240769476280410121
1240769598498242563
1240770686693629956
1240770807439085569
1240778976794226691
1240779387559010306
1240780034882895877
1240780113760923649
1240780740222169092
1240780924675133443
1240781002697592833
1240781119135657986
1240781214782574594
1240781405623390209
1240781600679505920
1240782055778254848
1240782541961015297
1240782548613152768
1240782607450849282
1240782836006862848
1240782840608022535
1240783013182570498
1240783108196257801
1240783267252633602
1240783359527305224
1240783465978748928
1240783977805381638
1240784452416081920
1240784535425597441
1240784571542769667
1240784790380576768
1240785182183100427
1240785275632132102
1240785620739534850
1240785644470898688
1240786307539857409
1240786531054268417
1240786671165222912
1240787110380126209
1240787173592440834
1240787411015217153
1240787670151774208
1240787714263388161
1240788120183898112
1240789238330855427
1240789767165325312
1240789937143906304
1240790282569998336
1240790306569826306
1240790387867947009
1240790694131896320
1240790800088403968
1240790953012744194
1240790963695452160
1240791066011488257
1240791339601661953
1240791669697585157
1240791840640700417
1240792005623627777
1240792148066230272
1240792453441040384
1240792515269267456
1240792671460962312
1240792868966596612
1240793052261658624
1240793578730856449
1240793633546285058
1240794157494366208
1240794298238537729
1240794576576819202
1240795135035744256
1240795363373654023
1240795415076909061
1240796061633064965
1240796072735375366
1240796780884889600
1240796877093822466
1240796980546330626
1240797328866500608
1240798639376777223
1240799104009150464
1240799469840498691
1240800055499554816
1240800661882785794
1240800866464075776
1240801158240907270
1240802920658022401
1240803270890831874
1240803650135560200
1240803930780516352
1240804304463822849
1240804809999110144
1240805016157421568
1240805372274892800
1240806494381146112
1240807368386056193
1240807461247954945
1240807740542537730
1240807810507603970
1240807990862606336
1240808030662467584
1240808273009229824
1240808718326853632
1240808739369705473
1240808895708266497
1240808993976696832
1240809018999877633
1240809865699827713
1240810138899845121
1240810427954499586
1240810538592014337
1240810956629966848
1240810995846709249
1240811121537417216
1240811475482087424
1240811602145947648
1240811855087407106
1240812316796600321
1240812839029428230
1240813322028470272
1240813351502045184
1240813351946653696
1240814588834136064
1240814638620725251
1240814796183928832
1240814889016463360
1240814936370143235
1240815975118696448
1240818051722792961
1240818293109293058
1240818606218362883
1240819088433217538
1240819385087881217
1240820811281375233
1240820887919738880
1240820890897702912
1240821656991514624
1240822067106209794
1240822296731955206
1240822837000224768
1240823256845815808
1240823762754420736
1240824577225154560
1240824614797717504
1240824728832675840
1240825005039972352
1240825552547782657
1240825611544920065
1240826121811300353
1240826353009725442
1240826519074656256
1240827095397400577
1240827174908833794
1240827463162306561
1240828069469982722
1240828272981823489
1240828611613151232
1240829118578479104
1240829143463362560
1240830117913538561
1240830295965925381
1240830400567693317
1240830524463222784
1240831091973464064
1240831282235482113
1240831537081434112
1240831943836684294
1240832371693211648
1240834756784336898
1240835447309418497
1240835631057682434
1240836024194019328
1240836175557951491
1240836184953073665
1240836327450595328
1240836516806443009
1240836971758485504
1240838701711790080
1240841581533503489
1240841592539361282
1240841650454368256
1240841746445107203
1240842276668149760
1240842611688116226
1240842988055670785
1240843149599260673
1240843377668689921
1240845328250736640
1240845664839442432
1240846561879474177
1240846926829977605
1240846937059926016
1240847339121774592
1240847432776323078
1240847905700921344
1240848772344799233
1240849703618719745
1240849926805807104
1240849976500125696
1240850108423561216
1240850397478125568
1240850414796496896
1240851403050037251
1240851665525149698
1240852443317108736
1240853628417499137
1240853776656891906
1240853875311214598
1240854568042283008
1240854588644876288
1240854599486980104
1240855192238616576
1240855311579336704
1240855328876630019
1240855433037918208
1240855471927504897
1240855547357904897
1240856087064203264
1240856889497436162
1240859884008210432
1240860889848451072
1240861270062088194
1240862858667274240
1240863588031528960
1240863694441132034
1240864449843671040
1240865299991343111
1240865401321533440
1240866158372323328
1240866205860270081
1240866449322803200
1240867247771529216
1240867523375005697
1240868493555195905
1240869342289387522
1240869683286269952
1240870521262280704
1240870872551960576
1240871011295379457
1240871384168796160
1240872207221473280
1240872979271163904
1240873260734128128
1240873509116616704
1240873568545669122
1240874145082232832
1240874702391967744
1240874710734438400
1240875687659044864
1240875910808719360
1240876736717471745
1240878077791567874
1240881316922634241
1240881626764230656
1240884063294160897
1240884156898381824
1240884170995511297
1240885896020402177
1240886163092586498
1240886295351754757
1240887052251643904
1240888323486273536
1240888551686000640
1240888588943884289
1240889394946609153
1240889421739757568
1240890565597724673
1240890930082852864
1240891178427592704
1240892136930844672
1240892192513839104
1240892907860545536
1240893184084971520
1240893785862799360
1240894275925217281
1240895010746359808
1240895338740879361
1240896340353093632
1240897011123175427
1240897148415336448
1240898238791577604
1240898573123944448
1240898667835506689
1240899133340372992
1240899520247894018
1240900442223194117
1240900721018634240
1240900938266787841
1240900982516658176
1240901127329153024
1240903315954774016
1240903351341944832
1240903434158645249
1240903932639154176
1240904322629722113
1240905789252009984
1240906482318745601
1240906581383892992
1240907022234771456
1240907108666744832
1240907530940952577
1240907685014523904
1240908020210688001
1240908373287190529
1240909362371035137
1240910139735015424
1240910507487506432
1240910992768471040
1240911684618747906
1240912038131576832
1240912567784144897
1240913958212681728
1240914499974070272
1240915108311818240
1240916378946863105
1240916512946487296
1240916961179119617
1240917614748209152
1240919733693812736
1240920617727164417
1240921071597092871
1240921211535843334
1240921384311828480
1240921548686385154
1240921792060870657
1240921927377715201
1240921995677753344
1240922142377574400
1240923195282051072
1240923879117381632
1240924366642319360
1240924484967772160
1240924566580375552
1240925636006477825
1240925969000562690
1240926013292503040
1240927513607430144
1240928029121052673
1240928332503486464
1240928395556466688
1240928691141652480
1240928823119613953
1240930281495855105
1240930376106770433
1240930385527070720
1240931012575707136
1240931879982903297
1240932227795628032
1240932392006713344
1240932776045457409
1240933295652667392
1240933435407024128
1240933664005009408
1240933724868317184
1240933822453223425
1240934026229305344
1240934170047594497
1240935168409468928
1240935598799630336
1240935856967426048
1240936840921841665
1240938332500168704
1240938435453616129
1240938573454548992
1240938626084745216
1240939790473687040
1240940124889890816
1240940149720125440
1240940659453935616
1240940667926437889
1240941084613607426
1240941721480908800
1240942331437735937
1240942759604871168
1240943218881159168
1240943511605780480
1240944956707155968
1240945539996356609
1240946903434567680
1240947047479599104
1240947481283686406
1240948098391666688
1240948153915977729
1240950791881527296
1240950924283183104
1240951087709990912
1240952362304294912
1240953896153092096
1240953996782841856
1240954176164622336
1240954197681434624
1240954324185944065
1240954512266985477
1240954919353569281
1240955124534648832
1240955251433394176
1240955471755759617
1240955485286813701
1240955654291980289
1240956339679092736
1240957233799802880
1240957290389417984
1240957331497799680
1240957388892647424
1240957416155602950
1240957791818391553
1240957895421935616
1240958076339044353
1240958213991927808
1240958280756854784
1240958322263699456
1240958384658055175
1240958450559004674
1240958459560026112
1240958530191949824
1240958650061148160
1240959555703578624
1240959593817276417
1240959927344148481
1240960035238359045
1240960105824292864
1240960178528366593
1240960477137600512
1240962232441360384
1240963359861805056
1240963424101769217
1240963848875708419
1240964321015787521
1240964686981541889
1240964829986291712
1240965002187636736
1240965821557604353
1240966133060120576
1240966151464681473
1240966186470383620
1240966436224413703
1240966728932159488
1240966806522810370
1240966993236258818
1240967438239518720
1240968087815454720
1240968102248136705
1240968932451909632
1240969129034686465
1240969471533219840
1240969679612653569
1240970608718028802
1240971893861040130
1240972343519911936
1240972562861039620
1240973076638154753
1240973331026804736
1240973434731061250
1240973509754523649
1240973537147584516
1240973801371951104
1240975164701118467
1240975338307379201
1240975982678421506
1240976164627394560
1240976460887797760
1240976616098009089
1240976781798146049
1240976794485956614
1240977129824813057
1240977460231110657
1240977657040441344
1240978475680296960
1240978968083234819
1240979267938177024
1240979547517890560
1240979906286309376
1240980535146659842
1240980580227067904
1240980628717223937
1240980697805926401
1240981779630239750
1240983789515481090
1240984174120652801
1240984870261833728
1240985837829083142
1240986376948113409
1240986532036648960
1240986701218091013
1240986866276601858
1240987039929192449
1240987423951196160
1240987888176771072
1240988007806754816
1240988268499472385
1240988487630938113
1240988789532696576
1240989222875660289
1240990333053304832
1240990585789579264
1240990656836878336
1240990726877409281
1240991005861650432
1240991223650955269
1240991277623230466
1240992007184691200
1240992008073883650
1240992470290165760
1240992981219340290
1240993013213605888
1240993570166898689
1240993570711953408
1240993707379351553
1240994050066399232
1240994281084588034
1240994609821618177
1240994707364360196
1240995321561350145
1240995581905928192
1240995772310618113
1240995801494585344
1240995948437762049
1240996259630120960
1240996264713564160
1240996595023392777
1240998181330022401
1240998581240299521
1240999199740583942
1240999910951890946
1241000000840138752
1241000084155830273
1241000365576859649
1241000458388484097
1241000557395017731
1241000558317703170
1241000694674386944
1241000963013586946
1241001250096889858
1241001939183124487
1241002257673605121
1241002326346706944
1241002355698610176
1241002558929461249
1241002703452602374
1241002828912525316
1241002983971840001
1241002996097572870
1241003669950271491
1241004000985653249
1241004065276022785
1241004426179104776
1241004460484288512
1241004803913846786
1241004835048009730
1241005181216739329
1241005319691485184
1241005481252065285
1241005536922996741
1241005548528709634
1241006834837639169
1241007267962650624
1241007288355356675
1241007413614034944
1241007528747687936
1241007682351489025
1241008019447529472
1241008110824800259
1241008646580056066
1241008868014141446
1241008953565351936
1241009198655311872
1241009283480858624
1241009287041818626
1241009691779620864
1241009999410630656
1241010410280501249
1241011858829647876
1241012590781902848
1241012636357099520
1241012645106536449
1241012877965885448
1241012972295602176
1241013267553636353
1241013753367461890
1241014066359021569
1241014133945847809
1241014444542398469
1241014593188593666
1241014654802911232
1241014704660721665
1241014747002265600
1241015807510859776
1241015949957959680
1241017086048075776
1241017106960875523
1241017174744940544
1241017194135330818
1241017390445387778
1241017519558799361
1241017551171260416
1241017631827771394
1241017846207066113
1241018195554770945
1241018272482504710
1241018468947726338
1241018621113053186
1241018972880785410
1241019125109067776
1241019794159292417
1241020422914744320
1241020443517206530
1241020722266255360
1241020968488914949
1241021064752377861
1241021199255252995
1241021319237513217
1241021425428901889
1241021472979763205
1241021718904397833
1241022088741294082
1241022290051112961
1241023021256781824
1241023389755719680
1241023427185725441
1241023288790351872
1241023534454972416
1241023957924335619
1241030520781275142
1241030563944902656
1241030722305118212
1241030798288945152
1241030979298476033
1241031247557799942
1241031311000768517
1241031438096621575
1241033465639862274
1241033827776114688
1241033841839661056
1241033917228109824
1241034026594349056
1241034026825273353
1241034099894235136
1241034323207360512
1241034450416406528
1241034534675722242
1241035241168519169
1241035258595807233
1241035507540295683
1241035655632781317
1241035716022288386
1241035755029442560
1241035863439683584
1241036300943273988
1241036413031698433
1241036740758048769
1241036794273107984
1241036847175917572
1241036912883912709
1241037011412291590
1241037383132311552
1241037500258410497
1241038337923846147
1241038417179394048
1241039313749463040
1241039331369857024
1241039506498818048
1241039511439790080
1241040121794826241
1241040230540619779
1241040391803199488
1241040449512620032
1241040589887541250
1241040727917936641
1241047980536455169
1241048091027025921
1241048264457191429
1241048395126620161
1241048426382528520
1241048587242475520
1241049079813222401
1241049114445578243
1241049173589442562
1241049350932963336
1241049367617953795
1241049471368265730
1241049727405363202
1241049785294925826
1241050054816862209
1241050102254448640
1241050326733672449
1241050742468669440
1241050988703776776
1241051049525313536
1241051176902234123
1241051631854276609
1241051993248063488
1241052672934977536
1241052960714641418
1241053550320459783
1241053693929312257
1241053985169014787
1241054245148860416
1241054302896037890
1241054418591797249
1241054769025695744
1241054793558261760
1241055014380081153
1241055155967197185
1241055311093473284
1241055435047628800
1241055746424328192
1241056005569593344
1241056889917620224
1241057189583822852
1241057384807661568
1241057432887009280
1241057811489931264
1241057905190805510
1241057978750566408
1241057996685402112
1241058413754417153
1241058550874423296
1241058745477730305
1241059049636089857
1241059764169302016
1241059817336209408
1241059954511020033
1241060116176285696
1241060256609861632
1241061986156400640
1241062041177161728
1241062203878453248
1241062216658550795
1241062735493967873
1241062813373812736
1241063154253287424
1241063502732644352
1241063706852757508
1241063705804242948
1241063750414798848
1241063968216580104
1241064033496772609
1241064102581207041
1241064160626081792
1241064295737126912
1241064400217243648
1241064645198307328
1241064648612298752
1241064784776192000
1241064798386827266
1241065311681552387
1241065330140536832
1241065541021904898
1241065789786030083
1241065882694156288
1241066326531215365
1241067102930448387
1241068075425857541
1241068276131737600
1241070116554637315
1241070395467407360
1241071016329256960
1241071301147664385
1241071581574639618
1241072086992519168
1241072179070021634
1241072417558220805
1241072518494126081
1241072914172006400
1241073337692041217
1241073660368228354
1241074082831007750
1241074210677633025
1241075581598433281
1241075719603716096
1241075995404316673
1241076022268825600
1241076130213494787
1241076251735003137
1241076383138398208
1241076461550931968
1241076652332941313
1241077187408809985
1241077350424608773
1241077413041364992
1241078014449864709
1241078033567678469
1241078441748959233
1241078451685273600
1241078476372934656
1241078698574524418
1241079164054233089
1241079916071997441
1241080025371144192
1241080091511308288
1241080307983548416
1241080657595555842
1241080678193811456
1241080731797016578
1241081115768692737
1241081403930017792
1241081864405712897
1241082082228609025
1241082786326462465
1241082909307490304
1241083368135102465
1241083653599293440
1241083711292129280
1241083835615502336
1241085002126852096
1241085109593411584
1241085325914464256
1241085595579043852
1241085851154743306
1241085975427760128
1241086098497064960
1241086369063190530
1241087060099780608
1241087533859119105
1241087549013028864
1241088046847705088
1241088446959104002
1241088551443410950
1241088711732932610
1241088779416469505
1241088881195233280
1241089504443801602
1241089589990887425
1241090099888238593
1241090776668332032
1241090909095280640
1241090958042726402
1241090984005578752
1241091223793917952
1241091351011160064
1241091805141229569
1241092453521739776
1241092602839121923
1241092857106247681
1241092866488913922
1241092890337652736
1241092928929497090
1241093266717782017
1241093426638184449
1241093575481470984
1241093600227647488
1241094045767806978
1241095011615281153
1241095104137506817
1241095740748791808
1241095903857070083
1241095968365445123
1241096002830053379
1241096176071573520
1241096351162798084
1241096363359776774
1241096761512468486
1241096911051821056
1241096956543451137
1241096997093830657
1241097342033498113
1241097365664169985
1241097548011454464
1241097552629510147
1241097795114881025
1241097826039300096
1241097830124535808
1241097935078768642
1241097963612573700
1241097965483130880
1241098119338737664
1241098330169638913
1241098596822528000
1241098922229194754
1241099557288599552
1241099971421769729
1241100200380379138
1241100205023358977
1241100616962801664
1241100906197745664
1241101197789908992
1241101203477377024
1241101259777748992
1241101637013233664
1241101822766481420
1241101989653680131
1241102028442677248
1241102368625868806
1241102753402945536
1241102934642999299
1241102993585573889
1241103049663197184
1241103098355073025
1241103494951645184
1241103588526624768
1241103939073904640
1241104670862594049
1241104775212662786
1241104902446874627
1241104992510988288
1241105031904006145
1241105225995427840
1241105479167660032
1241105685695397890
1241105747565596674
1241106284411322370
1241107645483962376
1241107668300959747
1241107684633559042
1241107863679856640
1241107996589121538
1241108172720480256
1241108424227614720
1241109002362269697
1241109331883569152
1241110223403786241
1241110301862498317
1241112032402956289
1241112251072794624
1241112532426915842
1241112780264083456
1241112850212454405
1241113333354434565
1241113467953778694
1241113529647800321
1241114860039045122
1241115236045918210
1241115815493218304
1241116486535655435
1241116877524525058
1241117438676103168
1241117643551236097
1241117674916261891
1241117718453116930
1241117878927015936
1241117963173998595
1241118048817426432
1241118394277134342
1241118433670049796
1241118554692427777
1241119087033561088
1241119402285826049
1241120316019159040
1241120359677595650
1241120516376793092
1241121154229772289
1241121496644403201
1241122173298802691
1241122359039479809
1241123037803511808
1241123807726886912
1241124795175120896
1241124935428452357
1241125277998166017
1241125538384707587
1241125895252869123
1241126278088077313
1241126503892615168
1241126544988344326
1241126695291301888
1241127599671324672
1241127648467857409
1241127911719088130
1241128940032450560
1241129030860132353
1241129120056127488
1241129805497671680
1241130335401730048
1241131555260715009
1241131564496326656
1241131591742763022
1241132283819634688
1241132396608716803
1241132506423930884
1241132813807759362
1241133114300272641
1241133296110784512
1241133551095033857
1241133912283172864
1241134003647737856
1241134005673701377
1241134275434553344
1241134674539433989
1241134958284021762
1241135069273743361
1241135443397079040
1241135618354302978
1241135651459866629
1241135723526459392
1241136704385241088
1241136745397342208
1241136788196020227
1241138080922210305
1241138176384786435
1241138190691586051
1241138855702495232
1241139149286993922
1241139265381249026
1241139276282200069
1241140009572487169
1241140013741387776
1241140564273311744
1241140598968586243
1241140972907610112
1241141146920931331
1241141600622972928
1241141641123106817
1241142810109247488
1241142824575385601
1241143079857463299
1241143377862619139
1241143498449059840
1241143664375668739
1241143866440515584
1241143949999431684
1241144417895043072
1241144855083888641
1241145390289678337
1241145453107793920
1241146078134763527
1241146427302174726
1241146831054266368
1241146903326273538
1241147034456993794
1241147087837958144
1241147830435221505
1241148258937974784
1241149073840881664
1241149879092723719
1241150664350355457
1241150821762547714
1241151498962128897
1241151718852886529
1241152029977952258
1241152054854332416
1241153230735847427
1241153300298375170
1241153326319796224
1241153456079024133
1241153479990824962
1241153669896310785
1241153865107607552
1241154951633567748
1241155005157122050
1241155090561589248
1241155304194068481
1241156036968366081
1241156643733344261
1241156668467089414
1241157416659619842
1241157482367447045
1241157570598969346
1241157707631144960
1241157770738651138
1241158228093870082
1241158860792045574
1241158868748599298
1241159381594574848
1241159609521504256
1241159862391840769
1241160039810904064
1241160439452569602
1241160951488897024
1241161346034655232
1241161647324049409
1241161710372880384
1241161778643558406
1241162364155805697
1241163187497644037
1241163397808312320
1241163608282849280
1241163745759461378
1241163803053580289
1241163894250450945
1241164298811895808
1241165648224493569
1241166340729245702
1241168532269760512
1241169206734979072
1241169488034304012
1241169961214672896
1241170070774198278
1241171539535552513
1241172452685668352
1241172489734160385
1241173778840924160
1241174304873644032
1241174374759071744
1241174935042744323
1241175010372399108
1241175162826960899
1241175770040373248
1241175923577233409
1241176055353954309
1241176057006264321
1241176058197655552
1241176204369108997
1241176245565612033
1241176332744056832
1241177037403860993
1241177101648252928
1241177129842335745
1241177690205491200
1241177859500187648
1241177986071748610
1241178631898046464
1241179472893706241
1241179556700196864
1241180233283272704
1241180348576346112
1241180385175900163
1241181075612880896
1241181268244652032
1241181440722665472
1241181706171883521
1241182499755249664
1241182991591841795
1241183628870258691
1241183707479801856
1241184066529103874
1241184163144724480
1241184229813354504
1241185187087564800
1241185364427124739
1241185420727029761
1241185815138570240
1241186001596416000
1241186228525039617
1241186480078204929
1241186735213535232
1241187061912174592
1241187962668400641
1241188159888687111
1241188173847228416
1241188992848019456
1241189286583635973
1241190022163902464
1241190236937281537
1241190870260617216
1241192628550541312
1241193117698719745
1241193785746321410
1241193995105173506
1241194323233968128
1241194602293493763
1241194899019632640
1241195166645575680
1241195843870392322
1241197603691380736
1241198252365688832
1241199097127845891
1241200670990118913
1241200843367550976
1241200949663862784
1241201233366573057
1241201312123031555
1241201711970213888
1241201909890834432
1241202434376192001
1241204108637270017
1241205285538193408
1241205793942274049
1241207308639748097
1241207756423651329
