1243071779251335168
1243072050216030212
1243073050259492866
1243073052721717249
1243073895160217600
1243074864904200193
1243074984593014785
1243075104302682112
1243075132907827200
1243075245789061120
1243075954190123015
1243077362591268864
1243077549607079937
1243077681752702976
1243079185423142912
1243080117762605057
1243080223446499328
1243082229179432961
1243082484667088896
1243082596864741377
1243082892168888321
1243083389865013249
1243083535201841152
1243083605376749569
1243083946172100608
1243084798089969666
1243085408579334145
1243086713397837824
1243086952972324864
1243087097415827456
1243088139087945729
1243088989512519680
1243091266163953666
1243091813444907010
1243092851157762048
1243093317149130753
1243093868456919043
1243094400303009793
1243095457745850368
1243095545813405697
1243096030205394944
1243096215224561664
1243096377867018242
1243096442975268866
1243096474872938498
1243096720717856768
1243096919024566272
1243096982471802881
1243097413931368448
1243098311051153408
1243098582992871424
1243099490396995584
1243099886486196224
1243100197103841280
1243100711669256192
1243101213996056577
1243101215891783683
1243101389292818433
1243102179017310209
1243102476808658945
1243102760423133184
1243103055106768897
1243105225021566976
1243105429925908481
1243106810971787265
1243107389294985216
1243108000845328384
1243108418812104705
1243108757690896385
1243109291734654976
1243109314690195462
1243109434039074820
1243110577595011072
1243111960050270208
1243112113641369600
1243113196103368704
1243113444301312001
1243113456066277381
1243113533681754118
1243114555363987456
1243114726663618560
1243116710527410178
1243116975234170881
1243117844814069765
1243117914544148480
1243118049991032833
1243118355935932416
1243118760929775618
1243120284133216259
1243120364319727617
1243120909210263554
1243120949563662338
1243122318399942656
1243123510198915074
1243124167383199745
1243124237008764928
1243124602965909505
1243125307282010112
1243125731741315074
1243127610189778944
1243127776384880640
1243127879682097153
1243128284801622022
1243128860671082496
1243129360279908353
1243130279851671553
1243131424791814144
1243131713397690369
1243132354497052672
1243132404782555136
1243133394319368192
1243133422299516928
1243133712709169152
1243133918007693312
1243134600907567104
1243135876819009536
1243136394358403072
1243136783707254784
1243137328597655559
1243138707798007809
1243139018486841344
1243139169351761921
1243139342274416643
1243139389451993088
1243139702489743367
1243140051120209921
1243140214362644480
1243140656496668672
1243140813821001729
1243141204306472961
1243141655005483008
1243143048961445894
1243144103124238337
1243144367360978945
1243144415155232768
1243144822426394630
1243145001975988225
1243145079923052550
1243145339067961344
1243145444017836034
1243146255724720128
1243146436520415233
1243147063883423744
1243147079033159681
1243147191931133953
1243147776122331136
1243148128922021889
1243148177131188225
1243148180666978310
1243148404538003456
1243148491615961090
1243149998424051712
1243150465036161026
1243151596118315010
1243151703140110336
1243151775600951297
1243151963925164033
1243152158922616833
1243152311058337792
1243152364145647618
1243152609248190465
1243152991080849409
1243153003433074688
1243153006385905664
1243153629164589056
1243153781438795776
1243153817115467777
1243154053686853633
1243154130773913607
1243154348517056517
1243154487780335620
1243154792106450944
1243154930719956992
1243155325504630784
1243156032320344069
1243156613357170690
1243156647394058240
1243156762443866112
1243157147430633477
1243157159556374530
1243157203160371200
1243157381258915840
1243157725770592256
1243157747971080193
1243157851473928202
1243157867236151296
1243160274716307459
1243160450264596480
1243160513221140481
1243160818683908096
1243161021889613825
1243161130874396672
1243161907051233281
1243162454269595648
1243162492777496578
1243163385447006212
1243163638778736640
1243163727228276737
1243164465375436800
1243164728760942593
1243165268664336384
1243165801915523074
1243166048582393856
1243166674146099201
1243166742505041921
1243166928912429057
1243167414621274113
1243168161500889088
1243169327886610433
1243170353104502784
1243170461518688261
1243171287004000256
1243172081019355137
1243172130898010115
1243172663507464202
1243173128404172800
1243173471712088065
1243173602402295808
1243174358924832768
1243174699959541761
1243175234540363776
1243175512182272002
1243175632835448833
1243175688485646336
1243176006539792384
1243176286387912705
1243176723602120704
1243176763485716480
1243177294753148931
1243177508490616833
1243178254737039364
1243179365388693505
1243180371291844612
1243180414145105920
1243180585704660993
1243181347461574658
1243181750714609669
1243182150184087552
1243182150192467968
1243182395039387648
1243182773390761984
1243183549420900353
1243183598141874177
1243183886831685633
1243184348330954754
1243184737578938369
1243186636764020736
1243186678375886849
1243186849029521413
1243187152923635714
1243187207483150339
1243187239531708421
1243187343013675009
1243187452912611328
1243187468578377729
1243187539680333826
1243187768529948678
1243187854940962817
1243187906400923649
1243187937124196353
1243188042724229120
1243188702978998272
1243188775162974208
1243189357282045961
1243189866449580034
1243190464380989442
1243190627225030656
1243190812730589184
1243191157473062912
1243191579797569538
1243191895712505858
1243192617510240257
1243194094198886400
1243194819385548800
1243194904764985349
1243195063167078406
1243195429438640128
1243195442197745667
1243195662008803335
1243195932813996035
1243196162473066505
1243196873906647040
1243197065804554242
1243197223124389888
1243197346466447360
1243197350811537408
1243197974496198656
1243198147251200000
1243198289677295618
1243198306492219393
1243198688316530689
1243199118325035009
1243200218939752448
1243200283964059649
1243200417888165889
1243201135797772288
1243201390740221955
1243201530376777728
1243201953313718272
1243202008158556160
1243202389005479941
1243202830967738369
1243203052980637697
1243203190046314497
1243203984262860801
1243204182867415045
1243204291504062465
1243204792484343810
1243205317023932416
1243205419604074498
1243205572343676929
1243205664652103680
1243206209366351873
1243206270267637760
1243206432503336964
1243206677907869696
1243206998000373764
1243207239504101377
1243207247678898176
1243208134056988673
1243208138553204738
1243208158027436033
1243208563754860544
1243208601424011264
1243208778314637314
1243208961609945089
1243210073226215424
1243210208010264577
1243210486566588421
1243211157285957632
1243211271278903297
1243211518679883776
1243211631917780999
1243212667512393733
1243212834030444546
1243213038704082946
1243213054705270786
1243213056529883136
1243213354480648193
1243213496881479682
1243213744253083649
1243214695600992265
1243214881031143424
1243215049394618369
1243215321344991232
1243215423455277065
1243215663960907777
1243216452351660032
1243217101617336320
1243217237298884610
1243217283369099265
1243217574352961537
1243217637125095425
1243217882693148672
1243218530654445568
1243218696568475649
1243218893935706112
1243219009522348033
1243219062911623171
1243220057347502081
1243220063160860672
1243220226402996224
1243220248959959040
1243220365540839430
1243220591961931778
1243220964680310785
1243221688600252417
1243221755663015936
1243222292714467330
1243222305960005634
1243222971579125761
1243223027581665289
1243223423410745347
1243223849115811840
1243223962202583041
1243224087314329602
1243224504970539008
1243224894961262596
1243224953597628419
1243225165389012992
1243225178743746561
1243225510987038725
1243225891288776709
1243226321817350145
1243226338691072003
1243226761594155009
1243226917702193152
1243227297475440640
1243227759574421506
1243227888155066369
1243228224836046848
1243228375268970502
1243228389709950976
1243228915134496768
1243228990279766019
1243229089063976972
1243229719233024003
1243229932697735168
1243230225267167234
1243230775635574785
1243231232797933569
1243231301286662146
1243231662726578177
1243231957850320896
1243231973495144453
1243232204181901317
1243232228198551553
1243232547531902978
1243232779061456897
1243232999946289154
1243233618824171522
1243233924211527683
1243234128851611648
1243234809826213889
1243234911726604289
1243235366615666689
1243235656383504388
1243236387295387649
1243236610772213762
1243236665432276993
1243236710957191168
1243237022635966464
1243237337053700097
1243237702897668096
1243238170550063113
1243239146862383105
1243239155527815170
1243239255847112705
1243239264080605185
1243239349606637570
1243239371857412097
1243239704792793098
1243240185653010439
1243240471637430277
1243240612331053056
1243240644006612992
1243240919719186432
1243240985187897344
1243241402261217282
1243241412583456775
1243241759460687876
1243242021336252416
1243242216014983170
1243242341386903552
1243242701170016257
1243243081115279360
1243243127659352064
1243243242256322560
1243244168601886724
1243244268132728833
1243244391411716097
1243244822133161985
1243244950634008576
1243245070725328905
1243245128388620293
1243245738299215872
1243246039655727107
1243246304064614404
1243246517814788099
1243246859562430466
1243246986435923968
1243247209220575234
1243247246990327809
1243247495632891905
1243247569070731267
1243247624792219648
1243247739586187264
1243248373576142849
1243248431071715332
1243248656054202369
1243248722496061440
1243249073148301313
1243249802189692929
1243251793452126209
1243252031256702978
1243252111875485699
1243252452834631681
1243252817256763392
1243252927856349186
1243254570010193923
1243254905202028544
1243255133141516288
1243255585358991366
1243256459590336512
1243256870992658432
1243257340742242308
1243257847300919299
1243257879999774720
1243258985127522309
1243259211565469696
1243259279378972672
1243259447788568576
1243259546258325504
1243259622233911297
1243260112346714113
1243260675901841410
1243260710953660428
1243260728032796676
1243261546471424000
1243261713488773121
1243261916740493317
1243262593634045958
1243263492099993600
1243263531434344455
1243263587650584577
1243264399588163584
1243264492059987968
1243264762210914304
1243264794070675457
1243265012249948160
1243265084903702528
1243265403482226693
1243265406091100162
1243265715353812999
1243266175867518983
1243266493690843137
1243267592191709185
1243267597694644227
1243267870101995520
1243267978562543617
1243268297845604353
1243268368276295686
1243268913179308033
1243269077294100481
1243269297448849410
1243269484254621696
1243269771442950145
1243270378514010112
1243270458352578560
1243270717661216769
1243270774582136834
1243270792319811590
1243271046867955717
1243271207715246081
1243271483889074176
1243271854606909441
1243273396756021250
1243273714860527616
1243273796083240961
1243274224837562369
1243274401967153153
1243274579298193408
1243275215418937351
1243275624615157760
1243275701622628353
1243275853984935939
1243275942950244368
1243276870415716353
1243276956889690114
1243276986752962560
1243277663848009748
1243278357451673616
1243279077601095680
1243279189354123268
1243279290168414240
1243279638274674706
1243280182300921857
1243280348152238083
1243280873333633026
1243280995522154498
1243281176661499905
1243281901848277005
1243282186918379521
1243282238030176260
1243282259144253443
1243282803569176576
1243282821017489409
1243282946271907846
1243283462934745089
1243283554618028035
1243283709740097538
1243284439796535296
1243284597242236929
1243284663654682624
1243285296269144065
1243285730232860673
1243285816878616576
1243286660361707520
1243286802078871553
1243287507053264896
1243287826369785858
1243287988676833280
1243288285742534658
1243289203988930565
1243289862951837701
1243290681487101961
1243290937046024193
1243292136658948096
1243292170905321477
1243293096806428672
1243293501661511680
1243293944936448000
1243294167150800899
1243294559322492929
1243294689148706817
1243294811593101315
1243294985719631877
1243295225084366850
1243295910416744448
1243296970241794048
1243297013892030465
1243297510791229441
1243299176110268417
1243300191190626304
1243300206256500745
1243300869996556291
1243300936426098688
1243301290958114816
1243302341056417794
1243303283747360770
1243303354530443264
1243303451028869123
1243303510965272577
1243304220641689600
1243304543045246976
1243304928774365184
1243305062157488132
1243305138384748546
1243305277526589443
1243305663792476160
1243305857061806080
1243306035667963904
1243306594546470918
1243306615652134920
1243306955709571074
1243307181711253504
1243307428546072576
1243307674294517760
1243307678132305928
1243307875784589317
1243308037366046721
1243308987803676681
1243309535047168002
1243309860621619208
1243310630536384517
1243311001409388544
1243311543363809286
1243312001767682055
1243312482955022348
1243312854024851457
1243313522601320448
1243313556738588673
1243313790155980807
1243314255644053512
1243315016755003392
1243315458985656320
1243315921969508352
1243316009915813891
1243317187105996804
1243317295868346369
1243317352684498944
1243317497304145935
1243318037224308737
1243318133009584130
1243318202039439362
1243318268431040512
1243319349202391040
1243320551571099650
1243320973618819074
1243321233082470400
1243322408360124418
1243323156099710978
1243323221690236929
1243323604441411585
1243323801460498434
1243324018561888264
1243326851541393408
1243327089358581760
1243327784258359298
1243328212375080960
1243328473130729474
1243328477346095104
1243329207528296450
1243329293788352512
1243329828331364352
1243329904634200065
1243331682675175424
1243333187872456706
1243333321159053312
1243333892771323907
1243334240181288960
1243334270829002762
1243334576736534528
1243335608778534913
1243335804904226816
1243335841495371777
1243335868691165185
1243336751093080064
1243336758747635713
1243336795821092866
1243336846060511232
1243337284096798721
1243337600628396037
1243338281602953216
1243338705311600648
1243340391631532037
1243340530244870146
1243340589409669120
1243340974719451139
1243341426529832961
1243341779870429184
1243341826980864000
1243342081692663810
1243342363633881090
1243342726214701056
1243342748188639233
1243343208270245890
1243344317168713731
1243344414531039233
1243344666260627459
1243345186513661952
1243345356194267138
1243345489938059268
1243346206073421824
1243347312732262400
1243347395699773442
1243347812911403013
1243347939818430465
1243349010280255488
1243349197857980422
1243349420646772739
1243349423624785920
1243349424316862466
1243349554549993473
1243349731671244804
1243350510519885824
1243350610751217664
1243351992463790081
1243352443594977280
1243352594732507142
1243353674958733312
1243354876073185280
1243355789944750080
1243355896068984832
1243356264697978880
1243357646943424512
1243357937227063297
1243358263749406721
1243358803048820737
1243359588155441155
1243359815813849089
1243360232295653376
1243360494427070466
1243361156141477888
1243361269626720256
1243361530449543168
1243361571364958209
1243361888764702725
1243362084974235649
1243362610801594370
1243363437406609409
1243363490456166402
1243367672512987139
1243367973059870720
1243368073647796224
1243368332855738369
1243368745554161664
1243368974680817665
1243369311340822530
1243369929908391936
1243370450467651591
1243371210785853442
1243372453276962816
1243373448778391552
1243374561598615554
1243377889535459329
1243379996707770368
1243381000815751168
1243383590475317249
1243384071532634113
1243384546663387138
1243384569983668234
1243384985895071746
1243385435604144128
1243385694795390977
1243386255674494977
1243388670356287488
1243389935060578304
1243390319971860482
1243391179082698755
1243393013935529989
1243393098941521927
1243393246098644993
1243393431977656328
1243393997386567683
1243395419280797696
1243396264189816837
1243396806425239560
1243396815916912640
1243397591267602432
1243397594606256129
1243397669596180481
1243398025701019649
1243398036052512775
1243399274534060032
1243400465250828288
1243402154733232128
1243405638098534400
1243406625991323648
1243408682714460162
1243410456062001154
1243411698574176262
1243412791261708288
1243413287284310016
1243414344571875328
1243414484032471041
1243414613946822656
1243415152742916097
1243415555698069504
1243415832899665921
