1243815346852843520
1243815916468568064
1243817300815421440
1243818587669680129
1243818805865971715
1243819575373893632
1243819601298886657
1243819938323681281
1243820279941513218
1243820324304510976
1243820367539511297
1243820632787337217
1243821065471766528
1243821201337827329
1243821618180358145
1243821640779206656
1243821689714216960
1243821889203703808
1243822034687320064
1243822698393993216
1243822950358421505
1243823085691768832
1243823670537129985
1243825148081442816
1243825309725712385
1243826161525960704
1243826498878033931
1243827571881644032
1243828007174889473
1243828540732211200
1243829177687724033
1243829833236459521
1243829845588676613
1243829857445982208
1243830406304206849
1243830439669837824
1243830487904407552
1243830600814997504
1243831206271242242
1243831785651228673
1243832716501499905
1243832911930863617
1243834328729214976
1243834584707616770
1243834622770806784
1243834627095171073
1243834905789956096
1243834975864213504
1243836540310167552
1243836858896977921
1243837597954252801
1243837819677741056
1243838184233922560
1243838330267107328
1243839327857238016
1243839504793784320
1243839726953492481
1243839829973954560
1243840168366350336
1243840419303129091
1243841172876996614
1243841957442531329
1243841985728872448
1243843488359362560
1243843785370599424
1243844229731934208
1243845609431404544
1243846196885696514
1243846371603550210
1243847313505652736
1243847507010035713
1243848291747536896
1243848893131042817
1243849629755678721
1243852128680116224
1243852397279133697
1243852778704863238
1243852914441048065
1243853081466621953
1243853134830735361
1243853728257650689
1243855044933373953
1243855570286907392
1243855803133636608
1243856196798427138
1243856396053090304
1243857366119878656
1243857788167585792
1243858478545985536
1243858490034184192
1243859888662556678
1243860262777749505
1243860628034342912
1243860803968786433
1243862280640458753
1243862421904687105
1243863790501978112
1243864023990296578
1243864587801448448
1243864739165413376
1243865276535406594
1243865468525568000
1243865813163147265
1243866589100990465
1243867094053240833
1243867120431239168
1243867125938176002
1243868205464064000
1243868432992534528
1243868926649475072
1243869472773070850
1243870369095827457
1243871612421705728
1243871830647222273
1243871946443554816
1243872378955935744
1243872446454706177
1243872487722479617
1243872809778118657
1243873357667405824
1243873986993442818
1243874747559141377
1243876183789522944
1243876322910273540
1243876559410343943
1243876619304853509
1243877200862023681
1243877396081782785
1243877544232968198
1243878713822978048
1243879026764251136
1243879141814013955
1243879488192217088
1243879814475513857
1243880631513341953
1243881146401705985
1243882457159647232
1243882653163626496
1243882898438205441
1243883229607854080
1243883846715740162
1243883911362392069
1243883966261755910
1243884024101138432
1243884097946058754
1243884169027076101
1243884638055137282
1243884861078884352
1243884880880173056
1243885268282867714
1243885375321448451
1243885428731764741
1243885542003167232
1243885835667161088
1243885941124526081
1243885987731824642
1243886018178117632
1243886420600684544
1243886595251548166
1243886987209211905
1243888838214332416
1243889205572501505
1243889236413202433
1243889925893656576
1243891056023949313
1243891218767130624
1243891436392767488
1243891913297547271
1243891952489242624
1243893261271523329
1243893407946289152
1243893851053572096
1243896163306266625
1243896325676109828
1243896594736361473
1243896829600645125
1243897332837634048
1243897353251282951
1243897663222730754
1243898432630198274
1243898562343251968
1243898691850821633
1243898828031315970
1243899993313984518
1243900520609140736
1243901197326655489
1243901292533051392
1243901301332807680
1243901446636044293
1243901684134424579
1243901916783902722
1243901925768265730
1243902434730078209
1243902997249351681
1243903075733118976
1243903360132096000
1243903439484022784
1243904267817279489
1243904276541440003
1243904329867595776
1243905383120482306
1243906102728818691
1243906510897496065
1243906820428763138
1243906825105399810
1243906859322339329
1243907581019590657
1243907620982882304
1243907826256351232
1243907881126309890
1243907930061254658
1243908372702822401
1243908530249310210
1243908728476270593
1243909513268396032
1243909602523185159
1243909649939783681
1243910271745351683
1243910957384052736
1243911434708254723
1243911476164939776
1243911589838958592
1243911874175012865
1243912592453701632
1243912740374294530
1243913362221735938
1243913496183681025
1243913626399969280
1243914492284674048
1243916654691717120
1243916844051902465
1243916930068643841
1243917277130604544
1243918561162166272
1243919697399156736
1243920028526936066
1243920368492064773
1243920375043567616
1243920566953771008
1243920630807961600
1243921183449288704
1243921483803561992
1243921756705951745
1243921797319282688
1243922067151630336
1243922775007518723
1243922991681015809
1243923343742566402
1243923823168294914
1243923946002681860
1243924600611889152
1243924771177467905
1243924889637212161
1243924939079639041
1243925280990912512
1243925316373901312
1243925324842389504
1243926015568683010
1243926315876659208
1243926374777225218
1243926498802688000
1243926925606883335
1243927057798750208
1243927690857656320
1243928066088460289
1243928082634981376
1243928308103798789
1243928543882547200
1243929443896299521
1243929804556115968
1243929951587500032
1243930775306866688
1243930828746502144
1243930867170512900
1243931343706361857
1243931449964638210
1243932305716121601
1243932577011924995
1243932603486527488
1243932874501324800
1243933043305459714
1243933190143848448
1243933270020182020
1243933873140051969
1243934140942049282
1243934376376877056
1243934642316677120
1243934914220830721
1243935495840768000
1243935522457825285
1243935617869844481
1243935720559063040
1243936003817181184
1243936287981277184
1243936598858903554
1243936776105766912
1243937039004942336
1243937199206338560
1243937275047579648
1243937337568104448
1243937520502681601
1243937605164597249
1243937642032627712
1243937779714674688
1243937890414940160
1243938037387661315
1243938126881591296
1243939119656398854
1243939139038392320
1243939154217574400
1243939571311796225
1243940203393253377
1243940298000076801
1243940361493344257
1243941208948379648
1243941489278943233
1243942321831522304
1243942868734996481
1243943134662463489
1243943382923137025
1243944248648568832
1243944481327587329
1243944757967171584
1243944964146499584
1243945531027709953
1243945567148965889
1243945648627552256
1243945939380752386
1243946433155403776
1243946740891267077
1243947000023957504
1243947545740685314
1243947702032961537
1243947917045628930
1243948039695409152
1243948652650999808
1243948824646815744
1243948829033914371
1243949616544059392
1243949727432966146
1243949952478347264
1243950179658670081
1243950430092132353
1243951276284620800
1243951880549683201
1243952718332428289
1243952879683039232
1243953151402807298
1243953579620212737
1243953653595230210
1243954585988972544
1243954641001381891
1243955306037522432
1243955865436258306
1243956292710006785
1243956645945675776
1243956884207435776
1243956966483021827
1243957314018775041
1243957377180692481
1243957723013791746
1243957751828668419
1243957821177237505
1243957994636947456
1243958204360536068
1243958440252313600
1243958673883516928
1243958676572057600
1243959274922967041
1243959756269785089
1243959911408635904
1243960126157004800
1243960843370467330
1243960940460154881
1243961489041416198
1243961516363309057
1243962098499141635
1243962520454430723
1243962803511341056
1243963631496302592
1243964114935971840
1243964461070909440
1243965121690349568
1243965194256224256
1243965461336936448
1243966460613009408
1243966523800199169
1243966650577281025
1243966845704699905
1243966975199580160
1243967118871343105
1243967494790033408
1243968048312258561
1243969346906386434
1243969524325584897
1243970377371582464
1243970625808535553
1243970685002801152
1243971249736384514
1243971936050393090
1243972052584972288
1243972416088543232
1243972539719843844
1243973517902843906
1243974023647723520
1243974301604339712
1243974483704250368
1243975022844284928
1243975078615945216
1243975101760094212
1243975606582349825
1243976195005468674
1243976203167567872
1243976252928798722
1243976295366774784
1243976670752788480
1243977120898039810
1243977182956998658
1243977960064942083
1243978026607685633
1243978057536462848
1243979220080046080
1243979668824428545
1243981230879768576
1243981298626105344
1243981870351765506
1243981877398077444
1243981885782491137
1243982226137788419
1243982477049212928
1243982524835037184
1243982654757838848
1243983454536118272
1243983519472324608
1243983651186114560
1243983688687325185
1243984110156054528
1243984298555908097
1243985004297846786
1243985336432234496
1243985608051171328
1243985992878612480
1243986314715955200
1243987287987212288
1243987812493545473
1243987850913341442
1243988001232793600
1243988329185464321
1243988728001028097
1243988819579371520
1243988829150646272
1243989372325822466
1243989506027442181
1243989592228933632
1243989746902282242
1243989786127458305
1243989794838827008
1243990550870732803
1243990844379668482
1243991086437195777
1243992354769506304
1243994016586309632
1243994552698011649
1243995104064528384
1243995150575120386
1243995185819901952
1243995315113426944
1243995348047183872
1243997999006654464
1243998133002125312
1243999242378776576
1243999545975083008
1243999882022719488
1243999990244130816
1244000084620181504
1244000448891117568
1244000929906659328
1244001283905851396
1244001383730368512
1244001623564791809
1244002287783157761
1244003765549707265
1244004114956255234
1244004278982844416
1244004535099629569
1244005320319475712
1244005639434756098
1244005689841930241
1244005982784696322
1244006510226632707
1244006511149449218
1244006535803568129
1244006814557114371
1244007305903067137
1244007795818668033
1244008073729097730
1244008709992271872
1244008759292198912
1244009157893730307
1244009384126173185
1244010601036333056
1244010671899136001
1244011156257116160
1244011445257371649
1244011463599063040
1244012571964956672
1244013244358025219
1244013755299532801
1244014285455572993
1244014663207174145
1244014773739585538
1244015059090604037
1244015114820468736
1244015243447197699
1244015312653168644
1244015956138975232
1244016124406181888
1244016251804037120
1244016499578359808
1244017312509972480
1244019175804284928
1244019360424919040
1244019608216051713
1244019830904303616
1244020779127373825
1244021522626461696
1244021917725732864
1244022355984293888
1244022372459569152
1244022586146684928
1244022590722551808
1244022763897212928
1244022820813799425
1244023070513381376
1244023168865632256
1244023338739130369
1244023556079484930
1244024007990620161
1244024307438645249
1244024848139145216
1244027257389080576
1244027619361705984
1244027670062608385
1244028538392653824
1244029166170890243
1244029394374529025
1244029573500731393
1244029622087569408
1244030008336609292
1244030929254916096
1244031347989123073
1244031459616268288
1244031767377588224
1244032478991564804
1244033911337910274
1244033991730057216
1244034265085550598
1244034564588220417
1244034649267089408
1244034753017327616
1244035356149911557
1244036112986800132
1244036407112450050
1244036438271954953
1244036923221585923
1244038182561333248
1244038406281351169
1244038733168619522
1244038861300342785
1244039411203026946
1244039596037505033
1244039929598029825
1244041599765622785
1244041696771481606
1244042869071056897
1244043312753004544
1244043422534643717
1244043966410039296
1244043989281419264
1244044780797116416
1244044790481801216
1244044946828677123
1244045089380478982
1244045293651451904
1244045436085661697
1244045791997673473
1244046036680814592
1244046465040818176
1244047624598179841
1244047698262503424
1244047739958239232
1244048237100773376
1244048878200066049
1244049053555531778
1244049365918011392
1244050340988637184
1244051140259524609
1244051260397047813
1244052402870923264
1244052543166128130
1244052550929846273
1244052899887448064
1244053321721073664
1244053366721970176
1244053396556038145
1244053421822525440
1244053731924197379
1244054725479276544
1244055270617210880
1244055283342757891
1244055406332305408
1244055638881308672
1244055864085843968
1244056502031261697
1244056573191782402
1244056616577761280
1244057370176770049
1244058846575935490
1244059245282234369
1244059500199530496
1244059571775311873
1244061817661460482
1244062044481105929
1244062619624931328
1244062644946026496
1244065619575701506
1244066954060730370
1244068239245803531
1244068300885118976
1244068925387812865
1244069894569619457
1244071544172707840
1244072253295415296
1244072805861376009
1244072806024871936
1244073132769542147
1244073290991370241
1244073360755220481
1244073510382833665
1244073987426209794
1244074952191426560
1244075007514480640
1244075346682621953
1244075670269038595
1244076409108099072
1244077474578915330
1244077586965311490
1244077828934639629
1244078906501746691
1244079415136595973
1244079588671717384
1244079630807523328
1244079731840028673
1244080729182609410
1244081210101501957
1244081284583952384
1244081563765100544
1244081800177225731
1244082145536114689
1244082534830538752
1244082572000460800
1244083491152760832
1244083985422200837
1244084321792770048
1244084424804720646
1244084645488189440
1244084699414368257
1244085448625909760
1244085668969623557
1244085924134375425
1244086135594168321
1244087307323322369
1244088072775532548
1244088892204019712
1244089611628032000
1244090152818900992
1244091929731772418
1244092012049154048
1244095022619820032
1244096069870538752
1244096756763115522
1244096930327781378
1244097775710670849
1244097821797744640
1244098482048286728
1244098521596416000
1244099040796504065
1244100021093650432
1244100635110395906
1244100824063762437
1244101383290265600
1244102067968450560
1244102126160302080
1244102465605246976
1244102766995308546
1244103181279399936
1244103672117768192
1244104286180687873
1244104545711665153
1244104946225733632
1244105231971094530
1244105604018380801
1244105764656070657
1244106002951069698
1244107160134582272
1244107377932034049
1244109087983513604
1244109205075906560
1244109654646575104
1244109701991759872
1244111290265677824
1244112125930270722
1244112398140805120
1244112965764296705
1244113533706678278
1244115345725624321
1244115422820982785
1244116771591860227
1244116804621840385
1244116840512655360
1244119878707089408
1244120101135085568
1244120277887234048
1244120520213348354
1244121167901995011
1244121851607035904
1244122349349322754
1244123271240572928
1244125648966291456
1244126719725965314
1244128989528104960
1244130639462510593
1244131245866586112
1244131617670561792
1244131646972067843
1244131880791875585
1244132076212965376
1244132129690341376
1244133630621990912
1244134164028444672
1244136531859832833
1244136627259260935
1244137005052821504
1244137549020295169
1244137887903465473
1244138440440119301
1244138873933963264
1244141208231907328
1244143347708690433
1244144201455022080
1244144457609551872
1244145705691820032
1244145949187989504
1244147989951795200
1244148383603986432
1244150056191553536
1244150296579842048
1244152239364534272
1244153298833137667
1244153843014873088
1244154627756568576
1244154869864378368
1244155650998861825
1244158517013024768
1244158775109406720
1244161346196946944
1244162416772100097
1244162942607724544
1244163365544415232
1244164460052439040
1244164909023330304
1244165850749440000
1244166402040311808
1244166600917385216
1244169891990482947
1244170544473407488
1244170835767652352
1244172174489014275
1244172321113473024
1244173888411623424
1244174623735984129
1244175436147376128
1244175762560819200
1244178533628416000
1244179867131879424
1244181652986687488
1244182663977713665
1244183593213181952
1244185062456901632
1244185568088653824
1244185798284640256
1244186020339482624
1244186114740625408
1244187298339663872
1244187589176963073
1244187669845901312
1244187834958766081
1244188340439711744
1244188368906399744
1244188553258598406
1244189656964628480
1244190237082955776
1244190518675824640
1244190716806529029
1244190775916638208
1244191974607015936
1244193070926704640
1244193465451327496
1244193985909919744
1244194325275254784
1244194343528914944
1244194554225532928
1244196716288466945
1244197921597411329
1244198302876303361
1244198482023337984
1244198781031194625
1244199353671131137
1244200024839520258
1244200155437400065
1244202082803965953
1244202414623907842
1244202822666780678
1244203819384389635
1244205780418600963
1244206042399072257
1244206294531297280
1244206608919527424
