1259700493850378240
1259700571537276928
1259700780396720128
1259701291871350786
1259702776596254720
1259703288741548034
1259703501912977409
1259703618799894529
1259704273174056961
1259704372637900801
1259704691883044871
1259705065029472256
1259705123896545281
1259705491279806465
1259705633609302022
1259707364573425664
1259708102821191680
1259708501548384258
1259708960875012099
1259709862243708928
1259709890995650563
1259710014220050438
1259710343552462848
1259710614982676480
1259711197508784128
1259711679228604417
1259712373058875392
1259712608640405510
1259713360179814403
1259714188206882816
1259714564758949889
1259714899183308800
1259715334904467456
1259715546209300480
1259716089258242048
1259716730328252418
1259717024437211137
1259717115487059969
1259717658297106432
1259717772252254209
1259718238210064390
1259718291234275328
1259718331927535616
1259718734299742209
1259719702114426880
1259719789142040576
1259720478975033345
1259720662412693506
1259721273845993472
1259721644358225921
1259722707425509381
1259722786685071360
1259723440757620736
1259723483254337536
1259724378016755712
1259724959569633280
1259725436084383746
1259725442908450818
1259725474495959042
1259726022943166464
1259726058284216321
1259726403857154048
1259726638931234816
1259726887825346560
1259726904371941376
1259726925976788993
1259727036127391745
1259727054821621765
1259728272050569217
1259729520518500353
1259729591989448705
1259729649803894784
1259729761863176193
1259729957690933252
1259730040872468480
1259730331676160000
1259730718067957761
1259730934124904448
1259731736495259648
1259732263429967878
1259732987123400704
1259733003087028224
1259733047295062016
1259733188034904065
1259733208691769344
1259733466662547458
1259733835979403264
1259735009222692865
1259735267709239298
1259735297094549505
1259735719901347843
1259736100081471489
1259736165332193281
1259736227126935552
1259737887710547968
1259738530944876544
1259738660863385600
1259738786432507905
1259738872227008514
1259739132521316352
1259739133662150659
1259739447039610881
1259741320094113798
1259741524381720577
1259741968864874497
1259742349531312129
1259742356280086528
1259742418527825922
1259743697220112384
1259744469173354501
1259744475129274373
1259744513154625537
1259745326468001797
1259745332612575232
1259745496777625601
1259746462608625670
1259746807200075778
1259746968722640897
1259747186293735425
1259747216694095874
1259747376761315328
1259747576963891200
1259747607750074368
1259747853104275457
1259748048550465541
1259748515648954368
1259750119622283264
1259750728131842048
1259751597984399361
1259751695694913537
1259751793267015680
1259752130233204736
1259752621625180160
1259753481512062976
1259753623136935937
1259753686781345793
1259753748232130560
1259754020622741504
1259754771180851200
1259754847731101696
1259755079625670656
1259755173855080449
1259755188535078914
1259755280730075136
1259755647844921345
1259755877013356544
1259755896118210560
1259756671020269569
1259757108251299840
1259757438804295680
1259757543792021504
1259757551492780032
1259757613195112449
1259757906347646976
1259758351292026881
1259758928365187072
1259759113921335297
1259759476435025921
1259759904652492800
1259760079269756928
1259760474633183232
1259761766155812868
1259761804336603136
1259762123975979008
1259762802379689984
1259763053849006080
1259763053853200386
1259763054956298247
1259763055015034882
1259763056038428678
1259763056550150144
1259763432829616130
1259763852222369792
1259764026885771264
1259764083294953472
1259764206892650496
1259764341152202753
1259764616315502592
1259764639706968065
1259765231783424000
1259765404920135680
1259765597023412224
1259765795225296899
1259767097544056834
1259767872357875712
1259768596240257024
1259768769913724928
1259768772921102336
1259768793187913728
1259768804424290304
1259769435239395328
1259769828300206080
1259770041836474369
1259770269616480259
1259770402592653312
1259770939027394560
1259771235434561536
1259771236558626817
1259771388115578881
1259771410567872512
1259771748007862273
1259772123268231170
1259772237810302976
1259772387177963520
1259774109644468224
1259774202153963521
1259774209309507585
1259774580320681985
1259774702190542850
1259774929458704384
1259774977529778177
1259775299526578181
1259775464408854531
1259775948108554240
1259776100835581952
1259776871656497152
1259777021720305664
1259777202817769472
1259777756637859840
1259777780729942016
1259777788443320320
1259777900930269186
1259777971860234240
1259778037282861056
1259778619142025216
1259779802489372672
1259780586173902850
1259781578621890561
1259782717379616768
1259782949454729217
1259783166929362946
1259784332283174913
1259784923206033410
1259785288735264773
1259785417429323776
1259785477688877060
1259785723617689600
1259786234932744192
1259786379954917376
1259786747795267584
1259786828065931264
1259786966343680000
1259786967413166080
1259787216177463297
1259787309379092480
1259787688955318272
1259788056829333504
1259789122492760065
1259789237504954368
1259789446414848001
1259789831397236736
1259790075879206912
1259790552628736001
1259790664033845249
1259790901825744896
1259791142415032320
1259791323189653504
1259791348221251584
1259791588882087943
1259791966008721410
1259792590473314304
1259792762762932224
1259792831914401797
1259793134126600195
1259793255585026048
1259793256130347008
1259793257896177666
1259794238478454784
1259794544373235712
1259794642121265152
1259794726829674496
1259795189788442625
1259795428570259457
1259795441350250497
1259795780774354944
1259795957501362176
1259796328282021889
1259796422586589184
1259796438386688000
1259796654317686784
1259796741764771841
1259798174027460609
1259798191752589323
1259798390147145728
1259799646194601986
1259800144658268165
1259801762766225408
1259801848103481345
1259801900993540096
1259802063367663618
1259802334625968128
1259802764592525312
1259803515817529344
1259803815315980289
1259804259975073792
1259804649898606593
1259805518962573312
1259805823510941697
1259806399112101890
1259806766344425477
1259806938524561409
1259806977804378114
1259807074252394496
1259807494546665473
1259807979194351616
1259808007262789633
1259808075390869505
1259808225819611136
1259808745690935296
1259808777295011841
1259808796425072645
1259809817847312386
1259809941684133890
1259810134165000192
1259810767618146311
1259811488400904193
1259813180571897856
1259813231461388288
1259813434356629508
1259813817741082624
1259814270461571073
1259815009498140672
1259815073566134273
1259815528929034241
1259815566149369858
1259815585288015874
1259815621539368960
1259815923625623554
1259816008723968000
1259816062159392770
1259816119117938689
1259816423196672000
1259816456700608512
1259817119488901128
1259817209876090880
1259817380584161281
1259817570187784195
1259817773653463040
1259818268912582656
1259818273924882433
1259818911345840131
1259819359863803906
1259819386707357700
1259819396236742656
1259819440759242752
1259819958676205571
1259820153807798273
1259820566430781440
1259820578728546305
1259820892500250624
1259821489261551617
1259821950634991616
1259822105476153344
1259822873776177153
1259822899634098176
1259822942172708864
1259823077996679171
1259823079259172865
1259823404359667712
1259824335742595072
1259824778036293632
1259824783031701505
1259824905320673281
1259825419399856130
1259826110604488705
1259826384073035776
1259826585659568128
1259826663761772545
1259827092457508864
1259827115253534721
1259827314109681666
1259827315330220034
1259827370560819200
1259827528312795138
1259827691995291648
1259828434538119169
1259828547436384256
1259829023519186946
1259829240461250561
1259829270718840833
1259829869627785216
1259829871964020736
1259830070878838787
1259830102642307072
1259830310327517191
1259830323564724225
1259830335270981633
1259830418687361025
1259830581275144193
1259830753761755138
1259830787492524034
1259831201629646848
1259831367753445376
1259831509764243456
1259831583281995782
1259831777499234305
1259832339762343936
1259832457169436672
1259832654708436992
1259833391014465538
1259833896281296897
1259834094193717248
1259834197105094668
1259834894236225536
1259835100067479553
1259835197647962113
1259835410202505228
1259835612712091648
1259835863955111937
1259836136035422210
1259836415732445184
1259836610293592064
1259836650630320128
1259836944860798979
1259837195378196481
1259837673453154304
1259837674497601536
1259837804806172672
1259838291941175296
1259838324778233856
1259838455003127809
1259838688600588289
1259839987358498818
1259840249028644865
1259840598955167754
1259841202360324098
1259841205761904642
1259841537799684096
1259841582368514050
1259842031679127553
1259842145755688960
1259842161111109635
1259842251024449538
1259843867072958464
1259844029430317057
1259844309270122501
1259844708110675971
1259844716494979079
1259844730483101698
1259845258189430784
1259845739255078921
1259845765448511488
1259845860806086659
1259846095737413634
1259846235248373763
1259846246786904064
1259846301543514112
1259846302696910854
1259846919196737537
1259847211879485446
1259847731515920385
1259847867616956417
1259848096965693448
1259848688941350914
1259849595766681601
1259850275097116678
1259850485370159104
1259850873171304450
1259850885775208450
1259851105091096579
1259851269105233920
1259851276671729664
1259851281511919622
1259851390077337601
1259851390534500353
1259851477025206277
1259851541881774086
1259851672219770880
1259851679949901824
1259851894622650370
1259851965858828288
1259852258650488840
1259852393661050882
1259852396123086852
1259852396601188362
1259852714693070852
1259852901373087746
1259853084433448962
1259853236032491524
1259853382300446721
1259854459510951937
1259854624112152576
1259855054573645825
1259855252314099716
1259855367518990336
1259855537107283974
1259855546729017351
1259856084556288002
1259856720731484163
1259856835546415107
1259856872049389569
1259856972561735683
1259857051972440071
1259857456223715330
1259858499351298049
1259858595593797633
1259858601184768000
1259858618280824839
1259859093751242753
1259859483980902402
1259860085217599488
1259861012406325248
1259861078516867073
1259861142056374273
1259861217436459010
1259861561310679041
1259861602733563904
1259861855411089410
1259862358048092160
1259862513233125377
1259862832750956544
1259862904213471232
1259863220938039303
1259863454053212160
1259864979198504962
1259865084685238272
1259865348062543880
1259865654263341056
1259865718566326275
1259866615824347138
1259866741607288833
1259866897841094660
1259867352574963712
1259867665922961409
1259867726463590401
1259868116978466816
1259868764151009281
1259869178405814272
1259869179248807937
1259869190699302919
1259869548250980356
1259869676185812992
1259869722138599431
1259869772931428352
1259869777192824832
1259869891630432256
1259870072585089024
1259870880655499264
1259871555489849344
1259871559566704643
1259871792333758465
1259872209776017413
1259872303363612672
1259872797196681216
1259873264425414660
1259873287338774528
1259873464627933189
1259873699425124354
1259873900328034305
1259873912755650560
1259874531214123008
1259874567302021120
1259874600751693828
1259874615062650887
1259874757916360704
1259875033608007680
1259875146401226752
1259875456683323396
1259875906241343492
1259876031764127744
1259876927847960577
1259877773893607429
1259877798140919809
1259878088193671169
1259878280443772929
1259878337452761089
1259878602163859456
1259878824897998848
1259878922738642952
1259879126946775041
1259879404550971392
1259879448771428352
1259879467054297090
1259879512332001282
1259879835251478529
1259879872652083201
1259880078772748288
1259880298680115200
1259880372663398400
1259880435938557952
1259881070100729858
1259881216033030145
1259881529011929097
1259881530979086336
1259881868796858372
1259881900086198279
1259882403016912902
1259882495874646024
1259883883836907526
1259884147197095936
1259885523721740288
1259885708115836934
1259885945710616578
1259886013389799431
1259886203907854338
1259886206101401600
1259886307641307146
1259886374620037122
1259886983301734400
1259887126264647682
1259887535389437953
1259887591928692737
1259887653115199491
1259887960230690816
1259888014156840961
1259888668317290496
1259888764513484805
1259888772952424449
1259889353217781767
1259890207098372099
1259890430675738625
1259891173147267075
1259891277472071684
1259891507781238784
1259891769275305984
1259891941183041536
1259892377902145536
1259892564590723074
1259892779632787461
1259893244105764867
1259893256944418823
1259893365480423432
1259893446149619713
1259893760198090754
1259893878737403907
1259893898056396800
1259894017971695617
1259894076759040001
1259894223035236359
1259894826113392641
1259895887289102338
1259895938174218240
1259896314533277696
1259896324364709888
1259896376542060549
1259896429172137985
1259896464689504260
1259896552811790341
1259896640976097284
1259896730365149184
1259896818718121985
1259896834941747201
1259896876926631939
1259896905896787970
1259897190496927748
1259897602126086144
1259897603950551041
1259897987561488395
1259898222736216066
1259898412876492801
1259898954545795085
1259899035898589184
1259899084124520456
1259899121588043781
1259899124104794122
1259899151799726085
1259899212218675205
1259899300148117509
1259899388526239744
1259899476623396872
1259899564854784002
1259899653023203347
1259899741212729344
1259899829297315847
1259899917721636864
1259900366394740739
1259900991991840768
1259901602888069124
1259901603554816000
1259901649612492802
1259901690976796674
1259901778843389953
1259901867250847745
1259901955696201732
1259902043709493248
1259902066203545605
1259902288694476801
1259902367388090380
1259902400082706434
1259902450645053442
1259902488314085377
1259902576444702720
1259902665053614083
1259902752886489088
1259903642066456576
1259903713566773248
1259904421544288256
1259904438678040580
1259904509591126019
1259904527257538564
1259904615245656064
1259904703485423619
1259904709621669888
1259904791783845889
1259904879805546496
1259904967751720961
1259905055949553667
1259905143899852804
1259905165538275328
1259905231963533317
1259905320555601924
1259905408484937730
1259905496510758914
1259905584595427328
1259905890326663168
1259906540280012800
1259906771474358279
1259906851774267395
1259907243308449799
1259907269782900741
1259907270521106434
1259907278267985920
1259907358446280709
1259907446434336773
1259907534552514560
1259907622536392704
1259907676332609536
1259907710772002816
1259907798563008514
1259907886949548035
1259907974958657536
1259908030596079616
1259908063265525761
1259908240382529538
1259908328379109382
1259908416601980928
1259909032774533120
1259910681018671112
1259911037874106373
1259911267784876032
1259911275099930630
1259911377432580097
1259911491119169541
1259911617459957760
1259912073879920640
1259912098278146048
1259912166959796224
1259912216758890498
1259912504555139072
1259912542698143744
1259913045079240704
1259913167653740544
1259913482696359936
1259913565726793728
1259913682818985988
1259913759033896965
1259913764868063232
1259914607134756868
1259914615380750337
1259915118973984779
1259915290521018368
1259915843221274624
1259916136323395584
1259916233413197824
1259916376447365124
1259916752873353216
1259917039239561217
1259917052510273537
1259917151454011392
1259917636261097473
1259917802271621121
1259918531728203777
1259918784749502466
1259919006129152001
1259919219061190656
1259920283282128898
1259920487003631617
1259920717644279808
1259920826029281286
1259921010192781314
1259921588717322240
1259922579147685891
1259922580120707072
1259923024855232513
1259923293416677378
1259923448824020992
1259923619720785920
1259923843843387398
1259924261986136074
1259924357721161730
1259924369939271680
1259924577662177283
1259924646637572096
1259924895359787009
1259925105972514816
1259925214391123974
1259925335992303618
1259926136357883907
1259926402050162690
1259926514163990529
1259926764903677954
1259926791717879809
1259926795597615105
1259927098208239616
1259927157041696770
1259927463326605315
1259927520821915650
1259927572114219010
1259927639667601408
1259927775286374402
1259927886858842112
1259928675224559617
1259929795124539392
1259930344171724803
1259930975691173888
1259931056221720576
1259931388595363840
1259931760617545736
1259931797925879808
1259932339909521408
1259932685155405824
1259933011388358659
1259933291311923203
1259933404767780865
1259933423969488896
1259933770830020609
1259933853336158215
1259934328680787968
1259934583098953729
1259934788422696960
1259934813747687426
1259934894232305665
1259934948783460354
1259935099476496390
1259935589501227008
1259935810046091266
1259935929390600193
1259935980632584194
1259936650991296512
1259936701847269376
1259936761116897281
1259936812518248449
1259937258783858688
1259937361015824386
1259937468838707200
1259937511373107200
1259938010772189184
1259938035095015425
1259938530568163328
1259938857220521984
1259939513234788353
1259939806722785282
1259940213456953344
1259940302556745735
1259940674767634432
1259941106281783297
1259941427997532162
1259942360512737280
1259942827183583233
1259942929692610560
1259942947715416064
1259943035565154305
1259943369716822017
1259943496573685760
1259943915295322112
1259944758023041024
1259944944489332736
1259944965179875330
1259945383733665792
1259945427341885440
1259945939172720640
1259947338547761158
1259948207510970368
1259948318131539968
1259948704007675904
1259948794441084931
1259948960095055872
1259949300550795264
1259950373252599808
1259950565330685960
1259950595449982976
1259950710311059461
1259951622257389568
1259952599077281793
1259952775401783296
1259953021636804617
1259953034467184640
1259953412944388098
1259953865291685889
1259954342502727681
1259954707709263873
1259954956028620800
1259955064313196544
1259955171154702338
1259955286930010112
1259956910222172161
1259956994447945731
1259957209166835712
1259957211196841984
1259957211972820992
1259957315865804802
1259957324808060930
1259957680770371584
1259957989525598210
1259958098682241024
1259958978450280455
1259959193043447809
1259959439593033728
1259959598599098373
1259959671676338183
1259959786407428097
1259959820318380032
1259960008994746368
1259960143678234628
1259960290843807747
1259960373647728642
1259960568204623877
1259960592623906816
1259960853996150786
1259961654567219201
1259961932196519939
1259962116821245952
1259962545395232768
1259962707148705797
1259962944621813763
1259963042177200129
1259963110665924608
1259963248331362309
1259963268078145537
1259963520071991296
1259963632772763648
1259964011359027201
1259964106796228608
1259964572464820233
1259965220241510406
1259965521060958208
1259966150458224641
1259966219169468417
1259966573198090241
1259966694564540417
1259966711261888512
1259967061607866373
1259967263173533696
1259967283968880641
1259967382623268872
1259967404215382016
1259967522754793472
1259968032417308672
1259968385745641472
1259968802093248515
1259969103512690689
1259969158248366081
1259969214024204289
1259969679008899073
1259969929677352966
1259970104865050632
1259970382922203137
1259970428300222466
1259970628028899333
1259972311521738753
1259972316131291137
1259972548319682567
1259972643979177984
1259972664610959361
1259972684278046720
1259972788703694849
1259973055884992512
1259973128740130816
1259973482043105283
1259973662788268032
1259973788197957637
1259973949066117120
1259974446003163138
1259974477212987393
1259974528115118081
1259974530388373506
1259974613620207618
1259974891673128965
1259975193461743622
1259975410990841863
1259975462056595461
1259975779846426625
1259976368491622400
1259976418005602305
1259976605469773825
1259977247735209984
1259977378685759488
1259977472256274433
1259977584873549824
1259977612811739141
1259978129210093570
1259978158247378945
1259978582899806214
1259978616697270273
1259979023687593984
1259979115785908224
1259979118986194944
1259979335403999237
1259979913576284160
1259980534144327683
1259980633968906240
1259980868212396032
1259981146500276227
1259981242386264065
1259981377123921920
1259981397885882369
1259981444279087106
1259981531185061888
1259981911478415362
1259981979782656005
1259982488375570433
1259982630998740993
1259982638678519809
1259983620187525122
1259983631361212418
1259984060488744962
1259984136682434560
1259984213392027648
1259984516254326789
1259984817296420864
1259984858002141186
1259985198109855744
1259985406000496641
1259985548804083713
1259985673219526656
1259985724616704000
1259985755583197184
1259985773882941441
1259985775132766208
1259985951255904257
1259986104364732419
1259986224820957185
1259986348968226819
1259986448612196356
1259987168639873024
1259987388014747648
1259988247582781441
1259988326376972291
1259988932936314884
1259989056995368961
1259989668206182403
1259989671553138688
1259989861437788165
1259989980828569603
1259990664093282304
1259991413737095168
1259992134561611776
1259992228115734535
1259992315688439808
1259992433296699392
1259992842178564101
1259993000312287233
1259993046281830401
1259993108361568258
1259993417435754499
1259993475346464770
1259993486209638400
1259993523090325504
1259993560633544704
1259993877546762248
1259994144036081664
1259994497330499585
1259994545476890624
1259994583544430593
1259994604704686081
1259994608311906304
1259994754835787783
1259995117253005312
1259996038263263232
1259996350789251072
1259996357332545549
1259996395504840705
1259997226899668992
1259997505993019392
1259997573114474499
1259997596556419073
1259997780526981129
1259997906318372869
1259997927138885633
1259997980792406016
1259998358015377411
1259998892332023809
1259999052399357955
1259999142652383234
1259999146729189382
1259999586187264000
1259999723110518784
1259999820095254528
1260000781643776000
1260000990843076608
1260001528728948736
1260001882056953856
1260002015276457986
1260002225197387784
1260002314590486534
1260002382756233216
1260002449575702528
1260002526289682433
1260002789037506560
1260002849330728966
1260002943421616128
1260003798568837120
1260004268725030912
1260004556844531714
1260004724570419202
1260004871018864640
1260005091836395523
1260005153563742208
1260005433487560704
1260005601037385728
1260006194346745857
1260006508261064711
1260006571096014848
1260007166963929088
1260007242838892544
1260007439673331712
1260007687086985217
1260007767407878144
1260008204785737730
1260008799198302208
1260008958963548160
1260009390410629121
1260010328760307712
1260010782001033216
1260010799851909120
1260011609272930307
1260011800638021632
1260012140494110720
1260012251295039489
1260012318173171713
1260012486801031173
1260012659962867712
1260013224495177729
1260013277276336129
1260014032427249664
1260014088651862017
1260014739742056448
1260015333730955265
1260015922225401860
1260016980276375552
1260017110039687169
1260017520175538176
1260017930659487744
1260018131264626689
1260018322973679616
1260018502850580486
1260018659952439296
1260018803288576003
1260019041000779778
1260019051000025090
1260019119220420609
1260019270269861891
1260019277794439168
1260019712760532993
1260019788648071168
1260019930704969728
1260020201233342465
1260020428887580677
1260020710002450432
1260021335033409536
1260021368185171982
1260021770142154755
1260021856679026692
1260022606817685504
1260022929883971584
1260023814718545923
1260023883446403075
1260024163391045633
1260024352117895169
1260024467046055936
1260024483764551682
1260024572213997568
1260025022883565569
1260025400345808896
1260025999523078146
1260026176547860481
1260026545797623809
1260026555947814912
1260027048967327746
1260027092533563403
1260027105036787717
1260027733184139267
1260027737982398471
1260027981952516097
1260028645860454400
1260028647668244485
1260028675564552192
1260028839930916864
1260028905831858178
1260029377644867585
1260029574059982849
1260029600253370370
1260029861642383364
1260029938742124547
1260030353395249152
1260030810767253505
1260030924034465792
1260031001482326018
1260031098194542592
1260031582481420289
1260031785330544641
1260031953769660416
1260031954746925061
1260031955858452482
1260031959167717384
1260032319479414791
1260032328635539458
1260032470147231751
1260032688494264321
1260032919302623235
1260032926034456577
1260033311432310788
1260033356089028612
1260033427304091649
1260033747656732675
1260033951751565316
1260034086715797505
1260034285987229696
1260034354312384512
1260035158603776002
1260035448967053321
1260036396993126400
1260036983717597184
1260036983981780992
1260037050067087362
1260037239402192898
1260037428280283136
1260037465676472321
1260037494847856640
1260037691472838656
1260038308555612161
1260038938909016065
1260039865237819394
1260040076626505728
1260040197808537606
1260040662419996672
1260040666480082944
1260042474531291136
1260042741574221829
1260043324188172288
1260043751096905728
1260043833213177857
1260044371401023496
1260044814675963910
1260045145673588743
1260045304117768197
1260045544145203200
1260045936820195330
1260046423023730688
1260046736082509825
1260047051288502272
1260047053335363584
1260047053402472448
1260047435222724616
1260047812672270338
1260048272053460994
1260048332992335872
1260048481974018051
1260049033625776140
1260049118560305154
1260049275020619777
1260049576339390464
1260049668458926081
1260049739858489344
1260049807097413632
1260050390143426568
1260050549354967041
1260050614425399299
1260050770658983937
1260050927794429952
1260051263322030086
1260051736997163008
1260052815986282497
1260053060916858880
1260053167414349824
1260053500656062467
1260053674321014784
1260054186303148037
1260055195201024001
1260056628079910912
1260056769193263104
1260057003356872715
1260057628077670400
1260057814254465025
1260057869950636034
1260058002763083777
1260058020811243526
1260058231692541954
1260058267402874880
1260058813320790016
1260059260437889024
