1261150730947383296
1261150838359285761
1261151008488665088
1261151309396430848
1261151373644533760
1261152609760616448
1261152666065031168
1261152750399901697
1261153096136359939
1261153335752753152
1261153594990002183
1261153949631078406
1261154066035617792
1261155115475431424
1261156808498073601
1261157531117694981
1261157600743370756
1261157609698197504
1261157926737149955
1261159050336710657
1261159073443086336
1261159135548235776
1261159172676235264
1261159413878063105
1261159430055505921
1261159801691783168
1261160131460567040
1261160263614558208
1261160399367548929
1261160570654425095
1261160580968308736
1261160661909995520
1261160708550438913
1261161532475478018
1261162154629017600
1261162156659097600
1261162158559096832
1261162160102576128
1261163176462356483
1261163584266084352
1261164680556535808
1261164915009695745
1261165049248313344
1261165196011352064
1261165215367991296
1261165300684374017
1261166076450267139
1261167012648280067
1261167586051383296
1261168055687749632
1261169433084596224
1261169448444211203
1261169459647205376
1261169757014781957
1261169829815316480
1261170125912367104
1261170460307251201
1261170496592371712
1261170622169743363
1261170674141364224
1261170716805722112
1261170747306885121
1261170938533429273
1261172091270729728
1261172092310966272
1261172340898983936
1261172452543135745
1261172742205984770
1261172988772261888
1261173312165744640
1261173312341766147
1261173380004425740
1261173383196262401
1261174161503916033
1261174245352062976
1261174649993510912
1261174807774838785
1261174905472716800
1261175366216937472
1261175562447527936
1261175571159093248
1261175688289230848
1261175892669235202
1261175983740203008
1261176241471623169
1261176245590437888
1261176671794868225
1261176863659118592
1261176916129783814
1261177815510073344
1261178015419006976
1261178101981237248
1261178359473680384
1261178837171404800
1261178914271047685
1261179196908453888
1261179289074118657
1261179810690338817
1261180316821139457
1261180325348159488
1261180561617453056
1261181076459814912
1261181555306901505
1261181954772406272
1261183298090434562
1261183404927664129
1261183974564651010
1261184663906811905
1261185260466909185
1261185428909985792
1261185695751655424
1261185774504026112
1261185901243310081
1261185902572781575
1261186278114107401
1261186935801827328
1261186936988823553
1261186939333406720
1261187446491906048
1261187469476859904
1261187653719986179
1261188279866621952
1261188442328891393
1261188582108270592
1261189717690855430
1261190024105771008
1261190201277202432
1261190410145337344
1261191094194192384
1261191218857275392
1261191220035899392
1261191284489965574
1261191608474746880
1261192112038502401
1261192725484847110
1261193544657559552
1261194637676511235
1261195546498383873
1261196346092130305
1261196564057534464
1261196638405578752
1261196661725986816
1261196858459906049
1261197213700587520
1261198051131166720
1261198363619233793
1261198558000267264
1261199100445368321
1261199680014295040
1261200317447798787
1261200455536988166
1261200925223342086
1261200962154311680
1261201146112286720
1261201209173479424
1261201689060597760
1261201803108134912
1261201909416747009
1261201910477975552
1261202901424365568
1261202921447923712
1261204041620770816
1261204053721182210
1261204115893387264
1261204499064147968
1261204765704257536
1261204848609054720
1261205447236698112
1261205448981528579
1261206207404138498
1261206318875959301
1261206466582720512
1261206520412372997
1261206946834571264
1261206948512362497
1261206950030630913
1261207142268354560
1261207446439129093
1261207553477873664
1261207643047309313
1261208349661638656
1261208901938184192
1261208998499549184
1261209447755644928
1261209936136110080
1261210119280435200
1261210273354047488
1261210789287002114
1261210926780317696
1261211287041835008
1261211488041066497
1261211527580995586
1261211617896923138
1261211719948472321
1261212332841209856
1261212735884259329
1261212833532063744
1261213116358184960
1261213164483391490
1261213721340325889
1261214555889377285
1261214596179939329
1261215126549524482
1261215127178670080
1261215425653850112
1261215810770567169
1261216888454930432
1261217010249170945
1261217011343867904
1261217184296120324
1261217459312435201
1261217975945891840
1261218245060648962
1261218248839872513
1261219225571598336
1261219674810916864
1261220191142178823
1261220250806292482
1261220556604690432
1261220666172301313
1261220667304755207
1261220877179502592
1261221670536146944
1261222552871079936
1261222624446894081
1261223098814251010
1261223114584850432
1261223396232376320
1261223475215302656
1261223934772551686
1261224368920764418
1261224523883479040
1261224578325585920
1261224991078711297
1261225156254425089
1261225301184569350
1261226060794015744
1261226087306141701
1261226398389321728
1261226568321359873
1261226700915892229
1261226963034750976
1261227428741029888
1261227721981595649
1261227733566152705
1261227789245648896
1261227916463157248
1261228134478811137
1261228481310076928
1261228631583535104
1261228888191127553
1261229244614664198
1261229820035227648
1261229973832007682
1261230134893277184
1261230281048145922
1261230956826017792
1261230960072425473
1261231009246429184
1261231015349059585
1261231166843162624
1261231316399521792
1261231456455712769
1261231635812532225
1261231680955863040
1261231983037779968
1261231985273405440
1261232185832595456
1261232304665608198
1261232325008019457
1261232676276785152
1261232955705495552
1261233168113381378
1261233191433768961
1261233228062486530
1261234221022171137
1261234390291509249
1261234583653269505
1261234740801294336
1261234881876680706
1261234950470356992
1261235135929815041
1261235916019990528
1261236170102620161
1261236263975137280
1261236265870999552
1261237230993051650
1261237644605837312
1261239338853171201
1261239996993933312
1261240055244509184
1261240811456311297
1261241004058988547
1261241107565993985
1261241132119449605
1261241342224711683
1261241914692526080
1261241970414026752
1261242024377806849
1261242270021496832
1261242547000586241
1261242658464423936
1261242973792219136
1261243451955466241
1261243958111416320
1261244800650686464
1261244938743840769
1261245744037728257
1261245968508428288
1261246473561206790
1261246623474221056
1261246644609261568
1261246872225828865
1261246872087228416
1261247048768094211
1261247082687377408
1261247090438443009
1261247508220727296
1261247837100220416
1261247967576625152
1261248335366815744
1261249171992064001
1261249277105405952
1261250189899202561
1261250313488666625
1261251312261324800
1261251547146616832
1261251616168009729
1261251617514348549
1261251620135768067
1261251666004840454
1261251739107418113
1261251843268771842
1261252515191980032
1261252637435080706
1261252708863967233
1261252727176228864
1261253782853296129
1261254505959653378
1261254600222486530
1261255110744854529
1261255121461100544
1261255420355776512
1261255585519017984
1261256351289946112
1261256877423439874
1261257658507673601
1261257928037863424
1261258045310619648
1261258335405453314
1261258347363405826
1261258495040671746
1261258524258156544
1261258714016706560
1261259558917455876
1261259817114652673
1261260158317088768
1261260176289484800
1261260720127213570
1261261533016985603
1261261577199616000
1261261702613606401
1261261703087448064
1261261884323434498
1261262184459333638
1261262186376126466
1261262208161333249
1261262441540976640
1261262618846691329
1261262888729112583
1261263091540557824
1261263172956303361
1261263819411611648
1261264403535519744
1261264493973319681
1261264610625302533
1261264711133343748
1261264886442586112
1261264903685324800
1261264909020680192
1261264963915702272
1261265010262712320
1261265141909327875
1261265414970994689
1261265955805593600
1261266189638160386
1261266360996442112
1261266373189173248
1261266384492941312
1261266742237712384
1261267768185368582
1261268129570676737
1261268227293921282
1261268578843664384
1261268651321278464
1261268670329892865
1261268889058582528
1261268964275036161
1261269104834437122
1261269118973444097
1261269613116968961
1261269955959545858
1261270671268732935
1261270968250572800
1261271341438849025
1261271431633080320
1261271535404355585
1261271644238155777
1261271992038195200
1261272253473230850
1261272400190193667
1261272587318857728
1261272667782631424
1261272682416541696
1261272880798670850
1261273533545689094
1261273871283564545
1261274262637330433
1261274334376742914
1261274403012145152
1261274756780666881
1261274878214385664
1261274952478740480
1261274987798945792
1261275306285039618
1261276001604186113
1261276137507954689
1261276144420229120
1261276161977528320
1261276435034980353
1261276672940290048
1261276705748025344
1261276753802268673
1261276804532363264
1261277630579519491
1261277790046842880
1261278224270667776
1261278853558919170
1261279173684760576
1261279483123896324
1261279970271342593
1261280013460144129
1261280029738176512
1261280184956866562
1261280222500081665
1261280265181319168
1261280348526297089
1261280350954598402
1261280437185454090
1261280474535571458
1261280715850895360
1261280808217784322
1261280906435837952
1261281098602098690
1261281266214854656
1261281738023731205
1261281874481164288
1261282027183243265
1261282071143686144
1261282314614644736
1261282528792641536
1261282884524093442
1261282964253675521
1261283019324825603
1261283337991266307
1261283652933042176
1261283800060956672
1261284009881018368
1261284681791746050
1261284723944574976
1261284800859721729
1261285461374484480
1261285494731792387
1261285593469812736
1261286011558137856
1261286218869936130
1261286249375170560
1261286420620161024
1261286592502616064
1261286614032154624
1261287137263091713
1261287256263987200
1261287282054750210
1261287737111478272
1261287740940959750
1261287788671987712
1261287879981973504
1261287946721939458
1261288423333212160
1261288451955200001
1261288681090027520
1261288811964903428
1261288983222419456
1261289099882835974
1261289122158637056
1261289291076026370
1261289295073153024
1261289599822974976
1261289902777544706
1261290187839193088
1261290216641495043
1261290373269217283
1261290396149317632
1261290741374095360
1261290776463581185
1261290861603614720
1261291394259472385
1261291824989306882
1261292176249626634
1261292868465037314
1261293057904750593
1261293881108422656
1261295156722126848
1261295376528748544
1261295807732449280
1261295989249519618
1261296411301171205
1261296624980066304
1261296852458024960
1261296983974830083
1261297623094513665
1261297659144556546
1261297694917738514
1261297803826872320
1261297837045735424
1261297838123819011
1261298711449272321
1261298734668877825
1261299457372622848
1261299772109004810
1261299918993592320
1261300308619202562
1261300392882769920
1261300443923308544
1261301181739085826
1261301257211387904
1261301317127024640
1261301710095560705
1261302994014031872
1261303306426748929
1261303394154790914
1261303659947855874
1261303661361324032
1261303880748544000
1261304294113935360
1261304297792438272
1261304482207543300
1261305165790896129
1261305169498734592
1261305726787616772
1261306353613602817
1261306373188485127
1261306732518637569
1261306825401675778
1261306868540063745
1261306915767762944
1261307045682319360
1261307211122434050
1261307672483237890
1261307681903501316
1261307732835004416
1261308767876022273
1261308804869709826
1261309019962118144
1261310470490898432
1261310669044854787
1261311244339941376
1261311658837839874
1261311988942209028
1261312143204454401
1261312467386470400
1261312559564587008
1261312568825651201
1261312594557702146
1261312724711231497
1261312835990073349
1261312848103440386
1261313134951792648
1261313394268934144
1261313426883829760
1261313449549795329
1261313528650067969
1261314471047372800
1261314695044063232
1261315114751401986
1261315289796337664
1261315345601757189
1261315461888782337
1261315498723213317
1261315719347736576
1261316311658795018
1261316354545610752
1261317144077189121
1261317466195722240
1261317512685326341
1261317565688750082
1261317752134021120
1261317793141620736
1261317961551413249
1261318718795235336
1261319162221211649
1261319210858188800
1261319231829934082
1261319367809269762
1261319438839582720
1261320280640761857
1261320444562616321
1261320612124876801
1261320631527800832
1261320696468254720
1261320756417433600
1261320893961310211
1261321000270155778
1261321409302757377
1261321746940076034
1261321749599223813
1261321847393652737
1261322026012139520
1261322256573255682
1261322690020982785
1261322771847475201
1261322848825737217
1261322895885729792
1261322923517906944
1261323080145620992
1261323390671032323
1261323482559926275
1261323629117276165
1261323638181167105
1261323701062193155
1261323855261569025
1261324070395707393
1261324697683333122
1261324790775926784
1261324837634572289
1261324864960385024
1261324875471306756
1261324923898920961
1261324997114712066
1261325374228770816
1261325569565822976
1261326056973271041
1261326135306194945
1261326580481028096
1261327376941809664
1261327638897086464
1261328029353009154
1261328335763902465
1261328654468030464
1261328821640466441
1261329295760396289
1261329566871814145
1261329606222573568
1261329680814178308
1261329767825125376
1261329878806396929
1261330151708610561
1261330235959672833
1261330321624178699
1261330424267243521
1261330619218513920
1261330830917611522
1261330991433555969
1261331149407825923
1261332102122999810
1261332309946613762
1261332318947434496
1261332723114938370
1261333140288802816
1261333329707704323
1261333580699054082
1261333632452624390
1261333653050683392
1261333853811224584
1261334033449070592
1261334068635074564
1261334312064102406
1261334407186731009
1261334528758624261
1261334580126253058
1261335012701425664
1261335301600886791
1261335302196658176
1261335368877694976
1261335494572589056
1261335758872342528
1261335948048117762
1261335956130615298
1261336563960725508
1261336925522276353
1261337534866444290
1261338006167752705
1261338186501902337
1261339114676170752
1261339214597111813
1261339218220990465
1261339588192120833
1261339987276001281
1261340347747061762
1261340590622597127
1261340611598143488
1261341324629938176
1261341538765979649
1261341549830434817
1261341587264561152
1261341592129900545
1261342050122895364
1261342063125319682
1261342396878643200
1261342996596953088
1261343119812984834
1261343283055222785
1261343345671954432
1261343693010698240
1261344060335247360
1261344286307766272
1261344389818912773
1261344647684558849
1261344846997905408
1261345258417209344
1261345463216685056
1261346520202244097
1261346768689737731
1261347248140455940
1261347992600055810
1261348975468134400
1261349024579358721
1261349212450549761
1261349387210350592
1261349616517148672
1261349865679843328
1261350244673114112
1261350272439214080
1261350274150494209
1261350762283761664
1261350827693932545
1261351123014701056
1261351123014701056
1261351134205280257
1261351276786270208
1261351466687696896
1261351721994870785
1261351922251911168
1261352164074520578
1261352174480580608
1261352389728067585
1261352782063255554
1261352784076476417
1261352927664369664
1261353081247170560
1261353189816832003
1261353300206800896
1261353759172517888
1261354334551281665
1261354335713271808
1261354726081339398
1261354895799713797
1261355152751149056
1261355490325512192
1261355597179453442
1261355710664724481
1261355995369844736
1261356305639280641
1261356310634717191
1261356337134477312
1261356435570601984
1261356602990292992
1261356810067312640
1261356936018055173
1261357004217450497
1261357364000616448
1261357398100492288
1261357971457499142
1261357975979130880
1261358113762009092
1261358485096132609
1261358747433263104
1261358842341920769
1261358918799777792
1261358942166249473
1261359182881701891
1261359409118109698
1261359596423090176
1261359684524617729
1261359964829827072
1261360082547363842
1261360457652170754
1261360835701678085
1261361074915303426
1261361205576216578
1261361605322829826
1261361767940263936
1261361845689913344
1261361931689979905
1261361939621412864
1261362095158784001
1261362100053536768
1261362371580264453
1261362810644119552
1261363160738652163
1261363211539890177
1261363359657553921
1261363426967896068
1261363515891134464
1261363847853719552
1261363852463095808
1261363852823928838
1261363852999966721
1261363976367230976
1261363981576355841
1261364047288561664
1261364115399794689
1261364225227669504
1261364433592422401
1261364490689363969
1261364490605649920
1261364577985392640
1261365364958490624
1261365365361131520
1261365370092310529
1261365371761647618
1261365372868952064
1261365374492131328
1261365383648305153
1261365481434480647
1261365811085578241
1261366265395982338
1261366354508083206
1261366532371656704
1261366709216317440
1261366883489464321
1261366887012724736
1261367030982291458
1261367064280944640
1261367114713030658
1261367260758802438
1261367329503444992
1261367453596041221
1261367510231740418
1261367513037692930
1261367514358902786
1261367877690519554
1261368133249466369
1261368168758591488
1261368889541189632
1261369193850638341
1261369214067236864
1261369371743514624
1261369548604751872
1261369724857917446
1261369901236789248
1261370083198136320
1261370166337843201
1261370361431506944
1261370375654555650
1261370395573260295
1261370814454104064
1261370877968515073
1261371267862519808
1261371457566728193
1261371464789356544
1261371745124179968
1261371851663478784
1261371942428426241
1261372031276183554
1261372198117183489
1261372207978201088
1261372384705011715
1261372594483195905
1261372607611277313
1261372613034561536
1261372738490388480
1261372915309842438
1261373003998224386
1261373083698393088
1261373088580743172
1261373784201650176
1261373844012634112
1261374104076054529
1261374127417540609
1261374522076344323
1261374778717409281
1261374845671092231
1261375083467030528
1261375191218708480
1261375194414804993
1261375220117618696
1261375397679075330
1261375458840580096
1261375463781470209
1261375561181483008
1261375574733475840
1261375668601774080
1261375751284158464
1261375839574392833
1261376107808358400
1261376138275778560
1261376408779096073
1261376415137579009
1261376603608641536
1261376961902981121
1261377086717034496
1261377113334198273
1261377210398543872
1261377312030785537
1261377365504032770
1261377614117306369
1261377702180851713
1261377857705529346
1261377879188713473
1261377947899850758
1261377996306419712
1261378055366422531
1261378053369970688
1261378410015793153
1261378493352341504
1261378677251534848
1261378739390214150
1261378876476923904
1261378969477120000
1261379119209725953
1261379276491747328
1261379415050764288
1261379820782419968
1261379937258418177
1261380366239072256
1261380453023600642
1261380541141659650
1261380604681162752
1261380717642211328
1261380818926272513
1261380894440525830
1261381070571876354
1261381078222241793
1261381225459134465
1261381248548614144
1261381425540091905
1261381514408804352
1261382070854549505
1261382118598258688
1261382392796688387
1261382469674139648
1261382760532344833
1261382794480979968
1261382860923002880
1261383113260687361
1261383116066705408
1261383289325133824
1261383309147475968
1261383345767804928
1261383393754771456
1261383476537782273
1261383487879213056
1261383732306444289
1261383907376631809
1261383909368975361
1261384041846079488
1261384086628810773
1261384136188506112
1261384263972171776
1261384332897288192
1261384352375635968
1261384642063720449
1261384948792979456
1261385071367421960
1261385139487039488
1261385633156567041
1261385857585594368
1261386079766056962
1261386093330460673
1261386128545832960
1261386203342884864
1261386216517390337
1261386393604898817
1261386570495475712
1261386641584779264
1261386698530762753
1261386748086517761
1261386925564235777
1261387009190322178
1261387010272419845
1261387119756378112
1261387191663517696
1261387511596822528
1261387580769067009
1261387725845954561
1261388022890676225
1261388233218428934
1261388287635107843
1261388498067689472
1261388585871310849
1261388953942396929
1261388967716536320
1261389056623042562
1261389233475907584
1261389281899065344
1261389411414978560
1261389419904241666
1261389449692278785
1261389588419022849
1261389726147325952
1261389765447946242
1261390470711660544
1261390515699806209
1261390542048378880
1261390606779084800
1261390733317210113
1261390809682698242
1261390982823718919
1261391036137574403
1261391541974691840
1261391767921930240
1261391893545603072
1261392070486503427
1261392071090475008
1261392141864980481
1261392247464968192
1261392424368091136
1261392778669379585
1261392866745737218
1261393026838073346
1261393095503032326
1261393106227752961
1261393801689563137
1261393836632412161
1261393842349039616
1261393955561693184
1261394346449924097
1261394642395791360
1261395046575693826
1261395087570776065
1261395192164179969
1261395197545443329
1261395480224976897
1261395526240686083
1261395534465519617
1261395637632937988
1261395809288912901
1261396049387761666
1261396143776215040
1261396499549884417
1261396585394499586
1261396688406626305
1261396858066403341
1261397176871084032
1261397623837061120
1261397955661017090
1261397985092677632
1261397997125947392
1261398078818414592
1261398298843201536
1261398469513629696
1261398617551540224
1261398657531809794
1261398732039282689
1261398758509576192
1261398831620636673
1261398853565046785
1261398937614684161
1261399152006660106
1261399407108464640
1261399428193230850
1261399758549274629
1261399839746732034
1261399910236258305
1261399970281934848
1261400095628464129
1261400134673293314
1261400866491375618
1261401044061351938
1261401115230236672
1261401228933607424
1261401802341146625
1261402014543761408
1261402066347536386
1261402421911265282
1261402719501328384
1261402777483264001
1261403190395899904
1261403459095425024
1261403831906078720
1261403929868292096
1261405026162929664
1261405159122300929
1261405230345969665
1261405304803057664
1261405561536409600
1261405872275615744
1261406228787482630
1261406242943180806
1261406287146999810
1261406305639714817
1261406410266390528
1261406677863104522
1261406774025949185
1261407239056678917
1261407393294045185
1261407403993518080
1261407482985021440
1261407687226490881
1261407798870413313
1261407799159910400
1261408057403117568
1261408111685824512
1261408529845563398
1261408599156219908
1261408679829467136
1261408760737566720
1261408775853883392
1261409105882873862
1261409154083647488
1261409167639752705
1261409321113378816
1261409537439019008
1261409664127950848
1261409717156343808
1261409953215942656
1261410163245715457
1261410256774520832
1261410324533481474
1261410501801754624
1261410662103740416
1261410693510651905
1261410934175657985
1261411097829048327
1261411112274194433
1261412044391067648
1261412095788105728
1261412118844375041
1261412201358938114
1261412537888698369
1261412641937002496
1261412803534970880
1261412804659048449
1261413463760359425
1261413655553495041
1261413735328960513
1261413759245058051
1261413958919098370
1261414115978993675
1261414318823755776
1261414888435355648
1261414931267817473
1261415015296323585
1261415303423995904
1261415344121409536
1261415410865524736
1261415479685464064
1261415582156668928
1261415711353655296
1261415754630680576
1261415797529825282
1261415848800997376
1261416294374445057
1261416340226633728
1261416987428712448
1261417173786021888
1261417955683823616
1261418059153182728
1261418083358392322
1261418201444990977
1261418765276844033
1261418968662683649
1261419873202126848
1261420678764539904
1261420713078071299
1261420743251726336
1261420846872064000
1261421176330616841
1261421226217607169
1261421256106074112
1261421343372869639
1261421594532085763
1261421765407850496
1261421846861279236
1261422028780793856
1261422039908225025
1261422339473854464
1261422383014883328
1261422835240546305
1261423108654850049
1261423098433351682
1261423345272152064
1261423546728759296
1261424120262094849
1261424481018339328
1261424622907478016
1261424857943814149
1261424886481747969
1261425260051628032
1261425260806541312
1261425373075476480
1261425620623306753
1261426019660992513
1261426117426024448
1261426209713352706
1261426211948912641
1261426375061172226
1261426547631829002
1261426761964937216
1261426788305121285
1261426811482697730
1261426843535671300
1261427375012581377
1261427705192386560
1261427779272204289
1261427880849965063
1261428173880860673
1261428255824936960
1261428311961395200
1261429134368083968
1261429215200784396
1261429237375856640
1261429354766221313
1261429510701907969
1261429519770021888
1261429703883190272
1261429891267874816
1261430552688832512
1261430629675098112
1261430770993938433
1261431188838850562
1261431325602590720
1261431428740288512
1261431577138966531
1261431674933350400
1261431767354892288
1261432211653357569
1261432373272444929
1261432701263007745
1261433390143664129
1261433480078135296
1261433557643378690
1261433569206919168
1261433571824164865
1261433659795615746
1261433793807675392
1261433886380158977
1261434322138984448
1261434456470106112
1261434501676191744
1261435206294056962
1261435420388163584
1261435647715241984
1261435701037461505
1261435744205320192
1261435989895065600
1261435993661435905
1261436244585705472
1261436351016140800
1261436453948502018
1261436464694358016
1261436620479365121
1261436881494929409
1261436987397017600
1261437387084910593
1261437599186653186
1261437637413527552
1261437669474594816
1261437694514655232
1261437927290105856
1261437927923441664
1261438050250309632
1261438118701522946
1261438630897176576
1261438864306176000
1261439157911670786
1261439264316731393
1261439541937729538
1261439619712851969
1261439972470476801
1261440080482164736
1261440109833940992
1261440110857318401
1261440139831762944
1261440170059943941
1261440280676298752
1261440617974050816
1261440731387813889
1261440990914772994
1261441033960738816
1261441076797333509
1261441288559181824
1261441307370754048
1261441401461473280
1261441413440507904
1261441713077317633
1261441721751101441
1261441749009887232
1261441963670331393
1261442131597516800
1261442408534937601
1261442508334043136
1261442625804005376
1261442741566767104
1261443036195835904
1261443168744222722
1261443556469886980
1261443792629936129
1261444084192829441
1261444542030462976
1261444778463543296
1261444798679969793
1261444916812451841
1261445117279440902
1261445305255424000
1261445476483825664
1261445804042182656
1261445845423206400
1261446137157844992
1261446256301420544
1261446648300892161
1261447024173617152
1261447063595708417
1261447145154138113
1261447188149927937
1261447240784068608
1261447348502200322
1261447419406909441
1261447955376046083
1261448058040135681
1261448582239928323
1261448716587655168
1261449074181435392
1261449460808323080
1261449567326928896
1261449672889184261
1261449750899015680
1261449792892346369
1261450033699815424
1261450077241069568
1261450174087528451
1261450659074723840
1261450662925053952
1261451070506782722
1261451535399235587
1261451675920814080
1261451795957559296
1261452233197092867
1261452338109091840
1261452821045657600
1261452857154236416
1261453093625114625
1261453118052511745
1261454253136150528
1261454724005367809
1261454748181581831
1261454797342998530
1261454835443998720
1261454932881879041
1261454965945450496
1261455674099355649
1261455685071572999
1261456066644029440
1261456340989489153
1261456586691809282
1261456619365232640
1261456657994747904
1261456772352499713
1261456777243029504
1261457060518146049
1261457328987090944
1261457395722498049
1261457507731386368
1261457570226724871
1261457599439884289
1261457600551374849
1261457606981251072
1261457615172837376
1261457766956199936
1261458099258314752
1261458231651643392
1261458285166804993
1261458322382823424
1261458590579208194
1261458751434838016
1261459028388966401
1261459167769817089
1261459447257407490
1261459472498622469
1261459595857289217
1261460044652167171
1261460171508682753
1261460336198156289
1261461020486381568
1261461061758095360
1261461848747945989
1261462036598284290
1261462138570158081
1261462256191025153
1261462373388427265
1261462667799277573
1261462726850707456
1261464099025641472
1261464135495270400
1261464322003202048
1261464333978152960
1261464486331834369
1261464552937586688
1261464580783517697
1261464681828413440
1261464818441023488
1261464980743794688
1261465151988998145
1261465434898829312
1261465469535436800
1261465757852086274
1261465761219928065
1261465795831517185
1261466561350471681
1261466784261169155
1261466986871226370
1261467066781044743
1261467430758617091
1261467809575387136
1261467913598324737
1261468233023885313
1261468606795141121
1261469031959166976
1261469080000688128
1261469119762673664
1261469776628658183
1261469803350376448
1261469960867479552
1261470125183598593
1261470620992385024
1261470831034728453
1261470856649179137
1261470936059920384
1261470937070747648
1261470938039607298
1261470939968991232
1261471482460471301
1261471951937298433
1261471996984143872
1261472072854724609
1261472380360077317
1261472783483187201
1261472790995251201
1261472822347526145
1261472938441801729
1261473367066120192
1261473586780356608
1261473710092906496
1261473902452256768
1261474370377207810
1261474616805031937
1261474861551140865
1261475054224912384
1261475058998018049
1261475128946364416
1261475635568009216
1261475675497791494
1261475964795654147
1261476077924483079
1261476159793123329
1261476185520967681
1261476221843578880
1261476411426197506
1261476456628129802
1261476600199045121
1261476602761760768
1261476632033886208
1261476840436305922
1261478004624175104
1261478149902135297
1261478624651247618
1261478790460592128
1261479439747162116
1261479863577427968
1261479914064076801
1261479937569107968
1261480069316345857
1261480164615217152
1261480257296760833
1261480266658467842
1261480390289526784
1261480538281521152
1261480768821485569
1261480802463944706
1261481540288012289
1261481712401494016
1261481775752261637
1261481974545420290
1261482135271034881
1261482169798623234
1261482309594894341
1261482333724688384
1261482352905056257
1261482854695002113
1261482919996067842
1261483022861455365
1261483199181590528
1261483236955324416
1261483271529037824
1261483440605519872
1261483490509565955
1261483805228974080
1261483944874295297
1261484374580740102
1261484602843189250
1261484648514768896
1261484896071159811
1261484915008442374
1261485138472570881
1261485419272732686
1261485828993417217
1261485907015864321
1261486381102071809
1261486432385990656
1261486442058055681
1261486643686539265
1261486751002046468
1261487066019479555
1261487105383043072
1261487243702591489
1261487394282369025
1261487886173646848
1261487902632087554
1261488304240963584
1261488786149642241
1261488805330051074
1261488810275360768
1261488868496474126
1261489115184447488
1261489154690613250
1261489389286326272
1261489681419698178
1261489953353150465
1261490984208171009
1261491685118423040
1261491693838204929
1261491785127223297
1261492492328984576
1261493246800191489
1261493616305942531
1261493676347461638
1261493763572195329
1261493946204725249
1261494007890411520
1261494806997536768
1261494865189363713
1261496178765676550
1261496318113046528
1261496443006865410
1261497357813735425
1261497678975979520
1261497693295214592
1261499221376729088
1261499303656333313
1261499753122037760
1261499925948510208
1261500654243082240
1261500673029480450
1261500856198979586
1261500933965582337
1261501052257525766
1261501400539893762
1261502130998972422
1261502362373566464
1261502736220250112
1261502979816992768
1261503009785331714
1261503108762365952
1261503703728652288
1261503795634241545
1261504280441294848
1261504650227912706
1261504666140958722
1261504864741396485
1261504865785741312
1261505902823309312
1261505903196606465
1261506403786620928
1261506688617758726
1261507093250654208
1261507304085549057
1261507323702513664
1261507335807262726
1261507373103013889
1261507953145888773
1261508219287076869
1261509018402664448
