1260061357694689281
1260061547755266053
1260061654936465408
1260061902543089665
1260061904052969472
1260061905525174274
1260061908243058695
1260062029085171713
1260062258828214273
1260062264893177860
1260062278499528710
1260062404328566785
1260063107407204352
1260063205650575360
1260063301561724928
1260063312714379264
1260063479609937921
1260063921198764032
1260064122357583872
1260064548632948736
1260064938858549248
1260066493728845824
1260066826177769472
1260067543793844224
1260068305840324610
1260068526464909317
1260068890979295237
1260068937003302914
1260068991076315136
1260068998366089216
1260069498947862529
1260070315109101569
1260070374340825088
1260070376593334273
1260070497750003714
1260070742055673856
1260071184923799555
1260071994776846336
1260072186808762368
1260072249459122177
1260072264768380928
1260072278286569472
1260073112013602816
1260073230481547265
1260073631620583424
1260073951864258560
1260074358619295745
1260074387732148225
1260074560960987141
1260074666728849409
1260075210189025281
1260075700452655104
1260075745927290880
1260075926840320001
1260075927830171649
1260076751201472515
1260076872907452416
1260076873951801350
1260076874945851393
1260076880020910080
1260076910899531777
1260076999114059777
1260077190265352192
1260078006271307777
1260078119022714881
1260078749120421890
1260078745072910337
1260079308636221440
1260080124852043777
1260080239822155776
1260080295061131264
1260080330360401920
1260080615241715714
1260080637647613952
1260080710418862081
1260080723685507073
1260080875435425793
1260080918892593152
1260081836388204544
1260082119189106688
1260082294557151232
1260082508408000512
1260083227701792769
1260083281317502976
1260083544136679424
1260083545290113024
1260083546544209920
1260085028278722563
1260085269660868608
1260085569024978951
1260086262565920768
1260087417845035013
1260087436643794949
1260087476439449600
1260087671206170624
1260087970020970496
1260088048144048129
1260088074580590593
1260088120038625281
1260089191796523008
1260089545204391936
1260089570844184576
1260090442567344128
1260090998346186752
1260091170266460160
1260091546936004609
1260091886573957120
1260091971852369920
1260091976034037760
1260091977082667008
1260092295589711872
1260092352716320771
1260093292911476736
1260093391884496897
1260093738132680704
1260093878117548032
1260093887768604675
1260093951840645120
1260095626164887554
1260096003698339840
1260097261750517765
1260097392273047552
1260097573643223041
1260097587849420800
1260097890724327424
1260098136187363328
1260098137873461249
1260098603084910592
1260098792826830850
1260098928093147137
1260099252849651714
1260100337890975749
1260100527578218501
1260100653822722049
1260101102160285698
1260102479141916673
1260102566609924096
1260102712991023104
1260102717638430720
1260103206438187009
1260104434861801474
1260104541598605313
1260104547349016576
1260104675178745856
1260105068122161152
1260106172381532161
1260106483812823040
1260106738369327104
1260106755671044098
1260107074622468097
1260107154985553922
1260107371226918912
1260107597090377728
1260107730150252545
1260107731236605952
1260107732310343680
1260108083537121282
1260108209978826752
1260108661730484226
1260108813832609792
1260108821109731333
1260108905314766850
1260109695886508035
1260110031414087681
1260110190495621120
1260110346687111168
1260110469584453632
1260110789404434432
1260110867074633728
1260111389634498560
1260111414024380419
1260111461394845697
1260111888819642368
1260112172098691072
1260112361286889474
1260112558108938240
1260113317722537986
1260113352405254144
1260113652184756225
1260113742185947136
1260113743251337216
1260114182550089729
1260114794515820544
1260115049575854080
1260116149150384133
1260116183807901696
1260116264929935363
1260116279119228928
1260116400779059200
1260116482429681664
1260116530215477249
1260116668459737090
1260116693432631296
1260116767600410624
1260116827985924096
1260117218366537728
1260117263790661632
1260117328840228864
1260117349811789824
1260118150131052545
1260118567124561921
1260118736562008065
1260118835442724864
1260118854644060161
1260119406895607808
1260119664631349248
1260119974888312838
1260120137149165568
1260120148574457856
1260120219541889024
1260120275993022464
1260120796179173376
1260120954379948033
1260121300422533126
1260121535798366208
1260121881882968065
1260122052150747136
1260122053765554177
1260122056705728512
1260122058324766723
1260122545140887552
1260122607334174720
1260122981893918721
1260123572866912257
1260123796058411008
1260123838773227521
1260123933514366976
1260125389684264961
1260126217346441218
1260126334887645184
1260126334979911680
1260127121411883008
1260127122506555392
1260127328102838272
1260127581174738944
1260127650200162304
1260128465761665024
1260128799607357440
1260128801683640323
1260129368937988101
1260129474386948096
1260129818441588737
1260129870937497600
1260129889342160897
1260129990089342976
1260130553086521351
1260130675472007169
1260130825724735489
1260131300809285632
1260131374482231297
1260132383224786944
1260133136396177408
1260133370119327744
1260133372904366081
1260133415581597696
1260133506396676097
1260133688664379392
1260134308561522690
1260134745054130177
1260136056814534656
1260136739814830083
1260136759062458368
1260137089531670528
1260137144191860738
1260137145311756288
1260137157471002625
1260137225209044996
1260137273833730049
1260137310366175233
1260137555871309826
1260138420967542785
1260138529474121729
1260138609556033536
1260138800182935558
1260138870777057282
1260139290908078081
1260139357689786368
1260139417827590144
1260139465542184960
1260139750683336704
1260140179655995392
1260140794545156097
1260140869992185858
1260140982701563905
1260141106802708481
1260141200700592128
1260141699403091974
1260142074256601089
1260142419225374720
1260142895790583815
1260143385672855552
1260143640187412480
1260143815261913088
1260143993079332864
1260144229885468677
1260144440544559104
1260144706178162693
1260144730224148480
1260144861619073025
1260145534402207744
1260145721401114624
1260145892843233280
1260146204492673024
1260146286940094464
1260146486131798022
1260146500753129472
1260146708429901825
1260146826780573697
1260147436905025537
1260147443301302272
1260147728228716547
1260147746192924673
1260147757513392134
1260147978108575744
1260148734740004864
1260149003867631616
1260149183547236352
1260149307640025088
1260149385993871360
1260149526595330048
1260149797140467712
1260150612462899200
1260150649578237952
1260151076898189312
1260151490783543297
1260151565253586949
1260152116959641600
1260152140863098881
1260152211390136326
1260152251928023040
1260152253685460993
1260152258911629315
1260152260924858368
1260152262514446336
1260152417552867329
1260152809464279040
1260152897440022529
1260152971943264256
1260153220871135235
1260153257814458368
1260153508818563073
1260154495608205313
1260154823619432449
1260154840207982592
1260154856880381958
1260154977445609474
1260155031149400064
1260155333344808960
1260155676577406978
1260155744567132160
1260155813517279233
1260155938058702855
1260156138491969541
1260156543133155328
1260157088468090880
1260157403359703040
1260157446280142849
1260157620071157760
1260158287489626113
1260158379936358400
1260158380695486465
1260158449821913088
1260158864978255873
1260159294630170626
1260159428214394880
1260159786718355456
1260160498919710723
1260160835260948480
1260161417489068032
1260161703897182208
1260162277598203904
1260162293087813632
1260162325648232450
1260162645325418501
1260162965019516928
1260163306490400769
1260163328242040833
1260163414061649920
1260163444717879297
1260163781281361920
1260163787425890304
1260163991180984321
1260164278448984066
1260164336775057409
1260164373202509829
1260164540467208192
1260164767500718080
1260164931413999616
1260165165313654784
1260165275665735680
1260165426094342144
1260165714347847680
1260165928248999945
1260166299843358720
1260166463039528971
1260166622389698561
1260166751389704193
1260166956579241984
1260167107548819456
1260167358234181632
1260167392589684736
1260167474529497088
1260167512869789699
1260167851446394880
1260168014428876802
1260168057650966529
1260168112101634048
1260168200093863936
1260168213146603520
1260168238002036736
1260168494848540672
1260168969182380038
1260170762327150592
1260171072818774017
1260171134206726144
1260171358119571457
1260171375202844674
1260171812622794752
1260171879144394754
1260172002129670150
1260172225237471234
1260172383740145665
1260172403159773184
1260172439364960258
1260172540669984769
1260172720874151937
1260172726804918272
1260172728847515649
1260172738322403328
1260173281820278784
1260173395888533509
1260173399998918658
1260173713653334016
1260174049818312705
1260174071779807232
1260174277329817600
1260174906777653249
1260175028043350016
1260175053108514816
1260175158439903234
1260175265864376320
1260175352602730496
1260175566369677318
1260175777301028864
1260175997514788864
1260176070797668352
1260177017997348865
1260177108048830465
1260177986759917569
1260178029113991168
1260178074559295491
1260178248941608970
1260178997897388032
1260179238390464514
1260179481026854918
1260179528825044994
1260179565294518277
1260179749613248512
1260179928072536064
1260180048201560071
1260180093080666113
1260180334454476800
1260180458211549184
1260180550817464320
1260180790341767168
1260180945732276227
1260180958134886407
1260181229674156032
1260181885977792518
1260181977669476359
1260182073987350528
1260182075040083970
1260182195932745729
1260182293093769218
1260182428372684800
1260182458114420737
1260182458529693696
1260182575940681729
1260182656211398656
1260182895936733184
1260182963863650311
1260182969240690689
1260184196133335041
1260184270024237057
1260184716952702976
1260184762305720321
1260185001037103106
1260185323369385985
1260185554483924992
1260185595130679297
1260185604400300034
1260185668359204864
1260185705101344769
1260185814740369410
1260186134090481666
1260186229535997952
1260186319218753536
1260186749915070470
1260186845704486915
1260186989976006661
1260187294541086720
1260187517430771713
1260187610846126080
1260187751397425154
1260187885489147907
1260188221239156744
1260188239211757568
1260188457097400323
1260188495206920194
1260188544347365376
1260188872849461248
1260189622216257536
1260190087846952962
1260190114032111617
1260190511463358464
1260191014385483776
1260191469207457792
1260191679371292673
1260191976525148162
1260192466722066436
1260192609974267908
1260192964732649474
1260194526313852928
1260194559709065218
1260194609101234176
1260194618571812865
1260194906544443392
1260195108558798854
1260195227689762816
1260195977324945409
1260196043985244160
1260196242535190528
1260196380905140225
1260196677476061184
1260196845395030019
1260196972297965568
1260197042283921408
1260197062592753666
1260197201076260864
1260197454563115008
1260197740165939200
1260197823292698628
1260197923381342208
1260198312235450368
1260198765820022784
1260199266112462849
1260199793575387136
1260199822528741377
1260200188989313025
1260200199806386178
1260200507521536000
1260200511845724162
1260200577218293762
1260200698437754883
1260201409263267841
1260201605674291200
1260201949841862656
1260201996579147776
1260202390520766464
1260202695518019586
1260203079065976832
1260203380271693827
1260203912671289344
1260204122667704320
1260204265559199744
1260204365207535616
1260204785782923265
1260204962145087489
1260205254697725955
1260205291876089858
1260205418678190080
1260205972120842241
1260206023429644288
1260206593569951744
1260206617582202881
1260206698175791106
1260207318865637377
1260207485308157953
1260207724111056896
1260208095688564738
1260208098414858240
1260208366871171074
1260208366686593025
1260208753401618439
1260209075725504512
1260209294424899585
1260209453846142976
1260209647698534401
1260210001760735232
1260210211484295169
1260210264059842560
1260210383270240259
1260210787207036962
1260210837156962306
1260211377987301376
1260211618673287168
1260212019493343240
1260212019652751371
1260212020705542144
1260212104465956865
1260212172799557639
1260212331482509312
1260212422809399296
1260212447723601925
1260212695741206528
1260212749709303809
1260213579841785856
1260213665007128577
1260213974504574978
1260214415720357888
1260214612261249025
1260214830931120129
1260214876108214272
1260214945263824896
1260215376207663104
1260215439839203332
1260215590553337858
1260215926919696384
1260215962994909186
1260216159242199042
1260216167861346304
1260216289953550338
1260216511353909251
1260216537270665217
1260217623951880194
1260218307438768128
1260218829134839809
1260218854690693128
1260218991810875393
1260219451980558336
1260219464789958656
1260219600291213312
1260220082824908809
1260220959417458691
1260220961640443905
1260221247239184384
1260222224415354885
1260222732165414913
1260223037221281792
1260223125645602816
1260223214053142531
1260223303366651907
1260223345024307200
1260223391489032193
1260223448602890240
1260223480030773253
1260223555310141440
1260223568308318208
1260223616979030016
1260223684717019136
1260223845220274176
1260224015169458182
1260224083092004866
1260224230786052097
1260224691714822149
1260225332822433796
1260225682136694784
1260225694979760130
1260225707332042752
1260225789271867396
1260225856716316676
1260226112510140419
1260226225106235396
1260226401309011970
1260226489385181184
1260226577385873408
1260226646239412224
1260226665323601923
1260226750497185792
1260226753395675136
1260226754070732802
1260226932232380416
1260226947843489794
1260227044828463105
1260227571993546753
1260227779242622976
1260227891503169537
1260228047762006016
1260228059996794880
1260228160739782658
1260228314935017472
1260228742909054976
1260228998975459328
1260229006550425600
1260229016436563969
1260229144543219712
1260229232497754116
1260229297517875202
1260229320909471755
1260229408939487232
1260229496898273280
1260229585200984065
1260229662652891137
1260230172957081602
1260230587329191940
1260231003366256640
1260231126179708928
1260231271172771841
1260231359236321282
1260231447450996736
1260231535585878017
1260231578380374017
1260231608197623812
1260231623758536704
1260231712732307456
1260231716591022080
1260231800779128839
1260231977657159683
1260232065766895616
1260232153780178945
1260232337691938816
1260232546316582913
1260232798994079750
1260232820745797633
1260232907311837186
1260232946897879043
1260233042746114050
1260233147461120000
1260233611095277574
1260233699137814535
1260233710013689857
1260233760542523395
1260233875437031424
1260233914007707648
1260233964033359872
1260234052176658432
1260234140248612866
1260234228693905410
1260234317374119936
1260234372571111424
1260234405542596609
1260234582407942144
1260234677228625920
1260234760695296000
1260234849371250691
1260234933836144640
1260235331611365381
1260235340326948864
1260235487886872577
1260235626181349377
1260236259668168705
1260236447510155264
1260236535359770625
1260236623297552385
1260236711327645697
1260236799227691008
1260236887815528449
1260236976105627648
1260237038894362624
1260237064613789701
1260237152392265730
1260237240866934786
1260237253902774272
1260237329475739652
1260237378121338881
1260237400283901952
1260237417728139269
1260237521050636288
1260238121351942144
1260238478060765194
1260238486180954112
1260239295526379520
1260239404037275654
1260239467018944517
1260239546207350785
1260239626855428096
1260239676880936961
1260239966770249728
1260240159582425088
1260240256785428481
1260240466051764224
1260240680347217923
1260240894181195776
1260240982743932931
1260241144849498113
1260241191330856961
1260241601349201928
1260241689563856896
1260241777963028480
1260241782492758018
1260242014559502337
1260242140698992641
1260242168163246083
1260242341379502080
1260242572573884419
1260242911586930688
1260243083163295744
1260243330111332352
1260243376638767109
1260243465159524352
1260243577239736320
1260243780197920771
1260243941976236032
1260244437160071181
1260244496224264192
1260244526091907072
1260244614184927232
1260245130398896134
1260245485568159745
1260246167000174597
1260246171102015488
1260246751958745088
1260246836591366148
1260247265240907782
1260247759761915905
1260248206128095244
1260248473846202368
1260248636262236160
1260249471344091137
1260249547009228800
1260249547323908098
1260249600868286466
1260249638176608263
1260250879564759040
1260251711739965443
1260251823233019907
1260251854484750338
1260252021170622465
1260252159272259585
1260252167283171328
1260252780675072003
1260252801613082635
1260252828137852932
1260253027602227205
1260253903335182337
1260254199071342597
1260254358249320448
1260254470644076563
1260254580857856002
1260254723510321153
1260255298033311744
1260255384738181126
1260255810023809025
1260256244864032768
1260256530827554816
1260256568412643328
1260256623576207360
1260257679764832269
1260257909331681281
1260258254719905792
1260258745495564290
1260258992195948551
1260259018184015874
1260259891215650817
1260260035625656320
1260260255247806466
1260260279587307522
1260260482247790592
1260261849297125376
1260263168686854144
1260263712469983232
1260263727506444288
1260263731444871168
1260264118692515840
1260265515378933761
1260265834494255106
1260266038198972418
1260266063469690883
1260266072973938694
1260266411206889475
1260266960568410112
1260267153799905280
1260267468569919489
1260267695037050885
1260267712984395776
1260267763844689922
1260267855679049733
1260268390192644097
1260268647219703810
1260268647349616641
1260268707105906689
1260269353037111297
1260269401498095620
1260269481907163137
1260269768101072896
1260269776145977347
1260269893913415680
1260270322097491968
1260270397049667590
1260270455145074693
1260270544244535296
1260271013813719041
1260271352226799617
1260271587393183747
1260271675125489664
1260271849344102400
1260272299640598530
1260272598794907648
1260272637063856129
1260272736493944833
1260272775694090241
1260272830744276993
1260272897437786112
1260273026429415424
1260273268780564480
1260273300200095746
1260273675846275072
1260274695443828736
1260275357585899521
1260275693214216193
1260276177438113799
1260276177920495616
1260276239975186432
1260276248313344000
1260276398012289024
1260276653638537216
1260276674681352192
1260276825768423424
1260277086033457159
1260277098805108736
1260277174113669121
1260277228304203776
1260277413969301506
1260277530621345799
1260277833378791428
1260278261151653888
1260278496280162308
1260278688479940609
1260279369194446849
1260279589336563713
1260279654176501760
1260279968774447104
1260279976299040777
1260279985341968389
1260280115813965824
1260281167141580804
1260281201367101440
1260281439477616640
1260281482540535809
1260281827379392512
1260281892764557312
1260282397981061120
1260282538599370755
1260282828492857346
1260283018037678082
1260283675477975043
1260283792574558208
1260283986359836677
1260285001955827712
1260285053264973826
1260285874304057345
1260286157935575048
1260286753522491392
1260286821759619072
1260286998276907013
1260287179093204992
1260287237566029824
1260287249922621441
1260287850450489344
1260288043577151492
1260288333558751234
1260288658126626823
1260288737541570560
1260288876360261632
1260289028240429060
1260289371602857988
1260289594945343494
1260289855281680384
1260290222362890240
1260290318680952835
1260290659283398656
1260290683509698560
1260290856281608199
1260291100008493056
1260291443941408769
1260291607439577091
1260291673688440832
1260292350737125377
1260292482983579648
1260292488167919622
1260292676022407185
1260292991257894913
1260293113333121025
1260293179695181824
1260293512375013378
1260293545791033347
1260294006782689283
1260294023547420673
1260294219786260483
1260294475865370625
1260295100837617667
1260295231829835777
1260295336687435780
1260295697976393730
1260295718071402497
1260295806432751617
1260295842789044225
1260296552435892226
1260296939142131712
1260297148798828546
1260297219762204672
1260297529499029505
1260298578427293705
1260298578544689155
1260298610840866816
1260299357984677888
1260300171985985536
1260300225681305600
1260300899177713665
1260301036025151488
1260301232834514945
1260301417299849216
1260301485654585347
1260301492155645952
1260301987394080768
1260302358338088962
1260302515477905413
1260302542812086272
1260302593709862913
1260304467729223680
1260304693965668352
1260304717822996485
1260304738874265600
1260305225317048327
1260305393617522688
1260306640168861696
1260306903424544769
1260307625801105410
1260307810996412416
1260307965606858755
1260308231127216130
1260308432235741185
1260308798721478660
1260309564957659136
1260310222066855937
1260310570189946881
1260310658513539074
1260310922104655874
1260311345066651648
1260312122145169409
1260312412265340929
1260312474680733697
1260312718239653889
1260312936473485313
1260313095186124803
1260313119815086090
1260313247086833665
1260313459239108609
1260313535814553601
1260313597432999938
1260315132615409664
1260315272533233664
1260315632010178564
1260315690663325702
1260315729422778368
1260315946075463682
1260316260811882502
1260316271847014406
1260316575086915587
1260316597492858881
1260317133784993793
1260317422717931521
1260317897823604739
1260317922884497408
1260317962998865925
1260318311746801665
1260318468064243712
1260318963348631553
1260319039404019712
1260319428522147840
1260319444225732614
1260319866084622343
1260320295325499393
1260320539635318792
1260320640214675464
1260320903340179461
1260321668502712320
1260321899566911493
1260322296465485825
1260323439203823616
1260323554832183298
1260324001127129089
1260324319554658308
1260324713710202886
1260324998750887938
1260325168876072960
1260325695852384256
1260325836663578624
1260326156768817152
1260326234849980416
1260326339321659393
1260326495232417792
1260326496503283717
1260326580490055687
1260326800523243521
1260327142354825218
1260327207530123271
1260327208528289792
1260327238073044993
1260327439340670976
1260328422238310401
1260329269231710208
1260329435439431680
1260329447506534402
1260329535456923649
1260329712167026689
1260329792773124096
1260329796422098944
1260329804974313473
1260329872645394432
1260329889120636928
1260330020288860160
1260330049879920651
1260330066485153794
1260330283393572864
1260330413836230656
1260330419448406016
1260330508682231808
1260330727050104832
1260330820516134914
1260331098221002755
1260331169482248192
1260331201665003521
1260331365964435462
1260331579286491136
1260331671016087555
1260331827434106880
1260332115813638152
1260332283208368130
1260332321485418496
1260332371364249600
1260332548145713153
1260332714479271937
1260332724398829568
1260332788169035777
1260332861820936199
1260332901062844417
1260333015202398208
1260333067073318912
1260333077525602305
1260333222543552512
1260333253996818435
1260334053141741569
1260335382035607555
1260335558229925893
1260335733996429318
1260335844834983936
1260335900027809794
1260335910601863175
1260336086427086849
1260336174499016704
1260336302790029313
1260336439339999234
1260336461926129665
1260336462106554368
1260336677521932289
1260336885387296768
1260337087800377346
1260337399609151488
1260337948853243911
1260338036967198720
1260338213438308355
1260338391176052736
1260338462042931200
1260338567664013313
1260338721519554567
1260338810602377216
1260338873688903681
1260339010456748033
1260339138152337408
1260339164484173825
1260339720229453824
1260339783424831488
1260340110190510081
1260340113722179585
1260340241828704256
1260340329858756608
1260340472708575232
1260340785418993664
1260340873990111233
1260341050012467201
1260341222767558659
1260341226349506561
1260341344720977920
1260341402321530880
1260341579342057480
1260341604151373827
1260341751165751297
1260341755628736513
1260341843058802688
1260341843730014213
1260342090950639619
1260342497097715717
1260342547718836224
1260342644028387328
1260343390836715522
1260343931780431873
1260344060411293698
1260344236454658053
1260344413840171016
1260344678634983424
1260344870209597441
1260345916646723584
1260345920593580033
1260346661756301312
1260346880359190528
1260346901171523584
1260347077751693315
1260347210253901824
1260347253941768192
1260347430354259970
1260347518690394112
1260347656850878465
1260347789155983360
1260347814858686464
1260347991560343557
1260348487302070273
1260349334891057152
1260349480995610626
1260349908613300231
1260349988909060098
1260350086372044801
1260350910867398657
1260351212316221441
1260351523432824837
1260351623974567936
1260351684502405120
1260351795861176320
1260351939516272646
1260352028783652864
1260352126083088392
1260352170404216834
1260352214197047296
1260352319478272001
1260352390039064581
1260352566719918086
1260352742830284800
1260352919284654081
1260353095302885376
1260353183509069824
1260353947883077632
1260353951163006976
1260354957569593344
1260355045671002113
1260355210565672960
1260355221815013382
1260355398403600384
1260355574744657930
1260355751492583424
1260355927263383553
1260356015557672966
1260357881481711616
1260358058171158528
1260358233836879872
1260358410161225728
1260358586552791041
1260358689262837774
1260358762633859073
1260358850731020289
1260359559715184645
1260359561707487233
1260359983197290498
1260360237611024384
1260360625403895810
1260360714008571910
1260360889758363649
1260361065948426240
1260361242260246529
1260361418718818307
1260361594573332486
1260361682670542853
1260363456785584128
1260363544723361797
1260363720838000642
1260363748247830529
1260363896977833985
1260364073675501569
1260364139031117824
1260364250171801600
1260364426567462913
1260364515310555137
1260364663742742531
1260364705308295168
1260364789303263232
1260365476527472641
1260366290037997568
1260366378336477184
1260366555503906817
1260366731920408578
1260366908249038848
1260367084976046082
1260367261426204676
1260367349477146629
1260368299143188481
1260368651846332418
1260369123827204097
1260369280341852160
1260369389314080769
1260369565386760192
1260369763336884224
1260369939581603840
1260370115700416513
1260370203705249793
1260371978864779266
1260372067037429761
1260372243605045248
1260372419619020806
1260372596530581509
1260372773379211270
1260373037620305922
1260374556033851394
1260374813446680583
1260374901841690624
1260374973132222466
1260375079613091840
1260375257841635328
1260375341530402816
1260375484250165249
1260375675439022081
1260375843987021824
1260375852379975680
1260375940875653127
1260376474487382017
1260376475976400897
1260376476852948993
1260376480330035202
1260377668421398528
1260377716668485632
1260377804996313088
1260377981345771527
1260377996298502145
1260378158035079170
1260378334732615681
1260378511652655104
1260378688635441152
1260378776933933056
1260380552668106753
1260380641088192512
1260380817228025856
1260380994185637889
1260381173878046720
1260381351569772544
1260381527927656448
1260381615865434112
1260381692021407744
1260383376269246465
1260383649473499136
1260383652485054465
1260386155935043584
1260388459656568832
1260389368272953344
1260389592450154507
1260389682157740034
1260389706539425792
1260390340021948417
1260390524663599105
1260390734861123584
1260390825055465475
1260390887672201216
1260391070849875968
1260391072363995136
1260391127615668225
1260391313087889410
1260391345631293445
1260391423339307013
1260391448169443328
1260391468675534849
1260391470877470722
1260391477156425731
1260391603329478659
1260391807080374274
1260391901280247808
1260391905021644801
1260391906141446145
1260391935090528259
1260391952010235904
1260392237784985600
1260392474025111558
1260392524436430848
1260392581973737472
1260392666224832512
1260392830566051842
1260392959482216448
1260393195839488001
1260393402522370059
1260393609033121794
1260393786091454472
1260393873441984524
1260393884896710656
1260393897659904001
1260394000315539457
1260394063129456642
1260394086021939201
1260394155643191296
1260394167563243520
1260394174756597761
1260394192771198976
1260394194427883520
1260394199834394626
1260394209145769984
1260394216808685571
1260394218759098368
1260394220373803008
1260394229446184961
1260394271473053697
1260394292276797443
1260394346429497344
1260394437256941568
1260394445326909441
1260394447835205633
1260394462917861379
1260394491506315268
1260394501987803136
1260394569222455296
1260394584321949696
1260394586800824323
1260394614474891264
1260394661367119872
1260394669852307457
1260394684364607489
1260394685543206913
1260394685782282241
1260394693096910849
1260394780149907458
1260394783945691136
1260394788055990272
1260394805097627649
1260394809648451585
1260394815478476804
1260394866753720320
1260394933900455936
1260394964485312514
1260394978645143552
1260395004519800832
1260395007623737346
1260395027987128322
1260395036778340352
1260395077987217408
1260395094429007873
1260395215094939648
1260395247437328384
1260395417461760001
1260395452450713600
1260395551419502592
1260395589302464514
1260395612455022599
1260395634210697217
1260395654771326981
1260395666750287873
1260395676950761472
1260395683372322816
1260395702150000641
1260395713818697735
1260395719606677504
1260395728326754307
1260395740955922434
1260395741337567238
1260395768483123203
1260395770479620101
1260395785071529986
1260395809385992192
1260395832534118403
1260395914990141441
1260395923735273473
1260395946413887490
1260395974083710976
1260396012021125123
1260396045172912129
1260396075371966464
1260396103490433026
1260396133542739968
1260396179432640515
1260396184138584064
1260396248517021697
1260396250937143296
1260396285284286466
1260396288044085258
1260396326107467777
1260396422949732352
1260396460014817280
1260396509536948224
1260396568081031169
1260396593552949248
1260396596954628098
1260396607079620618
1260396626117627912
1260396634547970049
1260396637672763392
1260396701476675585
1260396730824003584
1260396835329445893
1260396839431475207
1260396961406074880
1260397002862456833
1260397141694046211
1260397142893617152
1260397186577305601
1260397231116615680
1260397271138484224
1260397301220212741
1260397301371211780
1260397306274177024
1260397339178676224
1260397351279230976
1260397388998598657
1260397402533625856
1260397511489073152
1260397554941849600
1260397584566321152
1260397619282657287
1260397629227196418
1260397642024210432
1260397654598488064
1260397698760523776
1260397715923578881
1260397803529879554
1260397814473003014
1260397848111337472
1260397978793246734
1260398003933925377
1260398012288905224
1260398021004742658
1260398024867459072
1260398294536159232
1260398345022959618
1260398345568346112
1260398351692029952
1260398400865878016
1260398404162682881
1260398465495863297
1260398500426088448
1260398519497773056
1260398603111141376
1260398620047802371
1260398868371570690
1260398908322336770
1260399100651909120
1260400002544828416
1260400388903186437
1260401148466356224
1260401207077675014
1260401306021363713
1260402606205284353
1260402632247537664
1260402692326899712
1260402820953628674
1260403043046129665
1260403718312415233
1260404207754055686
1260404276905545733
1260405313846550529
1260405539151974402
1260405925203963905
1260405926508388352
1260405936776151045
1260406125960232960
1260406480878133256
1260406590840111104
1260406677309812738
1260406748143378432
1260406879748046855
1260407234015694856
1260407475355844608
1260407629597343744
1260407982925348864
1260408491187097600
1260408897203957760
1260409650425495552
1260409744138874884
1260409925735497733
1260409980521349122
1260410148239159297
1260410473855492097
1260410698925920257
1260410849291915264
1260410886101127174
1260411128724754433
1260411149310451715
1260411329673715712
1260411678598012937
1260411867698270210
1260412186473660422
1260412617090379778
1260412828370042880
1260412928324329472
1260413102505357312
1260413662566608897
1260413949578825730
1260414182387834882
1260414188004007936
1260414696676560903
1260414822044270592
1260415024310505472
1260415218980659203
1260415485780340736
1260415703607382016
1260416964104720384
1260417236084408321
1260417585012707330
1260417947350286337
1260418009169924096
1260418324195880962
1260418809518841858
1260419860397461504
1260419894631206918
1260420366549295106
1260420950715248641
1260421036220260353
1260421038426460160
1260421041622585349
1260421043484856321
1260421045376483329
1260421052804542466
1260421141962743809
1260421275576664064
1260421277493444609
1260421932954128384
1260422039309103104
1260422429492547585
1260422743863902208
1260423054980767744
1260423245884534784
1260423470002966529
1260423862543581185
1260424085298913281
1260424732660375552
1260424910893088768
1260425085841805314
1260425552248406017
1260425672574611459
1260425741684092930
1260425937054826497
1260426219725733888
1260426406334468099
1260426569815818246
1260426866403487745
1260426869024993283
1260427330469666825
1260427553258512388
1260427810470080518
