1259342600680726528
1259342635740868610
1259342712945418240
1259343075727626240
1259344233271623682
1259344457721405440
1259345317683740672
1259345439251410954
1259345821570482176
1259346453560004608
1259346958520590337
1259347463816830976
1259347495194370048
1259347816360615937
1259347995860045825
1259348070023811072
1259348157005279232
1259348431446978560
1259348720790929408
1259349289224081408
1259350010111700993
1259350587897937920
1259351289311440896
1259351478050971648
1259352025764179970
1259352330111246338
1259352644730212359
1259352678125060098
1259352763324080129
1259352784668950528
1259353398484271105
1259354017139998720
1259354419214397440
1259354950146105345
1259355030060220418
1259355135630770176
1259355412970631168
1259355477516996609
1259355820938203136
1259356187210002434
1259356818167472128
1259357257718005762
1259358117260902404
1259358791361073153
1259358958877396992
1259359598659633153
1259359646550118400
1259359676644372480
1259359917250695168
1259360714042605568
1259360905214730241
1259361560973266944
1259361764153663488
1259361809905209344
1259361968017805312
1259362017477042178
1259362036011712515
1259362219260706816
1259362283433553929
1259363432526082048
1259364160300896258
1259364378727583744
1259364600878895104
1259364607639969793
1259364612018966529
1259364718306885632
1259364864562130944
1259365017264312320
1259365226950144000
1259365903076032513
1259367423603507204
1259368207590154240
1259369019381088256
1259369047310950400
1259369113333444608
1259369905650049024
1259369994120359947
1259370214401216527
1259370781793902593
1259371094370377733
1259371155254677504
1259372197455544324
1259372230619721728
1259372545746354176
1259373625565753345
1259373639377584129
1259373653348757504
1259374493664829440
1259374494860242944
1259374508940591106
1259374621641641987
1259375126778269697
1259375180595384323
1259375635488747522
1259375795354521600
1259376757196697600
1259377255924424704
1259377319178731521
1259377680341966849
1259378577134551043
1259378657224806401
1259378774380023808
1259378898745331715
1259379044103131139
1259379135903825920
1259379231970086917
1259379577417277440
1259379616998993920
1259380136182525953
1259380718867709952
1259382463903784960
1259382468777517057
1259382600860401665
1259382666610302976
1259383055015387139
1259383180424933376
1259383258632118274
1259384203248091136
1259384222369734656
1259384462602719233
1259385134429753344
1259385158202847234
1259385259810000896
1259385542891970560
1259386080530501632
1259387127860625409
1259387707983384577
1259387744683507714
1259388130446184448
1259388518876549120
1259389080795779072
1259389559751745536
1259389603905073152
1259389805194104832
1259390540988051457
1259390668906082305
1259390885743284224
1259391122960461824
1259391572963098625
1259391650293583872
1259391670342299648
1259392368823984130
1259392591574990848
1259392963479654403
1259393002767814657
1259393127498031104
1259393189695434752
1259393330032582658
1259393700137926661
1259394663720591360
1259394844528537601
1259394923339661312
1259395565227556864
1259396193148231680
1259396449235881984
1259396526633295872
1259396682363449345
1259396781260980225
1259397250796736512
1259397872539164673
1259398202488492033
1259398242048983040
1259398259551997952
1259398555879473153
1259398838407880706
1259399364440555520
1259400033708859392
1259400176537649153
1259400327503196160
1259400605640077319
1259400907936206849
1259400924663029761
1259401397595930625
1259401640546795521
1259402384029163520
1259402405470302208
1259403029788401664
1259403085304205312
1259403168464723968
1259403693671108608
1259403863670521858
1259404567676162048
1259404570553245696
1259404571807346689
1259404573854232576
1259405910583238658
1259406028422164480
1259406344211357697
1259408199666540544
1259408662327513088
1259408721018384385
1259409882828152832
1259409903271149570
1259409942232150016
1259410434320408576
1259413445973291009
1259413786173325313
1259413979530776576
1259414147952979968
1259414301699461120
1259414333165056000
1259415420441894913
1259415894687711234
1259416194882457600
1259416647913205762
1259416765433548802
1259416973647196161
1259417340459933696
1259417430604029954
1259417526879924224
1259417796691341313
1259418272820342787
1259419334390267904
1259419668898385921
1259419734442823681
1259420159082745856
1259420386476818432
1259420905622638592
1259421434419576833
1259421501880664064
1259422028043620352
1259422368092610560
1259422650465685504
1259422988937629696
1259423041848827905
1259423100476817408
1259423183972839429
1259425986124361728
1259426420805287936
1259426488262299649
1259427271300935680
1259427714186063873
1259427846038020096
1259428582864171009
1259428672488050689
1259428989753528321
1259430402177056768
1259430761477873664
1259431874503401474
1259431967457755137
1259432064299999232
1259432372463861760
1259433412655448065
1259434026898731009
1259434214505807872
1259434348048236544
1259434509595893760
1259434639258562561
1259434641020186624
1259434641582260225
1259434643192856577
1259434644216311808
1259434683428941824
1259435464689418241
1259435530544205824
1259435797230600192
1259436059081015301
1259436441278480385
1259436622422192128
1259437259264266242
1259437362297409541
1259437814006992901
1259438045738135552
1259438181587574785
1259438780450328576
1259438886369058819
1259439315052040192
1259439514751315969
1259440428190924801
1259441654077042689
1259441687236997120
1259441688293990400
1259441689367732225
1259441702001139715
1259442130424082433
1259442235017318400
1259442394337996800
1259442504190980099
1259442610902458369
1259443102651224064
1259443199103258626
1259443603811602432
1259443605833474048
1259444119480553473
1259444272400666630
1259444328990150664
1259446132683485185
1259446722423447552
1259447474579746816
1259448597751439360
1259448621923213318
1259449083917479938
1259449488336228353
1259449489233829889
1259449775193235457
1259450117796401154
1259450283773636608
1259450785211060225
1259451886085779456
1259452072640086017
1259452194157236224
1259452373270958080
1259452374114074625
1259452374965530624
1259452376639057921
1259452433991950336
1259452773453701120
1259453866095017987
1259454380027400193
1259454538672734208
1259454878918815745
1259455160599920641
1259456298002853888
1259456554375557120
1259456943875395584
1259456963349549057
1259457643925704707
1259457737433456642
1259458319833538560
1259458447549988864
1259459186552963074
1259459304085753857
1259460805596254210
1259461076305039365
1259461554841350144
1259462090865049601
1259462710351323138
1259462950013726720
1259463206147362816
1259463584683298817
1259463945565454337
1259464336881225728
1259464338873581573
1259464340140261376
1259464506838781954
1259465819576307712
1259466258132729856
1259467738763816962
1259467884956352515
1259468210547691520
1259468212757917701
1259468319930961921
1259468552505081856
1259469423406198784
1259470315303788544
1259470617939718148
1259470945871368192
1259472750613331969
1259473303992926208
1259473368455286784
1259473571388157956
1259473642859237376
1259474352103288834
1259474392884576259
1259474511566602243
1259474544357593088
1259474573428436992
1259475336498237440
1259475973973688320
1259476124804972549
1259476303620837376
1259476553034903552
1259476863400980485
1259477318155845632
1259477710277152768
1259477905123545089
1259478123919347712
1259479258390355968
1259479318826082306
1259479330142461952
1259479366830043139
1259479788470906880
1259480126238216194
1259480314600132608
1259480404609757184
1259482215580413954
1259482303245451266
1259482403095097344
1259482673187356673
1259482765696929792
1259483213606449154
1259483527957143553
1259483663865131010
1259484023858122753
1259484154195922944
1259484297184018432
1259484707722530822
1259484844616269825
1259485450655465472
1259485881955749888
1259485986624385024
1259486015791783936
1259486358420066306
1259486359456083975
1259486540859871232
1259486695256457217
1259486725979672578
1259486815721074689
1259486846301745155
1259486899762315264
1259487035393368064
1259487144378327041
1259487304105619457
1259487396665720833
1259487603105189888
1259487941790961666
1259487967858622464
1259488062293381122
1259488225405612034
1259488885488455680
1259488985040195587
1259489224950194182
1259490004646146048
1259490639323906050
1259491368314994694
1259491472950407169
1259491659517231107
1259491968863920128
1259492008587976704
1259492178511962113
1259492345235587073
1259492424696639488
1259492713038090240
1259492718725693440
1259492851462877184
1259493131281731590
1259493633952108549
1259494789696729088
1259495105091829760
1259495164554272770
1259495181755322371
1259495735319502852
1259496023342247938
1259496334136086528
1259496791382167552
1259496829105864710
1259497001911234562
1259498099233288196
1259498322525597696
1259499033699246082
1259499143762006024
1259499306379350017
1259499638425559041
1259499655144112130
1259500121324171265
1259500202152677376
1259500227263774725
1259501166267899906
1259501175960932355
1259501392684859394
1259501622155231232
1259501733014896642
1259502127497404416
1259502230454992898
1259503157492752385
1259503433528356864
1259503459650408448
1259503835359457280
1259503883128393728
1259504069548429313
1259504239396696064
1259504443671838730
1259504635020283904
1259505096187994113
1259505564763197440
1259505628512387074
1259506317833785344
1259506321314975744
1259506643504488451
1259506715294343168
1259507260629319682
1259507629228949510
1259508003943919616
1259508133203980288
1259508288976273413
1259508708381507584
1259509362500030465
1259509695875874816
1259509796232925185
1259509920963100680
1259510563887026179
1259510587383570433
1259510873418162176
1259511587196502016
1259511648009834496
1259511673859145728
1259511698660220928
1259512184498876417
1259512289901723649
1259512290119946241
1259512341118533634
1259512691837808642
1259512900462366720
1259512970209566722
1259513242969272320
1259513971763273733
1259514118584840193
1259514236977496065
1259514601726754818
1259514637332209670
1259514638166831104
1259514638997377024
1259516241036771328
1259516936678850564
1259516991682932737
1259517100957274112
1259517170016534530
1259517247053344768
1259517267328434182
1259518516413321217
1259518845787791366
1259519189875859459
1259519204924854273
1259519264047972352
1259519268070326272
1259519294599290887
1259519332666621953
1259519395593887746
1259519470722256903
1259519708770062336
1259519749727358978
1259519754865385477
1259520217182502912
1259520589519368194
1259521138952192000
1259521768223420417
1259521801161302027
1259522148567302145
1259522474015744001
1259522647727185920
1259522656837283842
1259523425112133636
1259524430914560002
1259524883530133505
1259524910004781056
1259524919932616704
1259525116779655168
1259526320716832775
1259526364140580864
1259526480054423558
1259526499503411200
1259527003276898304
1259528643794984960
1259528855930486784
1259529094753955840
1259529476247085058
1259530482691252225
1259530866319130629
1259530886451589127
1259530917271482369
1259531065850380288
1259531198214418440
1259531783177154562
1259531805948096512
1259532070189219842
1259532376205668353
1259532451472277505
1259532630531457027
1259532879232741376
1259533173588819968
1259533186087993348
1259533675122868225
1259533845956870145
1259533997979373571
1259534033106505728
1259534082817613824
1259534515183038465
1259534569860194306
1259534858365345794
1259534871120265218
1259535793581891584
1259535967096057863
1259536270851747840
1259536730107019264
1259537346141335552
1259537551855095811
1259537769526972416
1259537875403714567
1259538031515783168
1259538306389413888
1259538646350172160
1259539075624771589
1259539220718379013
1259539448620093440
1259539476054896640
1259539537786802178
1259540181310464002
1259540219046424577
1259540443437641729
1259541405719904256
1259541899263668224
1259541996282302471
1259542057988886529
1259542065425375238
1259542139517775873
1259542779312705542
1259543248877559810
1259543328166760448
1259543336962015233
1259543683805917189
1259543685529731073
1259543686695784449
1259543743213993986
1259543900093509633
1259544230210482176
1259544398624428033
1259544530870767617
1259544641944330240
1259544665570701312
1259545276534140929
1259545306582126594
1259545533976399875
1259545836159152128
1259545837790793728
1259545884687286272
1259546073779109890
1259546115000741896
1259546259217514497
1259546451278954497
1259546593876946945
1259546689939148803
1259547234976358405
1259547604389466113
1259548088131129344
1259548088429162500
1259548108385652740
1259548141055102976
1259548468047216640
1259548474229415936
1259548501370974209
1259548826274271237
1259549349396262912
1259549450432806914
1259549535082131456
1259549657329553409
1259549870756683782
1259549994652139522
1259550229726203904
1259550616902402048
1259551279061315584
1259551367594676224
1259551915500875776
1259552918782406656
1259553250577125378
1259553422090604544
1259553447466225666
1259553601942368258
1259553640823558151
1259553973477863424
1259554185709621249
1259554374214451201
1259554778205618189
1259555235426643969
1259555240031985665
1259555317202870272
1259555797429878786
1259556196194779136
1259556229635911680
1259557100721565696
1259557311753969671
1259557441085136897
1259557704005111809
1259557873857687552
1259558066279911424
1259558463522340865
1259558605633851392
1259558837272510464
1259559195852054534
1259559591127515136
1259559806773473281
1259560975390224384
1259561262888955907
1259561806625820672
1259561809540976640
1259561928709586945
1259562193735028741
1259562250471440384
1259562531645009921
1259562621218455554
1259563034839781376
1259563653814194176
1259563934857588743
1259563940079525888
1259564150403076096
1259564304405151744
1259564863380021248
1259565037175308289
1259565119723405312
1259565444228362240
1259565547924140040
1259566014028644352
1259566094337089539
1259566741186740224
1259566837903351815
1259566978840346624
1259567012562513920
1259567066727809034
1259567919299801088
1259568416702283776
1259568588106665984
1259568739382484993
1259568978818674690
1259569431509733376
1259570061880315904
1259570318844276749
1259570594619756546
1259570780792332296
1259570783019507712
1259570791928041472
1259572523253055494
1259572595797692420
1259572623559835655
1259572698772094977
1259572898148294658
1259572922232045569
1259573226407108618
1259573245038202880
1259573578833354752
1259573701902819330
1259573712527003649
1259573822380019712
1259574026135101450
1259574125716267008
1259574220876636162
1259574221459636225
1259574601765523458
1259574632233013248
1259574680966631424
1259574705050320897
1259574764336812039
1259574835136659457
1259574871396249600
1259574947359277057
1259575089919647746
1259575355188314113
1259575360368197632
1259575711851073537
1259575719442726913
1259575744247848960
1259576052541722626
1259576083692818435
1259576388056682497
1259576403193991170
1259576431887163393
1259576613840224261
1259576864097669120
1259576948465991682
1259577188900376578
1259577702484529155
1259577953719062531
1259578183109705728
1259578198762967042
1259578382993547265
1259578393605165063
1259578691903991808
1259578735944237057
1259579131433369600
1259579196399116288
1259579301105721346
1259579350371807232
1259580036434276352
1259580172581421057
1259580255284736008
1259580302558744577
1259580601650339843
1259580906840432641
1259580984703496194
1259581209585352708
1259581471351848967
1259581920679284739
1259582008394563584
1259582590731694081
1259582834748112896
1259583011340931074
1259583279658946562
1259583340442726406
1259583942145069059
1259584097304838149
1259584711556505601
1259584926850125824
1259585009058557953
1259585182673383424
1259585262264504320
1259585768462315520
1259585804617355267
1259585905926369281
1259586147417829379
1259586161116196865
1259586349071503360
1259586618249211904
1259587186489352192
1259587424801472512
1259587729354117124
1259588169315618816
1259588600611602433
1259589838220800000
1259589928784211973
1259589941446803457
1259590481056595968
1259590654067388419
1259591266125393926
1259591849054015501
1259591873724846084
1259592028263858176
1259592054801301511
1259592130764382209
1259592953074315264
1259593839054131200
1259594460951969798
1259594845859045377
1259596059539537921
1259596397009084416
1259596789423865856
1259597306682212352
1259597352634953728
1259597359786397698
1259597383505248257
1259597386709708801
1259597722065215489
1259598093911314432
1259598188513763334
1259598283548364802
1259598362338181120
1259598644958855168
1259598855726927881
1259598951113785344
1259599028322516994
1259599220257943554
1259599630762991617
1259600012285300737
1259600330448306178
1259601829459042305
1259602106509594625
1259602285711233024
1259602570269487104
1259602935413182464
1259603302368645121
1259604369156083712
1259604546009137154
1259605133983395842
1259605741901496321
1259605874445697024
1259606300259999747
1259606851735261184
1259606877765320705
1259607640843354112
1259608344177733632
1259608613225730049
1259609240639062019
1259609292690186241
1259609420809539586
1259609782727647234
1259609998851805188
1259610530903396352
1259610531486478341
1259610789788422146
1259610797036244999
1259610908994740226
1259611532297670657
1259611620470333441
1259612012721684482
1259612030690091009
1259612565187026945
1259613322850287628
1259613420187459591
1259614303289663488
1259614416582119424
1259614531887775744
1259614811043684352
1259614996310392839
1259615270206951424
1259615468492599296
1259615485978726401
1259615488042315782
1259615859502469122
1259616002951667712
1259616053082144776
1259616071709003777
1259616416023658496
1259616594298310657
1259616628167360513
1259616814096580608
1259617345888071680
1259617459906232320
1259617726315859969
1259617914258247681
1259618075827109889
1259618417717514245
1259618850632617986
1259618885084475392
1259620145200332800
1259620191874531335
1259620278692446216
1259620349932711936
1259620786194743297
1259620974573621248
1259620984077848578
1259621178269995008
1259621816726888449
1259621907369992196
1259622095329177601
1259622393871507460
1259622484355305472
1259622748365688832
1259622883657084929
1259623016197128198
1259623270049034244
1259623458457227264
1259623693149450240
1259623696307826693
1259624085019115530
1259624397104709633
1259624692744413184
1259625342567923717
1259625933625085955
1259626041519325184
1259626120208691200
1259626196142362633
1259627340965044228
1259627365681987584
1259627461354143746
1259627590224134145
1259627813302423553
1259627867081715712
1259628001861545988
1259628576439222272
1259628740243386370
1259628789765529600
1259628985606176768
1259629121333854211
1259629371582754822
1259630362176524290
1259630560671969280
1259630639650914306
1259631033647013891
1259631668136013824
1259631877037719552
1259632767438118912
1259633383681912832
1259633904711073793
1259634378436538368
1259635206476255233
1259635580369096704
1259635719120867328
1259636148827074561
1259636463295070209
1259636560565174272
1259636591443787779
1259636742270808064
1259636960613842944
1259637224259432454
1259637306660700161
1259637405411409923
1259637431957164034
1259637875538354177
1259638165842939906
1259638236151865345
1259638306637307915
1259638515496816640
1259639231976267777
1259639710751715329
1259640377109213184
1259640776692121601
1259641276443561984
1259641851360886784
1259641874870124545
1259642147403415554
1259642513520037889
1259642764163076097
1259642854210764806
1259642894329221120
1259643652047020032
1259644701457764352
1259645213858861056
1259645259987988481
1259645471871709191
1259645788205936640
1259646653671321602
1259646668456243200
1259646862849695744
1259646993808478210
1259646999420235777
1259647116982530055
1259647592071335936
1259648366654488576
1259649231339610112
1259649265623805952
1259649355528769538
1259649617391693830
1259650110016958464
1259650312794591232
1259650866614689794
1259650934654763015
1259650960898633728
1259651165689712640
1259651562944761857
1259652722992832512
1259653255648489472
1259653367359553539
1259654731225427968
1259654812997767168
1259655255589097472
1259655689804435459
1259655716295639040
1259655984290557952
1259656041689567233
1259656331318960130
1259656356514185219
1259656505436983297
1259656659997253632
1259656730411229186
1259656959692865539
1259657029335089152
1259657620912246785
1259658619697524737
1259658623761829888
1259658626580373505
1259658628434255874
1259658713461329923
1259658734021873665
1259659102554374144
1259659410265174016
1259659451369480193
1259659615559614467
1259660068653432839
1259660082658361345
1259660133841412096
1259660352381505537
1259660562025402370
1259660762940878848
1259661276596375560
1259662074055143427
1259663442182582273
1259664342217359360
1259664606613602305
1259664682450857984
1259665159632621568
1259665278104977409
1259665643797954560
1259666472785281025
1259666844476112903
1259667025284251660
1259667305862176776
1259667373021257728
1259667500746149888
1259667774001098758
1259668532838764547
1259669178069536770
1259669771462889472
1259669867034263553
1259670347940540416
1259671342141579264
1259671856912703496
1259672043613798401
1259672491066298378
1259672901181231106
1259673395446325248
1259673563478491139
1259673740729876487
1259674395376836610
1259674724113674240
1259674956314619904
1259675010962202624
1259675586122756097
1259675813860872192
1259676525835812865
1259676536304779264
1259677266747043844
1259677344819642368
1259677483055616006
1259677519747432448
1259677791559143424
1259677792645509120
1259678076688007180
1259678794115317760
1259679163906170882
1259679186219925507
1259679328746573827
1259679521604874241
1259679984723079168
1259680306392641536
1259681309397528576
1259682146257498112
1259682664983998465
1259682895490252800
1259682943381000192
1259682964176277505
1259683049211650051
1259683386769145862
1259683408793333761
1259683410072801280
1259683505988141056
1259684448456658945
1259684753835470850
1259685176411553798
1259685428443013121
1259687721406267393
1259687868332556289
1259688185799626752
1259688635223375872
1259688859899748352
1259689455008571393
1259689554824572930
1259690129007968257
1259690431002050561
1259690451789058048
1259691126971338756
1259692443424997383
1259693467732754433
1259693508799213568
1259693578080735234
1259693585907277826
1259694526874214401
1259694978449772544
1259695488082882560
1259695529220546561
1259695615669387268
1259695760062455808
1259696163739054081
1259696691600658432
1259697088838934534
1259698049971937280
1259698361520791552
1259698511630733312
1259698514373873665
1259698709383639040
1259698844981395457
1259699028901715968
1259699050611380224
1259699337187127297
