1261882245700292610
1261882271457349632
1261883404838199302
1261883963628535809
1261883966656778240
1261884080100179968
1261884174790787073
1261884205686030337
1261885309916270592
1261885494884958209
1261887274368761856
1261887712941838336
1261887983071854592
1261889464496009221
1261889795019517952
1261890016105635840
1261890467073007617
1261890956250411009
1261891073745420288
1261891644309344257
1261891947838365696
1261892534894309376
1261892711117811712
1261893923687014401
1261894332501688320
1261894769766096896
1261895089946755073
1261896169338404864
1261896742854750208
1261896875776581633
1261897273539276800
1261897454414430208
1261898408165552128
1261898460451741698
1261898927621767168
1261899273249193984
1261899669631913984
1261900559772200960
1261901340000817154
1261901398901391360
1261901870152527873
1261902131138887681
1261902416137670656
1261902932502474752
1261903042976387072
1261903469964939264
1261903857187196929
1261904773743349760
1261905044535828481
1261905045550850049
1261905258499973120
1261905520472064007
1261905814350000130
1261906701399162880
1261906714288369665
1261906763969736705
1261906879002939392
1261907688516009984
1261908136119668736
1261909340430139392
1261909390568931328
1261909607582236678
1261910050538319872
1261910534712111104
1261910582585962497
1261910810793836544
1261910880591233024
1261911241368522752
1261911612371251201
1261912291647389702
1261913026984280064
1261913118629715968
1261913731778347009
1261914026063298560
1261914361695809536
1261914533045493760
1261915603939426305
1261915671753089024
1261915711833690114
1261916046744784896
1261916443819438080
1261916654621151239
1261917241534267392
1261917360732229634
1261917420635258881
1261917474137702400
1261918010056544256
1261918063571550209
1261918347949740032
1261918733808709633
1261919415764946945
1261919610158415874
1261920021619658752
1261920147515666432
1261920159029051394
1261920329338949633
1261920952650252288
1261921023034712065
1261922157170483200
1261922672256192513
1261922805366444037
1261922899729907713
1261923043653214210
1261923083251855360
1261923899069120514
1261924133069299714
1261924230599409664
1261925144739676160
1261925297227739139
1261925449258721282
1261925681660821504
1261925714447695872
1261926310768553985
1261926579346825217
1261927314931113984
1261927530682032128
1261928606072217600
1261929470547709952
1261929487027052545
1261929690811506689
1261930145348292608
1261930203707817986
1261930210590523394
1261930311593496577
1261930333668179968
1261930604939161603
1261931096901668866
1261931135917002752
1261931426464911362
1261931615376289792
1261931664579624960
1261932101210787842
1261932579508215808
1261932725704982529
1261933436866043904
1261933550292602882
1261933974202482688
1261934075692175367
1261934260719456257
1261934678514245632
1261935122640547846
1261935125895319555
1261935315545141249
1261936242326994944
1261936514130497536
1261936931329499137
1261937052209184769
1261937763743608835
1261937879862915078
1261938610963656705
1261940076608663552
1261940147630866434
1261940165590896640
1261940402984288256
1261940584282910720
1261940673093214210
1261941004015472640
1261941050811310080
1261942053837189121
1261942115644383234
1261942637919076353
1261943111904669696
1261943268520140800
1261943652814856192
1261943705214291968
1261943930079383553
1261944666263560193
1261944746219646976
1261944784438153218
1261944873671933953
1261945573168394240
1261947084875411458
1261947639110742018
1261948009538969600
1261948342990508033
1261948365862035458
1261948840392810496
1261948968814235649
1261949100574101504
1261949685662724096
1261949811051225088
1261949964512456704
1261949966638936064
1261950051611316224
1261950102870151168
1261950219643760640
1261950253273681920
1261952891331510272
1261953098068746240
1261953109192048641
1261953661711929344
1261953686902890503
1261953888242012160
1261953911738548226
1261954199085932544
1261954338768945153
1261954347337949184
1261954523310030848
1261954672924868609
1261955179794046976
1261955254641479680
1261955304184561665
1261956142399401985
1261956242202820608
1261956294774308865
1261956467801968640
1261956694827053056
1261957102056214529
1261957154363359233
1261957214434136064
1261957372622372864
1261957506454208512
1261958787143020545
1261959086377033730
1261959271220154368
1261959670371168256
1261959758506078210
1261960669827608577
1261961191754260480
1261961943088115712
1261962025753853952
1261962328989478913
1261962454860550144
1261963061243641859
1261963190751068162
1261963445865512960
1261964201121234944
1261964839787921408
1261964961678589953
1261964966036414465
1261965196525879296
1261965204931391488
1261965295280939010
1261965517902032896
1261966178609778693
1261966846863040513
1261967125901570056
1261967130674835458
1261967370081443840
1261967740396548096
1261967950132776960
1261968027320451074
1261968102172082177
1261968112389222401
1261968558889844736
1261968969075838976
1261969156682977285
1261969231891042304
1261969585408016384
1261969941097578501
1261970213228236802
1261970741941153792
1261970851886329857
1261970898279636994
1261970997672128513
1261971532940746752
1261971593741426689
1261971828039454720
1261971860452868096
1261971870938775553
1261971981890699265
1261972029361848320
1261972514345037824
1261973087953850368
1261973156035801090
1261973324491448323
1261973775115063299
1261973854768869383
1261973860330565633
1261974290188185602
1261974425198608384
1261974504655503361
1261974515342553089
1261974568174006272
1261974765704798209
1261975007984529409
1261975033628549124
1261975082068512768
1261975409618571264
1261975435317055488
1261975822551916544
1261976498560356352
1261976708636344320
1261977240029536256
1261978046413836291
1261978927486173184
1261979207183273989
1261979557487415296
1261979785279860738
1261979786328473600
1261980170526830593
1261980711541760000
1261980812171513857
1261981104569044993
1261981131886546945
1261981821249769473
1261981844922413057
1261982050179076098
1261982074749190144
1261982614476533760
1261982755631403008
1261983337759084545
1261983583251640320
1261983687484166145
1261983923300716548
1261983988585029633
1261984518166032385
1261984564605378560
1261984868747149312
1261984976045735936
1261985122615791616
1261985444574703617
1261985813094641664
1261986561194954754
1261986734721708032
1261987345382936577
1261988560334393344
1261989075353055233
1261989527121530881
1261989660634624002
1261989662471729153
1261989693605871616
1261989780243562501
1261990073781846016
1261990166396317698
1261990301079494657
1261990326929174528
1261990547046240256
1261990961791541248
1261991083820679168
1261991138573115392
1261991383264636928
1261991470824861699
1261991652438220805
1261991873108901888
1261992497120776193
1261992577093509121
1261992584144019456
1261992891318239232
1261993325760073728
1261993618119811073
1261994083020689408
1261994230060326913
1261994654943379456
1261994861097435136
1261994904361689089
1261995130439061504
1261995898571157504
1261995923183452168
1261996073519849472
1261996730926710785
1261996814519152641
1261997434328297473
1261997558404198401
1261997664360517632
1261997671918624768
1261997788621156354
1261998140208500738
1261998161737834505
1261998289588752384
1261998414637625344
1261998683073269760
1261998900631781376
1261999029015195648
1261999299086385153
1261999365490540544
1262000243521933312
1262000434450964482
1262000907476037632
1262001009674670082
1262001464496570370
1262001592015912960
1262001694252072960
1262001876016529409
1262002152207118338
1262002238848937985
1262002349620506625
1262002427387092992
1262002452976603136
1262003097368440834
1262003193711669249
1262003351258087424
1262003778032730114
1262004041514659841
1262004099299622913
1262006173491847168
1262006243033522177
1262006373065375746
1262006466849857538
1262006711390527490
1262007053192777729
1262007078589169666
1262007392184815616
1262007633504018432
1262007739888414720
1262007896549752832
1262007911011647488
1262008018713096192
1262008147566366721
1262008191547736069
1262008767274782722
1262008977413439490
1262009530621157377
1262009988110856195
1262010120147357698
1262010123070738432
1262010311604912129
1262010337102123009
1262010994051686400
1262011269378273285
1262011399393415170
1262012051129499649
1262012506706374656
1262012538214064128
1262012951147339778
1262014000134578177
1262014642689175552
1262014706056859648
1262014876035186688
1262015287269961728
1262015453846802435
1262015661401874432
1262015716074627074
1262015755857440771
1262015838808408064
1262015907934670849
1262015970689921025
1262016083726393344
1262016136624963584
1262016154974838785
1262016180996444160
1262016196741922816
1262016383749107718
1262016532344827905
1262017846726610946
1262017895380455425
1262018056659894273
1262018115702939648
1262018202353258498
1262018507044261888
1262019153558413313
1262019532308262912
1262019897149841408
1262020189740294145
1262020266248503296
1262021180116152320
1262021944347463680
1262022078032760832
1262022080469577730
1262022557915648002
1262022672407461889
1262022720306454529
1262022910660706306
1262023320012283905
1262023385837690880
1262023508189732864
1262023728264691717
1262023854261702660
1262024120125931521
1262024171648942081
1262024920382541826
1262025385635700737
1262025638434783233
1262026120918175746
1262026553296326657
1262026627602616322
1262026726986612738
1262026896923136000
1262027407185379328
1262027451519156230
1262027613419130880
1262028124625272835
1262028391831789568
1262028586447405057
1262028691401474049
1262029547014324225
1262029748768837634
1262029799981068288
1262030168434106370
1262030181033807873
1262030208078512133
1262030318791426049
1262030590712430593
1262030852625702912
1262031229219745792
1262031387915423744
1262031411730620423
1262031635316277248
1262032075672227841
1262032236381167617
1262032734983159810
1262032739357855744
1262032756852301826
1262033162286141442
1262033194980868097
1262033613224370176
1262034157951221760
1262034434515140608
1262034618934583296
1262034669144588290
1262034718306054144
1262034789277802496
1262035261401247744
1262035273434779649
1262035338396160011
1262035405613875201
1262035431362830336
1262035466234331144
1262035513051054080
1262035602003894272
1262035704449818624
1262036021929222149
1262036346954108933
1262036429158223874
1262036647450902529
1262037267868266496
1262037693208367104
1262037760732303360
1262037903972208640
1262038022696194055
1262038036130476033
1262038207119515648
1262038418533597184
1262038421981323265
1262038470974988288
1262038729029378048
1262038780636278784
1262038860520927232
1262038953991065601
1262039043128397826
1262039552874733571
1262039637993951232
1262040235145400321
1262040254162309120
1262040313780031488
1262040477496377355
1262040528469790723
1262040536950636544
1262040659600474117
1262041013595656193
1262041373018066944
1262041981808672774
1262042092794187778
1262042528934756356
1262042548673097733
1262042577513005058
1262042708102787074
1262042766122651648
1262042916014428162
1262043072726274051
1262043326217424899
1262043532229062658
1262043614177382400
1262043824106463232
1262043862274539520
1262044087055601667
1262044253020135427
1262044478002487297
1262044603953360896
1262044630243250176
1262044871986016258
1262044978672476161
1262044979700076546
1262045137208827907
1262045221593976833
1262045234541858828
1262045274966548483
1262045346072535040
1262045430319382528
1262045646112129024
1262045728995606529
1262045788106096642
1262045884176531457
1262046487904694277
1262046710496288769
1262046729593118721
1262046860312797184
1262047532647055370
1262047746145636353
1262047968359665670
1262047997707407366
1262048132814209024
1262048240926519296
1262048384124403716
1262048437157064710
1262048709656948736
1262048832839389184
1262049057687699456
1262049264999501824
1262049374944866306
1262049385183088642
1262049496017534977
1262050066161860609
1262050315567796225
1262051623720947713
1262051742478286848
1262052850257088524
1262052851477602304
1262053037121703937
1262053127706075138
1262053400516210688
1262053647866826753
1262054046120185858
1262054045755244545
1262054323623653376
1262054460911759363
1262054783310893056
1262055385323786245
1262055441024143369
1262055738777747458
1262055888577331200
1262056074389139456
1262056179527802880
1262056256824651783
1262056452715433985
1262056640876105728
1262057320856596482
1262057455015522306
1262057538658471936
1262057554017841152
1262057554039001088
1262057557289385984
1262058064393441280
1262058686928863232
1262058964675485697
1262058965736669184
1262059174759936000
1262059436656345088
1262059992238227462
1262060526617669632
1262060580350943237
1262060833795829761
1262060890301456384
1262061542352334849
1262061617136599042
1262061650250776576
1262061960994205696
1262062072894029824
1262062242184351744
1262062280340103169
1262062448728834049
1262062758096486402
1262062765377646592
1262063227468382210
1262063394405748736
1262063560143900672
1262063603190038528
1262063650379948032
1262063746236768261
1262063846522531845
1262063877723951105
1262064153948295169
1262065320874831874
1262065366030786566
1262065367075237889
1262065638127919107
1262065686165311489
1262065801000976386
1262066145080868864
1262066147060408320
1262066197199233028
1262066772053811201
1262066978862379010
1262067130289143810
1262067500012859392
1262067708067110922
1262068715048382464
1262069023598051328
1262069088010022913
1262069146575089666
1262069202963185664
1262069325382529024
1262069368223080455
1262069406030614530
1262069723476475906
1262069962685812738
1262069978813140997
1262070208644001793
1262070943641481216
1262071032069926912
1262071242846343168
1262071644345991171
1262071867260538881
1262072083716194305
1262072521328742400
1262072522385715200
1262072523434291200
1262073026004344832
1262073507803881472
1262073724465004545
1262073951292923904
1262074001112707073
1262074064233025538
1262074682746036226
1262074735350841344
1262075703861772288
1262075983781335046
1262076140191178752
1262076164425867264
1262076176404635649
1262076259271675906
1262076393246134273
1262076549173522432
1262076570728116227
1262077050732544002
1262077214293704704
1262077318664802304
1262077441742340096
1262077459471699969
1262077547497562114
1262077637368913926
1262077996804059137
1262078009311363073
1262078239738077190
1262078510757228545
1262078674939101187
1262079283247427586
1262079340424187906
1262079430387806209
1262079519172820992
1262079727465926656
1262079764464128001
1262079983457112070
1262080163526987776
1262081015419371525
1262081159263125504
1262081235347804162
1262081387684921344
1262081714396028929
1262081855601479686
1262082148565053440
1262082194429927432
1262082228470738944
1262082425204572160
1262082730877222914
1262083031327784961
1262083196486901761
1262083293345972225
1262084227681615876
1262084471026847750
1262084757946544128
1262084875403907073
1262085214517460994
1262085452737187841
1262085484580270080
1262085497331081217
1262085643636793346
1262086112530649097
1262086258379145218
1262086479582502917
1262086651146166272
1262087661038325760
1262087751073062913
1262087877422350336
1262088256264560640
1262088274555932672
1262088506157019137
1262088544312455170
1262089018889637889
1262089409261944839
1262089454241677326
1262089614535176193
1262089933403103234
1262089987228647425
1262090151565701120
1262090530265145347
1262090617846407169
1262090951302041601
1262091145951219718
1262091401170268161
1262091527418863617
1262091947449167876
1262091986661715969
1262092223698604033
1262092296704557060
1262092575898513409
1262092626477678593
1262092631867301889
1262092710430650368
1262093036894294016
1262093145971531777
1262093258680930306
1262093649841659904
1262094480066269184
1262094495014887425
1262094644289998849
1262094683737665538
1262094925190950912
1262095120087875587
1262095589430497282
1262095758620266500
1262095789268045824
1262096094185521152
1262096174753951744
1262096331088318464
1262096336817729536
1262096570457174018
1262096782437355521
1262096856995282945
1262097408915320834
1262097423012421633
1262097838621822976
1262098461454811136
1262098466857246728
1262098726560161792
1262099168929239040
1262099318225469440
1262099331307503617
1262099344804757514
1262099608936820738
1262099937459912705
1262099979671351296
1262100373898235904
1262100457394188288
1262101099722481667
1262101905452367872
1262102025745113089
1262102192837836800
1262102471834365952
1262102594744471553
1262102886202380288
1262102896130371584
1262102984688914432
1262103174812323840
1262103232077234179
1262103402290405376
1262103705895055360
1262103833364267009
1262103903736410112
1262103968748048384
1262104457506099202
1262104694790459393
1262105120495423489
1262105704246231051
1262105728539488257
1262105941346000900
1262106377733804033
1262107057936875520
1262107127402967050
1262107245027958784
1262107488738062336
1262107666245091335
1262107763624292365
1262107946244206592
1262108207549493248
1262109150110265344
1262109210466287619
1262109251155062784
1262109483821600771
1262109767834710024
1262109880401436675
1262109924282286080
1262110087767904258
1262110158726983681
1262110239048044544
1262110314071539713
1262110512223051778
1262110599531712514
1262110693089857536
1262110887868915712
1262111784422572034
1262112201273376768
1262112203244621825
1262112551283961866
1262112651213189121
1262112679252148224
1262112798638657538
1262112847066251265
1262112987852275713
1262113245260849154
1262113298495004676
1262113417919250432
1262113513088172033
1262113797910654976
1262114109711056899
1262114169857474560
1262114438511046657
1262114799317667840
1262114814169669634
1262114872755617793
1262115197931655168
1262115377712181250
1262115478442405888
1262116000985542656
1262116325499047936
1262116680718864384
1262116779595309057
1262116833693499393
1262117572566061056
1262117574344491008
1262117861666873344
1262118201380438019
1262118907986534400
1262119092107894784
1262119101335470080
1262119986182709248
1262120055371857920
1262120217494392838
1262120469202980873
1262120479546097666
1262120726213144580
1262120788661960705
1262120880861253632
1262120912582836224
1262121057827209216
1262121308600573953
1262121453811630089
1262122027491753986
1262122100841517056
1262122528098652161
1262123021961232385
1262123197048197120
1262123353051193345
1262123600125059075
1262123809366093824
1262123856124186624
1262124442051846144
1262124674743443457
1262124760068165632
1262124764233117696
1262124847938887681
1262125023839608832
1262125200281415683
1262125242828255232
1262125376932888576
1262125554196721666
1262125648153362439
1262125730391117824
1262125818714755073
1262126508262469636
1262126757705945088
1262126894087933952
1262127211844435968
1262127593521807361
1262127616984637440
1262127682004889601
1262127858157322240
1262127869297405953
1262127969788743681
1262128034062184448
1262128142879059968
1262128209707098116
1262128378355814402
1262128385867894784
1262128562154455041
1262128650364862464
1262129097024692224
1262129551381016576
1262129553264332800
1262129692221505539
1262130103871569925
1262130424307908612
1262130512333885441
1262130640763400197
1262130689182498821
1262130865271984141
1262131041332015105
1262131149134053378
1262131217702563843
1262131393653616640
1262131481733935112
1262132121495363585
1262132294426324992
1262132295663628288
1262132663265234947
1262132755724296192
1262132771914485764
1262133256020996096
1262133344281726978
1262133520480288768
1262133697085681665
1262133874106171397
1262133980201209872
1262134050220838912
1262134103203368962
1262134226448678912
1262134314629726210
1262134419206426627
1262134808056078337
1262134841300193286
1262135568999215104
1262135620538859521
1262136076631773186
1262136089113956352
1262136177722867722
1262136353837416448
1262136449199075329
1262136529700433925
1262136705554972676
1262136795170516994
1262136881380294656
1262136971482198017
1262137057612386307
1262137145906561025
1262137595875770368
1262137960654344192
1262138298207625216
1262138418236194817
1262138919925223434
1262139008085364736
1262139184481001474
1262139360381673472
1262139536823459840
1262139713038749696
1262139804348813312
1262139889144999937
1262140365764608000
1262140979777282050
1262141694893420545
1262141752066138112
1262141763923386369
1262141840138088450
1262141858223992834
1262142016265355271
1262142037127725060
1262142090647044103
1262142191956344832
1262142319060451328
1262142558647582722
1262142733864534016
1262142822012071943
1262142833676488705
1262143068666572807
1262143214871613440
1262143235864092672
1262143731513405442
1262143776857997313
1262143784185483265
1262144167473491973
1262144285698396161
1262144597469216768
1262144641526386688
1262144686111760384
1262144861844758530
1262144980828729347
1262145037904891905
1262145214225006593
1262145225784524802
1262145225818091520
1262145390842982404
1262145619252084738
1262145655662882817
1262145845153193986
1262145903839924227
1262145919996362753
1262146225643626498
1262146258497658880
1262146298167377925
1262147010724892672
1262147644861886465
1262147953998925826
1262148232236408842
1262148269666381824
1262148376663121921
1262149543656816642
1262149940500889609
1262150107564331011
1262150138966966272
1262150497881993218
1262150922467266561
1262150935343742981
1262151083813752835
1262152051187789824
1262152929412296706
1262152948471132160
1262153044973805569
1262153531588411392
1262153601809604616
1262153613360545792
1262153845506965505
1262153849357266944
1262154079683436544
1262155178574135296
1262155224409661440
1262155300574035971
1262156531157606402
1262156577634746370
1262156583468806144
1262156747701211136
1262156773353496576
1262156853645053955
1262156872221691904
1262157167316078592
1262157170054856704
1262157373101260801
1262158324583333890
1262158594138488832
1262158757490044928
1262158916538060801
1262158975899824129
1262159703485878284
1262159726239862786
1262159733005389849
1262159827180171271
1262159830023692288
1262160235592060929
1262160623544066048
1262160980366307334
1262161314018988032
1262161725991739392
1262161917335961600
1262162249633808386
1262163612052918273
1262164015196897282
1262164247351644161
1262164300178829314
1262164745723011078
1262164759618732032
1262164966901252096
1262165016075210752
1262165172057247747
1262165303779192832
1262165913694015488
1262165982002503685
1262166069038505985
1262166141029560320
1262166472815546368
1262166709596798977
1262166867222892551
1262167214762967040
1262168102420217856
1262168419115376640
1262168507309056000
1262168779234082816
1262168864789536768
1262169088643735553
1262169109338390529
1262169930620907520
1262170196632047618
1262170421073293312
1262171325243822081
1262171532954079232
1262171751901003776
1262171861569474561
1262171870247489537
1262171916040888320
1262171967815204864
1262172267628412930
1262172390307627011
1262172874019868672
1262173443564290048
1262173470139482119
1262173741355859972
1262173898252193793
1262174124899799043
1262174146802352128
1262174696583254016
1262175023638499328
1262175139501932544
1262175336059502592
1262175375997763584
1262175545095307277
1262175612296466432
1262176029902286850
1262176106330849283
1262176288086736896
1262176911079419904
1262177324654489600
1262177339045273601
1262178324060594176
1262178731247890432
1262178851913904128
1262178891759792128
1262179029811003393
1262179208018620419
1262179258753048577
1262179464076820482
1262179507240402947
1262179689382150146
1262180053594472449
1262180122473320449
1262180241184657408
1262180262307344385
1262180616466042881
1262181119765762048
1262181215819509762
1262181221498380288
1262181546020220931
1262181765495631873
1262182703824121856
1262182945110077442
1262183089129893888
1262183137829847051
1262183205597306881
1262183327378952193
1262183382018031618
1262184689391022082
1262185531561013249
1262185998437490688
1262186525078573059
1262186651872194560
1262186845653413890
1262186902700068867
1262187093301870592
1262187198625046529
1262187382637563904
1262187665497227264
1262187684782657544
1262187782610419712
1262187944028315648
1262188436297076736
1262188450905763850
1262188504576073730
1262188802833088514
1262188866133471236
1262189274927173633
1262189416136794113
1262189777006321666
1262189821419716613
1262190485520756737
1262191249492111360
1262191303615528964
1262191344019218432
1262191559753240576
1262191769900498949
1262192550665994243
1262192626557739013
1262192773790392324
1262192930862837760
1262192970293444608
1262193197066760193
1262194212168241154
1262194960721342464
1262194962118180866
1262194963015557120
1262195838878547968
1262196719875289088
1262196720923840512
1262196723801141249
1262196724849754117
1262196845901762561
1262197599181758464
1262198000278884352
1262198863299055616
1262199530348478467
1262199700243038210
1262199765061828608
1262199802760245249
1262199860226338823
1262200167115046913
1262200504932851712
1262200523647827970
1262200710462136320
1262201142613868546
1262201275724283909
1262201304916602880
1262201438656217089
1262201474605551616
1262201492083277831
1262202102505504769
1262202312560455683
1262202657462239233
1262202917773328385
1262202924391956487
1262203128155377669
1262204968464977923
1262207189185441793
1262207198148452353
1262207342990548992
1262207701100236801
1262208571124715525
1262208687155773447
1262209777444311041
1262210628871163914
1262210803937292291
1262211319748583425
1262211749161435137
1262211818476523521
1262211981341310976
1262212186719621121
1262212273994637312
1262212601313783808
1262213221139841024
1262213861324861442
1262214154867408896
1262214725414219778
1262214931556032512
1262215073436590083
1262215232287584258
1262215297068646403
1262215705996308480
1262215965166747649
1262216358261121026
1262216620925161472
1262217682683940865
1262218124000034816
1262218497939181569
1262218503739891712
1262218786846814208
1262218817218007040
1262218912231555076
1262219021136605189
1262219550453612545
1262219581151571969
1262219713976979457
1262221933967532033
1262222008655331328
1262222095624347649
1262222377678770178
1262223724897619968
1262223833613959168
1262224369918660609
1262224371394977792
1262224499069648897
1262224687527890944
1262224963853049856
1262225969051578369
1262226341895843843
1262226486687301632
1262226797451591681
1262227081758478336
1262227519924776967
1262227590200397825
1262227674140946432
1262227883482849280
1262228334521585664
1262228336119513088
1262228660204916737
1262229152561868800
1262229675180523521
1262229849478963201
1262230517870587904
1262230538414366720
1262231493230854145
1262231600206696451
1262231934715002880
1262232727258087424
1262232925271138304
1262233536372842496
1262234086686351362
1262234088162783233
1262234339988762624
1262234469156696065
1262234546306678785
1262234663898288128
1262234715962179585
1262235071387521024
1262235282038013970
1262235695160143872
1262236008302678018
1262236740158455813
