1261510275406221314
1261510450048630789
1261510527043461121
1261510568411828225
1261510736133656583
1261510794686103554
1261511209846800392
1261511965513601025
1261512213598138371
1261512571829526529
1261513465606230018
1261513996320100358
1261514047285010433
1261514150276202499
1261514850317955073
1261514863609810946
1261514977103339522
1261515064391106560
1261516255145721857
1261516439434952704
1261517071600451585
1261517241037860870
1261517505459298304
1261517874562314240
1261518151872917506
1261519581094596610
1261520063036866560
1261520227554201600
1261520818292604929
1261520868724879360
1261521391251152896
1261521392274567171
1261521393302122496
1261521795439636480
1261521820311748608
1261521963266330624
1261522803108401152
1261523286023905283
1261523779643203584
1261524131864068096
1261525551807754240
1261526254995550210
1261526750825152515
1261526914642124802
1261526977019891716
1261527598565294080
1261527771567677440
1261527939293691904
1261529233077284864
1261529284558143488
1261529722384777222
1261530124870189057
1261530130280824832
1261530337714286595
1261532455347130368
1261533148351008769
1261533180797960192
1261533287001894914
1261533672504569857
1261533807787868162
1261534667586633728
1261534712696365056
1261534731151142913
1261535182122868736
1261536261837389826
1261536479676792832
1261536625995087873
1261536743037325312
1261537013846749190
1261537159741390853
1261537498963963905
1261538128000679936
1261538257059237888
1261538594969321472
1261538747675561985
1261539075992903680
1261539108494639105
1261539332931891200
1261539393103429633
1261539786054983681
1261540053047795713
1261541219156533249
1261541408504074242
1261541962735398914
1261542427128717312
1261542984073560065
1261543310977650694
1261543345895112706
1261544293040181248
1261544525723389953
1261545118231932928
1261545244933402625
1261545481609641987
1261545631648284677
1261545679479926785
1261545793858740225
1261545929032810496
1261546095240511488
1261546709961904128
1261546943756603393
1261546984739090434
1261547229279662082
1261547565419565057
1261548021768167424
1261548023701741568
1261548402296459264
1261548776197677056
1261549668070297605
1261550261048356866
1261550476593639424
1261550542469435392
1261551381774729216
1261551464737996806
1261551466881388544
1261551773522821120
1261552003743973376
1261552072429719552
1261552424499716096
1261552433685073921
1261552466522505218
1261552892760252416
1261553102215208960
1261553103351865349
1261554368114909186
1261554403212881920
1261554512298414080
1261554879006494720
1261555004269199360
1261555056391925760
1261555167545131008
1261555606864920577
1261555716571217920
1261557046496751616
1261557355554185216
1261557440132403200
1261558187917848576
1261558205982875648
1261559075789328390
1261559372959879168
1261560235472404481
1261560318607720449
1261560331282853889
1261560510266454016
1261561018091634689
1261561372569042944
1261561774547107840
1261561988611805184
1261562335585591301
1261563257464242176
1261563522888146946
1261563703754924033
1261563902858539008
1261564037613023233
1261564533132283904
1261564556620566528
1261564764460912640
1261564904089309186
1261565004891009030
1261565615430664192
1261565943513182208
1261566544712212480
1261566559216074752
1261566567558463490
1261566585573199873
1261567448068710400
1261567648963473410
1261568087297409025
1261568154716835840
1261568341430407174
1261568393729249282
1261568763700416512
1261568879849017344
1261569400911650821
1261569561326837760
1261569962260512768
1261570064844816386
1261570359674974208
1261571226746720258
1261571514253471745
1261571521518198785
1261571761906364416
1261572682681708544
1261573184962416640
1261573255275503616
1261573396611170304
1261574408197623809
1261574531560267776
1261574781792632832
1261575133170479104
1261575418005594113
1261575707760693249
1261575721950031873
1261576198167187456
1261576288139202560
1261576796052619266
1261577208696455168
1261577440796774402
1261577877314830336
1261577932742377473
1261578608679825408
1261578860002492416
1261579876475244544
1261579951058423808
1261579968171200513
1261580079051599875
1261580330282205185
1261580434397421569
1261580823138111488
1261580895728828417
1261581611331661829
1261581631720239111
1261582180314210310
1261582706263105547
1261583690611777536
1261584330658324482
1261584342855421954
1261584533520035842
1261584605766959104
1261585249080836108
1261585818671443969
1261586921421234176
1261586993848385537
1261587106738188288
1261587349751787521
1261587544585601024
1261587961688150016
1261588090864447489
1261588664787668992
1261588857977548800
1261589777406734336
1261589895509753856
1261590121431867393
1261590343100833793
1261590420162740225
1261590518703820802
1261590591789502464
1261590638094700545
1261590660005625856
1261591333501898752
1261592460272250880
1261593269760397312
1261593467161116673
1261593835446009857
1261594068758429696
1261594665855471616
1261595162494619650
1261595263925473281
1261595749512622081
1261595836632518656
1261596341903388672
1261597075466260481
1261597102523777024
1261597428827820033
1261597462441017344
1261597480183050240
1261597895276494850
1261597924103946240
1261598143168249856
1261598287297155072
1261598418780262401
1261598498903990272
1261598822280683520
1261598996524457984
1261599527838105600
1261599631819132929
1261600307244498946
1261600314244956160
1261600450706538496
1261600472013701125
1261600571057770496
1261601455934488577
1261602086338400256
1261602512467001344
1261602515398909954
1261602704431841280
1261602954525593600
1261603240908599297
1261603658552221701
1261603830099304448
1261604171410739205
1261604629651034112
1261604759720656896
1261605012758827008
1261605163959279622
1261605595339243520
1261606298891833344
1261607266274418688
1261608250044297217
1261608582958714885
1261608660528254976
1261608916087078913
1261609362184826880
1261609663780487169
1261609745158418435
1261610033256824832
1261610623005347840
1261610658732412929
1261610799140872193
1261610918485647360
1261611112501596165
1261611486641680384
1261611487744802816
1261611488843718656
1261611489208659969
1261611745912782848
1261611861478260736
1261612290446589953
1261612491093794817
1261612996997967872
1261612997199294465
1261613375840288770
1261613405179219968
1261613640488230912
1261613667931521026
1261613985041805312
1261614032076836865
1261614268795039745
1261614684177915905
1261614909693009922
1261615522157903872
1261616273533874176
1261616640891867138
1261616700237262853
1261616987077255168
1261617251695972352
1261617411868024832
1261617685038800896
1261617779184001024
1261617879637786624
1261617890819596289
1261618266054840322
1261618416550641666
1261618644586553344
1261618812102868992
1261618893338095616
1261619019796246528
1261619115984252935
1261619954740269062
1261620036625747968
1261620579330859014
1261620993501605888
1261621152465780736
1261621226579152896
1261621385966825473
1261621601730166792
1261622517158027264
1261622742086037505
1261623004821413888
1261623267753852928
1261623476328132608
1261623944399863808
1261623947050639361
1261624952031084544
1261625881455362048
1261626254807240711
1261626833424060418
1261627215567114240
1261627478134738944
1261627621437308930
1261627792602660866
1261628632914472960
1261628807942995968
1261628948523466752
1261629102831865856
1261630239828062209
1261630730414809089
1261630868872929280
1261630884018520064
1261630933310091264
1261631092110422016
1261631293244223488
1261631594839838720
1261631850142994432
1261632105873694720
1261632208579723264
1261633197214961666
1261633455600828417
1261633783008288768
1261633884367712256
1261634578218917888
1261635011469443073
1261635042331070470
1261635062300381186
1261635692548907013
1261635773478006791
1261635950058393602
1261636010179526659
1261636331366686721
1261636349725216768
1261636454851248128
1261636655724683264
1261636977457344513
1261637616920858625
1261637669647351808
1261637708310511617
1261637789331845121
1261638246678831105
1261638543534952448
1261638978094104576
1261638994594541569
1261639169580896257
1261639555268083714
1261639912069136386
1261640080516689920
1261640384939261953
1261641021018058754
1261641262093893632
1261641567267422208
1261641687132188672
1261641866828632066
1261641883576668162
1261641914366988288
1261641939440463873
1261642007706918912
1261642605512851456
1261642821661896705
1261642854780338182
1261643212537683968
1261643236965257216
1261643243902472196
1261643525151690752
1261643719197036544
1261643730961883138
1261643924235603968
1261644077637922816
1261644189583978496
1261644400553275392
1261644677054443520
1261645228487790592
1261645290093699076
1261645330921123840
1261645654532784129
1261645713525673984
1261645923861450752
1261646211032981509
1261646569608110080
1261647013491486720
1261647229774786561
1261647295700856832
1261647588954116097
1261648229701169152
1261648912215138304
1261649209528377344
1261649280605044736
1261649450923102210
1261649455444623368
1261649507009417222
1261649559652126720
1261649697392988160
1261649754381078528
1261650541786079232
1261650600812478464
1261650640771723265
1261651050852802561
1261651216733401088
1261651267757244416
1261651646045655041
1261651702274383873
1261651952879964160
1261652083947769856
1261652106475429892
1261652150632845313
1261652906488537094
1261652949987663873
1261652953603158020
1261653010444247040
1261653281685807104
1261653401923981312
1261654031669301249
1261654094839795715
1261654155539644416
1261654395533443073
1261654434297380864
1261654912171216900
1261655227532546048
1261655234251816963
1261655350626967553
1261655427621761031
1261655566495158274
1261656003940098048
1261656104150405125
1261656407461384192
1261657038712565760
1261657171789406211
1261657363334991872
1261657477621350400
1261657937199628289
1261658144104681472
1261658196504203265
1261658317761503233
1261658333284630530
1261658363475243009
1261658477635788803
1261658699975688192
1261659342727774208
1261659795456757761
1261659808073224193
1261660380985806848
1261660624070643713
1261661121611730946
1261661267749715970
1261661473845248001
1261661732251942921
1261661898992427009
1261662164261244929
1261662263867572226
1261662449868181508
1261662572291469312
1261662709130682374
1261662728328032256
1261662897354108928
1261663262287912960
1261663672704946177
1261663897532186624
1261663922400223233
1261663983368458242
1261664161337085960
1261664365142573057
1261664615370420225
1261664954828152833
1261664983580053504
1261665070779596805
1261665350330048515
1261665656505843712
1261666059771432961
1261666076905136130
1261666453423603714
1261666603806138368
1261666869037203456
1261666954563031040
1261667338384027652
1261667529258401793
1261667724654075905
1261668029701787648
1261668547039821824
1261669037697904640
1261669070610599936
1261669166936981506
1261669206644477955
1261669335724105732
1261669606139273218
1261670012206579712
1261670037984870400
1261670534359724032
1261670704505851904
1261670884852580352
1261671390765215744
1261671741077757953
1261671784778289153
1261671911039303680
1261672225763188739
1261672747467448321
1261672857282756608
1261672876593291265
1261672960571650048
1261672962782121987
1261673107036790789
1261673627545722880
1261673977027727360
1261673994521964544
1261674256544550913
1261674365462155267
1261674409871507459
1261675028434817024
1261675335420084224
1261675345410916361
1261675365849878528
1261675429301227526
1261675615004082183
1261675947545296897
1261676816361816070
1261676870275391490
1261676912222408704
1261677008972546048
1261678650308558848
1261678856664162305
1261679042102788097
1261679216497737737
1261679439500529664
1261679507880267778
1261679801636655105
1261680161801502721
1261680211176931331
1261680309638172672
1261680426575429634
1261681197534646275
1261681274919452679
1261681452946731008
1261681471246553089
1261681484072714246
1261681669079171074
1261682670154719232
1261682674776842240
1261682811704160256
1261683193733931009
1261683463385579520
1261683943839072257
1261684165898113026
1261684230901424128
1261684512229961729
1261684660721135618
1261685015181737986
1261685487976185857
1261685970983882753
1261686007054942210
1261686030488481794
1261686140995883013
1261686353403637760
1261686649244856326
1261686855562493952
1261686889276493824
1261687176137510914
1261687305116561414
1261687806751014913
1261687816624287744
1261687972392341505
1261688421032042497
1261688561763377152
1261688818647924736
1261689112643416065
1261689115688476672
1261689459046670336
1261689594204098562
1261689865613312006
1261690302689087489
1261690440237166592
1261690795838455808
1261690849982808065
1261691055499554818
1261691204816654341
1261691375919280129
1261691399549976581
1261691662172069889
1261691891592114176
1261692163525611520
1261692328177254403
1261692567407800323
1261692737289584641
1261692961911431170
1261693213376684033
1261693551043391497
1261693658811691010
1261694063163723779
1261694661460180993
1261694743580422144
1261695022560395265
1261695299086544897
1261695329868681219
1261695414782160898
1261695593099022336
1261695798728732672
1261695934821515265
1261695952504553472
1261696042401136642
1261696108780236802
1261696510091300871
1261696617234739202
1261696753885118464
1261697072027389952
1261697166751354880
1261697305918529538
1261697417189232645
1261697554426630144
1261697857494679553
1261698188613947394
1261698753934749696
1261699013948116992
1261699207515328512
1261699269377040386
1261699751734587392
1261699883976650752
1261700134607478784
1261700234683363329
1261700337246732288
1261700357446656001
1261700668605083648
1261701039532773378
1261701049582342146
1261701132637933568
1261701445017100293
1261701485202563074
1261701555063062530
1261702211672760320
1261702215112298498
1261702251011174400
1261702382829867010
1261702542301462530
1261702628234465280
1261702663776976897
1261702928559202308
1261703024722010121
1261703230276481025
1261703251386343429
1261703370672427013
1261703398329647113
1261703608594313216
1261703896600363010
1261703953668100099
1261704001327939586
1261704240659083264
1261704278835511296
1261704295575162885
1261704498898038789
1261704990508318721
1261705018861854721
1261705164030869504
1261705326648229889
1261705413831077889
1261705608190767105
1261705846779715589
1261705990187159552
1261706404412436482
1261706444765724672
1261706472473473024
1261706644783849474
1261706765202329607
1261707195147681792
1261707305994932228
1261707306804248576
1261707746056867841
1261707776843223040
1261707838679891973
1261708186517671939
1261708274598019078
1261708393892347904
1261708766367461376
1261708799615700992
1261708894394560518
1261708903479480321
1261708993589907457
1261709044437471232
1261709073893986305
1261709086338531329
1261709196418076676
1261709386256433152
1261709847923474438
1261709849672458244
1261709935584428032
1261710021940953088
1261710056242008065
1261710081428684800
1261710200878194691
1261710403735879680
1261710670141313025
1261711173277245440
1261711279963635714
1261711612706054144
1261712031322906624
1261712114676191233
1261712556537851904
1261712661508734977
1261712811375419393
1261713245938876418
1261713448934748161
1261713578094202881
1261714568495214594
1261714831943643138
1261714853993033728
1261714939124879361
1261715087653515266
1261715118196490241
1261715276061696001
1261715290360098817
1261715292037808129
1261715323608354819
1261716054880841728
1261716087563051010
1261716166596329473
1261716246653014019
1261716286536593409
1261716320636350473
1261716479780835329
1261716505617739777
1261716555395502081
1261716856882298880
1261717011253481472
1261717080098910208
1261717138450124805
1261717295262466049
1261717313365016576
1261717339378274305
1261717545368854532
1261717720489439240
1261717862131085315
1261718237420621825
1261718864020176897
1261719199849668608
1261719214165024769
1261719228928995328
1261719478901133317
1261719484747911168
1261719711202631682
1261720006821203968
1261720023778934784
1261720041697038342
1261720212690305026
1261720281439182849
1261720289903144961
1261720399953276928
1261720415640195080
1261720456282996747
1261720640341630976
1261721072929574918
1261721421493022722
1261721539256422400
1261721715492581376
1261721844182327303
1261721880689606660
1261721887849119745
1261721952231854087
1261722398115717121
1261722436283883520
1261722581209698305
1261722685056471040
1261723248976420865
1261723270073724929
1261723333684535298
1261723630980853760
1261723638774063106
1261723680368930818
1261724070464425986
1261724140664487936
1261724487101427716
1261725154352050179
1261725441750163458
1261725480488591360
1261725489229639681
1261725522805039105
1261725833854582785
1261726072384692224
1261726268694900736
1261726386630393857
1261726726394195971
1261726868115505152
1261727052236980224
1261727451195072514
1261727501098729473
1261727514097057792
1261728072539213826
1261728383836119042
1261728566032687106
1261728786820677632
1261728817170825216
1261729338203963396
1261729441761370114
1261729482525872128
1261729953822973954
1261730272518815747
1261730322900676613
1261730569811099649
1261730623510716418
1261730661376774144
1261730978101329921
1261731024343572482
1261731496328597504
1261731515135922178
1261731534219866112
1261731625307701250
1261731704902950913
1261731729355747330
1261731776742948867
1261731987418755075
1261732656292585472
1261732793064648704
1261732795484954629
1261732809682624513
1261733021721526274
1261733142299369472
1261733366422011906
1261733523028955136
1261733561360502784
1261733723734712321
1261733942421590016
1261734062617755652
1261734603439648773
1261735061629657088
1261735159012954113
1261735586647420928
1261735668696461312
1261735672123097090
1261735869888835592
1261735880542355457
1261735918974701570
1261736370017636353
1261736951939510272
1261736969081630720
1261737366018023424
1261737781342146561
1261738018228129794
1261738129708347393
1261738162050793472
1261738351360704512
1261738678193455105
1261738846024347650
1261738918418026496
1261739165596688390
1261739167312220160
1261739267564482561
1261739456022839298
1261739536347992065
1261739576441417728
1261739621920145414
1261739637086785536
1261739782041985029
1261740146589908999
1261740153757855744
1261740576300384256
1261740878642757632
1261740902260912128
1261740979788435458
1261741359410696193
1261741620610859008
1261741697207275528
1261741697207275528
1261741842028269570
1261742062342254593
1261742163316092931
1261742338247983113
1261742501028823040
1261742934527029249
1261743177347796993
1261743435742097408
1261743638884741120
1261743696040599552
1261744041323945984
1261744324313833475
1261744347365679109
1261744528580505600
1261744603780259840
1261744618821074944
1261744749326807045
1261744952263864320
1261745199056744448
1261745557061677060
1261745633456726019
1261745846439288834
1261746508237398016
1261746553326354438
1261746666618499072
1261746860034633728
1261746909506609155
1261747090541117441
1261747090646016002
1261747119574188037
1261747245411635204
1261747362889940992
1261747472680050691
1261747474898792450
1261747517101953026
1261747702154625025
1261747773520691202
1261747787416428545
1261747893129666560
1261748122860036099
1261748428096311297
1261748906351886342
1261748917617729538
1261749371319857152
1261749564584984576
1261749725725814794
1261749844856668160
1261749952109252610
1261750338991927298
1261750341072154626
1261750360970088448
1261750460345733122
1261750936227262464
1261751053961265152
1261751183498084352
1261751342693040135
1261751414096826369
1261751522494500870
1261751566270443528
1261751980684464129
1261752132363063296
1261753262711230467
1261753398786797568
1261753616177610753
1261753616634765312
1261753726705954822
1261753937029402630
1261753960366563335
1261754030411390976
1261754258577375232
1261754260435300352
1261754520616366081
1261754667404603393
1261755053632884738
1261755267793817602
1261755722586640384
1261755722741792768
1261755849686605824
1261755878690172928
1261755888723005441
1261755959514406913
1261756112845656065
1261756363551760385
1261756680385236993
1261756697099583488
1261757596748460032
1261757660606730242
1261757673751695362
1261758090141196291
1261758278343831553
1261758359751049216
1261758414646018049
1261758449349799937
1261758524218052609
1261759177032110082
1261759239212503040
1261759287573037057
1261759735843430400
1261759828529000448
1261759954437931010
1261760093986738181
1261760112928186370
1261760163968622594
1261760314468634626
1261760438531997702
1261760507389845505
1261760825234198545
1261760909728505856
1261761135646138369
1261761350562349056
1261761472742514695
1261761507940958208
1261761629722513408
1261761955158790144
1261762122675113987
1261762139183775744
1261762210579099648
1261762342754320384
1261762493149597696
1261762499982000131
1261762872679575558
1261763044729856000
1261763067962183681
1261763407939727360
1261763649020014592
1261763764824743941
1261764011944804352
1261764086720798720
1261764234863665153
1261764411699728387
1261764744454815750
1261764834141577219
1261765078053007361
1261765162500943874
1261765549333381125
1261765561077334018
1261765776731705344
1261766884862488576
1261767534107336704
1261767959208505349
1261768487363543043
1261768568900902913
1261768654242406401
1261768778834235393
1261768872627023874
1261768905661562882
1261769231848407040
1261769664411176961
1261770078879731730
1261770195355533314
1261770286464204802
1261770417124962304
1261770672856018947
1261770704023937024
1261770750085693440
1261770794104913920
1261771690398359553
1261771902705496064
1261772505431359488
1261772629507297281
1261772634490048513
1261772795865894919
1261772829768417285
1261772921841815552
1261773429486821378
1261773594998300672
1261773799613239298
1261773803186618368
1261773998029000709
1261774328560943104
1261774470097833990
1261775057577222144
1261775188762464267
1261775556137242625
1261775682713026560
1261775722097659905
1261775834878218240
1261775883934879744
1261775957041479687
1261776034959183881
1261776141108629510
1261776207357632514
1261776243948748800
1261776626288861184
1261777349202382848
1261777803260964867
1261778279331172357
1261778319621709824
1261778649142882304
1261778723801632770
1261778891011653637
1261779241353359360
1261779338086752257
1261779401722789893
1261779473927725057
1261779901897736194
1261780059247042563
1261780118055333891
1261780140457168904
1261780245495132160
1261780252625379334
1261780331243302914
1261780661981020161
1261780727861055491
1261780943443984384
1261781113070145536
1261781127125037056
1261781315264880641
1261781351721811970
1261781646447017984
1261781784754339840
1261781860646031361
1261781885664952320
1261781886134882304
1261782064996720645
1261782337701900288
1261782748982886403
1261783129183924225
1261783256283918339
1261783530360705025
1261783725098110976
1261783965880516609
1261784068275961858
1261784075674804224
1261784164518383617
1261784363357921280
1261784524167544835
1261784758738190337
1261785759142408192
1261786414951411713
1261786516185120770
1261786697567735825
1261787007556243458
1261787016271761408
1261787295612534789
1261787611905118208
1261787786300010498
1261788161874833408
1261788165163147265
1261788223203872770
1261788502221623299
1261788777304989697
1261788793780056064
1261789473844666369
1261789602261512193
1261790020068872195
1261790241276526593
1261790261505667072
1261790290198753280
1261790308918059010
1261790733373243400
1261790742890131457
1261790910683086848
1261791363911188481
1261791701896699904
1261791770414899200
1261791791474339840
1261791791872978944
1261791854141546496
1261791934538006531
1261792063328157697
1261792107527880715
1261792148191694849
1261792370133270531
1261792711020961792
1261792979649519617
1261793377550389248
1261793630353793026
1261793861057368065
1261793879734419456
1261794488583938048
1261794498784276480
1261794663658164224
1261794841081655301
1261795006236561410
1261795197840736258
1261796364268310528
1261796969590124545
1261796970965934082
1261796983238307840
1261797078981906433
1261797328798781441
1261797547892445186
1261797821214265346
1261797891967983617
1261797904488042497
1261798049682206720
1261798343535063040
1261798459058855945
1261799908367106049
1261799940680036353
1261799986112745474
1261800017213321216
1261800402930012162
1261800757956710402
1261801541897465856
1261801801210302466
1261801934606012423
1261802444591370243
1261802574669385729
1261802990832439297
1261803025615613953
1261803480668389377
1261803600822575107
1261803624327454720
1261804273802846209
1261804494129467392
1261804643887329286
1261804667102728192
1261804667677356035
1261805073153298434
1261805143512711168
1261805582417195008
1261805587647488000
1261805676315258883
1261806018356445185
1261806151341092864
1261806197470085120
1261806283121930242
1261806923755556864
1261806970622836736
1261807003623739392
1261807265700610049
1261807425809715202
1261807894363807745
1261808100610240512
1261808156352475137
1261808317749440530
1261808617587695617
1261808695081684995
1261808862564417537
1261809005338525698
1261809150146809858
1261809335727988744
1261809401637158914
1261809457601712128
1261809530918354946
1261810577019723777
1261811641831903236
1261811810744832003
1261811900515524608
1261812813099655169
1261813458473017344
1261813697187635201
1261813895636844544
1261814059617316864
1261814064243568640
1261814572991856644
1261814779410354179
1261815440701100032
1261815776987607041
1261816076360232961
1261816725881978881
1261817186890506240
1261817586305695744
1261817748801359872
1261817846562041856
1261817922579763201
1261819623776772096
1261819756769947650
1261820868059168768
1261820990293716994
1261821340354596864
1261821737441918984
1261821929931014144
1261822085980016641
1261822171833384960
1261822500385644545
1261822609932640256
1261822641301786630
1261822799536103425
1261822849473380356
1261823003299438592
1261823061344436224
1261823212700291073
1261823274767355904
1261823385283301376
1261823501675237392
1261823952395141120
1261823974406832128
1261824487797993474
1261824516562407425
1261825029031034883
1261825034760355840
1261825293234442244
1261825611695349760
1261825762451054592
1261825883104522250
1261826652880830464
1261826736825737221
1261827137914404875
1261827363115085827
1261827777847857159
1261827874824359936
1261828546487562240
1261828711520690176
1261828952852705280
1261829376146096129
1261829448875245569
1261829721417007104
1261830122937745409
1261830236804730881
1261830433832140814
1261831331014602752
1261831664839258113
1261832018008010753
1261832052686483458
1261832141777899520
1261832208873951232
1261832236686508032
1261833077082349568
1261833082358960128
1261833083487006721
1261833083810004992
1261833086704054272
1261833123446378497
1261833192194990080
1261833576489852939
1261833826512154625
1261834261071626242
1261834725783560195
1261835206530482176
1261835566011867136
1261835715542843393
1261835780500176898
1261836170008412162
1261836207006367744
1261836250799058945
1261836338543894529
1261836726588379136
1261837225408397314
1261837226108833793
1261837335425175553
1261837874506485766
1261838137594175492
1261838295694282754
1261838565517991937
1261838929222709248
1261839302864048129
1261839538424631297
1261839654485217280
1261840285211885568
1261840321681354754
1261840519694479360
1261841069953728512
1261841730942492684
1261841861829898243
1261842161177440263
1261842181909876736
1261842194400374785
1261842197068087298
1261842798392860672
1261842936452362241
1261843999779811330
1261844021741117440
1261845288580460548
1261845390166458368
1261845686322151431
1261846508460269569
1261846773368188929
1261847347207774208
1261847942689886209
1261847966870130688
1261848058150731781
1261848171078017025
1261848172193697793
1261848174106304514
1261848276602695682
1261848462695464965
1261848510326071296
1261848634687197190
1261848672855261185
1261848814396346371
1261849707086831619
1261849964554137606
1261850008661491712
1261850229135020032
1261850517614948352
1261850576683520004
1261850970864128007
1261851163596636160
1261852919969861633
1261852978870435840
1261853798420697088
1261854560286650374
1261854772161925122
1261854778218381313
1261854836779364353
1261855019244158978
1261855457796218884
1261856216789274628
1261856275509530624
1261856279632453632
1261856754125754369
1261856863630454785
1261856896203591685
1261857023676895234
1261857242271399936
1261858045295984641
1261858048039096325
1261858049201000456
1261858092230328320
1261858194449666049
1261858389585469452
1261858563561082880
1261858628857929729
1261859079032455170
1261859115120439297
1261859251053572096
1261859262978043904
1261859311585832960
1261859661072019456
1261859704705335296
1261859825069076480
1261860016224702466
1261860267853598720
1261860543884939265
1261861066226589697
1261861069045280768
1261861322943332352
1261862088349233159
1261862539316649984
1261862783970312192
1261862805147394050
1261862891424079872
1261862892669792256
1261863516685791232
1261864221538746368
1261864536023478278
1261864957294948352
1261865074035175424
1261865792083120131
1261865982517264385
1261867093491961856
1261867154502234114
1261867298043817992
1261867658317873155
1261867699002642432
1261867818406076416
1261867923997679619
1261868088527597568
1261869081541689346
1261869650050236418
1261869662645768192
1261870785838428165
1261870791341125634
1261870919758348288
1261871452963258368
1261872084646596609
1261872256558469126
1261872650248486913
1261873143716560896
1261873666062680064
1261874152501198848
1261874478331682818
1261874692496990208
1261875099616948224
1261875100929777665
1261876312748306438
1261876635965456384
1261876731759210498
1261876902589018114
1261876987468984320
1261877402944372736
1261877873641574400
1261877875088568321
1261878577324228608
1261878881272893441
1261879363777236993
1261880476333006849
1261880843976560640
1261881151968468992
1261881184797294594
