1262600475565674496
1262601154443259904
1262601761673457665
1262601796880609281
1262601828413378561
1262602164251353088
1262602367863787520
1262603005381283842
1262603484307865601
1262603741850722304
1262603753242398720
1262604276079132674
1262604369792565254
1262605197085417473
1262605510609637376
1262605557485244416
1262605761730969600
1262606025955344384
1262606057924227072
1262607116067627008
1262607666242826243
1262607668574851083
1262607840038043650
1262608810964705280
1262608812046872581
1262608985405952000
1262609027822911491
1262609626605944837
1262609690103386113
1262611097305169920
1262611926225387522
1262612151895719937
1262612304400715776
1262612456997744642
1262612599184785410
1262612903208910850
1262613893395951617
1262614140461420544
1262614586525696001
1262614614111641600
1262614933344342026
1262614960015912961
1262615045877325824
1262615370554204160
1262615417769594880
1262615743943905280
1262615845764825088
1262616733828870144
1262616735003185157
1262616738723586049
1262616739780546561
1262616740829163520
1262616741877694464
1262617163476750336
1262618067856764928
1262618693655281664
1262618749988827138
1262618876824739841
1262619089975083008
1262619310629031936
1262619578875740160
1262619593526427648
1262619690813267969
1262621218060087297
1262621602749075456
1262622107390918656
1262622248944402433
1262622779620253696
1262623050953920512
1262623450755104768
1262623531210174464
1262623532355215361
1262623533517037568
1262624125698412546
1262624739501064192
1262624915875696640
1262624916941139968
1262624916559392770
1262625215906971650
1262625326858997760
1262625922848452608
1262626338663473152
1262626461950767104
1262626531060469762
1262626558616846337
1262626879338622976
1262626896992485376
1262626911878029312
1262627624905572354
1262627837355253760
1262629045600124928
1262629110196637698
1262630111255420933
1262630583936659458
1262630920110182401
1262631456108457990
1262631457333239810
1262631992539168768
1262632096197152769
1262632852904017921
1262632857396056066
1262632907920703490
1262633170689802241
1262633346540036097
1262634112298426369
1262634587324284928
1262636010099355649
1262636025056239617
1262637114912636930
1262637574532796418
1262637772902412289
1262637878741315584
1262638492636545030
1262638644214579201
1262638647427231745
1262638648261873664
1262639109207666690
1262639124395196416
1262639195836817408
1262639305060691968
1262639334945153025
1262639725174681600
1262640206378909696
1262640358263009280
1262640407294480386
1262640531743506432
1262641977335721985
1262642258400043009
1262642597065117701
1262642821216919557
1262642988582240256
1262643837656334337
1262644343862636545
1262644598192685056
1262644835409936385
1262645146828656641
1262645520142565377
1262646351969636354
1262647058965524483
1262647501179494402
1262647836497379328
1262648616805715970
1262648678315155456
1262648774524100609
1262648825778298882
1262648977763295232
1262649211524468737
1262649805488238593
1262649809472827393
1262649873897144320
1262650025584128005
1262650272909647872
1262650485141467137
1262650779615268869
1262651381439246336
1262651576532955136
1262651719646957568
1262651842342694912
1262652312448897026
1262652974897205248
1262652978860785664
1262653078915907585
1262653234222632960
1262653236605059072
1262653796070469632
1262654301194854401
1262655240920117249
1262655245806530560
1262655249501675520
1262655260776161280
1262655311090987009
1262655321006317571
1262655496592535552
1262655647641935872
1262655675018215424
1262655848112812039
1262655857717805057
1262657504368037891
1262659213412773889
1262659521282891776
1262659529415602176
1262659913697734657
1262660554914750465
1262660653191438336
1262660817117499392
1262661198677508096
1262661659442569218
1262661797334695937
1262661819455492096
1262662657452257281
1262662722371665921
1262662911455002624
1262663400875794432
1262663570342494213
1262663706363736065
1262664099097239553
1262664250595688448
1262664393625665537
1262664568159055873
1262664604867366912
1262664782731259907
1262664972359929856
1262665035085524992
1262665043226886146
1262665373997871105
1262665538980872195
1262665789422702592
1262666191543263232
1262666324154736642
1262666602992087040
1262667028143452163
1262667793490739200
1262667952270094336
1262668568283529218
1262668604358746113
1262668703025385475
1262668706305331201
1262668708406677504
1262669260524044288
1262669655291781121
1262669825039572992
1262670055222976512
1262670152140808192
1262670213943709698
1262670348010639360
1262670825804771335
1262670888048234496
1262671162498338821
1262671850783436801
1262672194942889984
1262672223468507140
1262672360932544514
1262673013855510531
1262673052434927616
1262673181397127168
1262673199814324224
1262673218940416002
1262673357725630464
1262673485937156096
1262673810618224643
1262674135743967237
1262674296805240832
1262674356494368768
1262674484819103745
1262674817406255104
1262674826508095488
1262675596909273088
1262675596909273088
1262676936305840129
1262677012025503744
1262677610670235648
1262678148916760576
1262678150259015680
1262678629454135297
1262678884149059584
1262679406050529281
1262680120839548928
1262680672063442945
1262681057041752064
1262681468368826368
1262681595489562625
1262682138287263744
1262682185552674818
1262682222286397440
1262682866376417280
1262682926686392321
1262683155670208515
1262683330035748864
1262683342941630470
1262683394812440576
1262683442732568576
1262683513016516610
1262684113372233728
1262684690613522437
1262684698267942913
1262684947623694336
1262684979273834497
1262685151642955777
1262685700073365504
1262685725176332288
1262685883855187968
1262686696090537989
1262686904392265730
1262687396165898240
1262687832885338112
1262687897959960578
1262688586761199616
1262688605153132546
1262688824645152768
1262689181081513984
1262689566059712513
1262689946017714178
1262690357059485698
1262690485161861124
1262690568100085761
1262690766540935173
1262690968740007937
1262691850630000640
1262691965411475456
1262692054519427074
1262692109418590213
1262692320174051328
1262692452353232897
1262692858194247681
1262693064885374977
1262693624313073664
1262693726901735424
1262694479120588802
1262694918197108736
1262695112930451461
1262696170369044480
1262696384748191744
1262696439706202117
1262696571218604032
1262696593284911105
1262696615380426753
1262696672926134272
1262697393331585024
1262697444430790661
1262697477007966208
1262697808676749318
1262698081495195655
1262698401218433024
1262699231841783809
1262699409864749056
1262699577607675905
1262699730615877632
1262699755483934722
1262699803408031744
1262700202152071168
1262701046662664192
1262701055768514561
1262701303488081920
1262701344789614594
1262701405728538627
1262701506328920064
1262701969178873856
1262702182891057152
1262702472801521665
1262702561183883264
1262703473210114051
1262703584837349377
1262703970176425986
1262704097314123778
1262704222770024448
1262704713277100034
1262705080324591616
1262705609922809858
1262705611856392193
1262705661915410432
1262705794195361792
1262705839728742400
1262706099586727938
1262706403996774401
1262706688198610945
1262706701876097024
1262706739746668544
1262706767479308294
1262707424479391744
1262707628796493827
1262707898137919490
1262708065662533634
1262708830120615937
1262709101571854336
1262709268802940928
1262710120942837767
1262710138726686730
1262710256670572544
1262710485159497729
1262710558324858880
1262710958717202432
1262710965935759361
1262711492874571778
1262711943900672000
1262712567576788993
1262712689152921601
1262712783679950849
1262713129097707520
1262713225658982402
1262713245145554947
1262713246437396482
1262713246831669248
1262713247699841026
1262713562843103234
1262713572351594497
1262713757274451969
1262713845509959682
1262714251572989953
1262714290919714817
1262714349958893570
1262714497975762944
1262714754893664256
1262714781070483461
1262714865174618114
1262714918693769221
1262715017054449664
1262715043113623553
1262715046163107840
1262715618563813377
1262715643952054272
1262715842296451073
1262716177899376642
1262716198501838849
1262716272296460291
1262716695090585600
1262717101460070401
1262717194317836289
1262717214647414784
1262717411968471040
1262717417463128064
1262717432000462854
1262717492553637889
1262717580982304768
1262719136016338944
1262719268245962752
1262719374999326720
1262719870065676288
1262720503992770560
1262720505217454080
1262720608783069185
1262720793789620230
1262720831328837634
1262721274708733955
1262721372888936448
1262721705191055360
1262721718155726854
1262722364074229760
1262722404230377477
1262722657423933441
1262723570674757632
1262723679164735489
1262723795724439554
1262724589492285445
1262724661776957443
1262724761790091264
1262724798335070210
1262725221250936832
1262725587476656129
1262725696155246592
1262725767722606594
1262726016503554048
1262726166529609731
1262726232774492164
1262726357798334466
1262726530691739649
1262727236550942721
1262727740102492160
1262727894301700099
1262728090645561344
1262728093166231552
1262728094281953282
1262728099768098818
1262728264428249096
1262728435979350016
1262728832794181633
1262728906777530369
1262728939019145222
1262728985777246210
1262729030777868293
1262729232507121670
1262729245501075462
1262729250127269889
1262729674645549056
1262729802739380225
1262729845534056455
1262729874072047616
1262729910449209344
1262730336661843968
1262730373508841477
1262730585526677509
1262730646922899457
1262730670994001920
1262730741454188545
1262730746919178253
1262730751033905152
1262731398101848064
1262731425415118848
1262731461834260480
1262731563340529664
1262731571276242944
1262732297503010817
1262732400775200769
1262732525413306368
1262732809438986240
1262732889474699266
1262733402802806784
1262733404262580224
1262733559560916992
1262733614820790272
1262734174580092934
1262734440800882688
1262734696766726152
1262734757143732225
1262734852681580545
1262735374255874049
1262735409580331009
1262735661146279942
1262735695526887424
1262735781166116864
1262735863173263365
1262735918416486401
1262736002520453120
1262736003669712896
1262736262693367813
1262736664138600448
1262736784858836994
1262736836599910400
1262736857412046848
1262737027818123265
1262737285491146752
1262737360137175046
1262737474742292480
1262737569747546112
1262737659220201474
1262737659388018690
1262737661703229440
1262738048904806400
1262738080663994369
1262738171676131329
1262738379738841089
1262738468884615169
1262738539223175168
1262738664175460355
1262738831213617152
1262739040094339072
1262739525056389120
1262739990230040578
1262740321462390784
1262740715236462592
1262741810423582721
1262741857735327745
1262741895148519427
1262742048869777408
1262742294664536064
1262742692737368065
1262742751059169283
1262744171195977731
1262744179823702016
1262744314938920960
1262744395838746632
1262744751519875072
1262744772592062466
1262744930742530048
1262745299790880780
1262745366539038720
1262745515734691840
1262745619623407618
1262745694961463302
1262746212114952193
1262746375663452162
1262746849691099136
1262747175139684355
1262747447664668677
1262747639944077313
1262748326094503936
1262748659738800136
1262748995580915719
1262749137151221762
1262749377174532103
1262749661661556738
1262749741567238149
1262749807271047168
1262749909419081728
1262750177904885763
1262750868136312833
1262751059270750208
1262751087708135430
1262751469679206400
1262751701431287815
1262751717344440322
1262751734553653248
1262751739108712448
1262751915709882376
1262751922932510732
1262752031141326851
1262752202923241477
1262752246674030595
1262752650526785536
1262753299859562496
1262753429065134081
1262754022349406217
1262754163022159872
1262754233574518784
1262754455537070081
1262754481147543554
1262754763386445827
1262754977509806090
1262755027501723650
1262755773022482438
1262756047942414336
1262756416839757825
1262756609240952835
1262756845250199553
1262756909364305922
1262757073462296578
1262757499691601937
1262757932640292864
1262758160470687745
1262758223850827784
1262758337252192261
1262758578403684361
1262759090100396032
1262759132668420096
1262759300004327427
1262759497946157056
1262759994585300996
1262760111707000835
1262760220658294788
1262760366905278465
1262760421259280388
1262760437638029312
1262760558408773632
1262760711366696961
1262760766387572742
1262760804723630082
1262761005106335746
1262761391192072195
1262761695509835783
1262761829933203456
1262761883515392000
1262762067926401025
1262762458244018176
1262762631070388224
1262762802495672325
1262763278134136833
1262763524117475331
1262763709165907969
1262763725385318400
1262764059864076290
1262764170174435334
1262764671569813504
1262764938600251392
1262765017763586048
1262765323599720448
1262765424564895744
1262765656019099651
1262765987688001536
1262766247667736578
1262766306123673602
1262766535682035712
1262766848648441856
1262767462132486144
1262768206394998785
1262768218751537154
1262768297872953344
1262768473446498304
1262769352430010368
1262769531174350853
1262769584496619520
1262770196948889605
1262770197569482752
1262770459080372226
1262771123982385152
1262771178260889601
1262771306237493249
1262771376085139459
1262771393994739713
1262771930697994243
1262772590092967937
1262772771169480704
1262772982633705473
1262773252260315136
1262773540966797317
1262773930798002177
1262773997776834564
1262774090517053441
1262774139871428609
1262774292577730562
1262774423058362369
1262775041818873857
1262775043031011330
1262775059900399616
1262775377463738382
1262775720482353155
1262776048116281344
1262776899799056385
1262777270453833729
1262777429287936001
1262777797904302081
1262777931379511296
1262778572814667777
1262778997479522310
1262779478863945731
1262779483427405834
1262779914878701570
1262779991504420866
1262780615264518146
1262780615277101056
1262781195563253760
1262781461159129095
1262781825224601600
1262782068897001472
1262782454537924608
1262783559913390081
1262783996796289027
1262784358085275654
1262784382068121600
1262784717411287043
1262785086392590338
1262785128813780997
1262785459710803969
1262785704385486851
1262785713680023556
1262785822337560578
1262786156967723008
1262786300006019072
1262786365844004864
1262786396147929088
1262787005886455809
1262787163818790913
1262787344710557698
1262787355540246530
1262787717236092929
1262787923050725382
1262788028273250311
1262788514195767296
1262788649827131392
1262788710581407745
1262789536788164609
1262789599434166272
1262790195851735040
1262790480699576320
1262790746165383170
1262790774841802762
1262790837316005899
1262791010674860033
1262791245367250944
1262791554441175042
1262792172295917573
1262792610973917184
1262792713138778112
1262793655942656000
1262793660686462976
1262793711643172865
1262793768991932416
1262794285734416385
1262794583190233090
1262794663108509698
1262794932084850689
1262795278941409283
1262795406729191424
1262795821155844096
1262795895151747074
1262795916244893697
1262796268734218242
1262797091597881346
1262797134916653056
1262797238889299968
1262797248456466432
1262797285089579010
1262797436944171008
1262797462236008448
1262797632906371075
1262797652296515584
1262798258113396738
1262798386748706820
1262798556320202754
1262798759869722627
1262799516777893889
1262800318649307137
1262800517643853824
1262800733231034380
1262800799685660675
1262801109845970951
1262801268709482498
1262801504475525120
1262801666912456704
1262802000741269505
1262802061445533698
1262802442443542528
1262802461137481732
1262802487162990592
1262802792449794051
1262803438171238406
1262803579707981824
1262803873384861696
1262804357290037248
1262804547719835649
1262804612148584450
1262804712514035720
1262804758563155968
1262804977228984320
1262805249443737607
1262805258973126659
1262805280280268800
1262805517887553537
1262805840228204552
1262806196882485250
1262806239261495296
1262806927966380034
1262807217033576449
1262807275166666754
1262807749672435713
1262807922419085314
1262808322006278144
1262808324069875712
1262808696813428737
1262808876505841665
1262809049483132933
1262809056789573632
1262809128155545600
1262809224800866304
1262809234347044864
1262809297987264512
1262810267085418496
1262810581427466240
1262810857953771520
1262811253560479746
1262811452307636225
1262811503733821441
1262811745262985219
1262812147836489728
1262812261254643712
1262812299322175491
1262812459729027074
1262812733982072835
1262813156713402371
1262813597790605312
1262814001123246080
1262814058723586049
1262814223010271233
1262814238923386885
1262814342560518145
1262814415109230593
1262814514829045760
1262814871357476865
1262815259355537408
1262815286538858497
1262815495759134720
1262816052670427136
1262816276872921088
1262816280425517057
1262816560328003586
1262816600035647491
1262816653211041792
1262817411063074818
1262817611064082432
1262817735047815168
1262817772909854721
1262817879239675920
1262818133481533440
1262818173386014721
1262818268504621058
1262818579684093953
1262818849998680064
1262819611952775170
1262819732408975360
1262820169220591617
1262820248685772806
1262820787360198657
1262821148212867072
1262821164646379523
1262821469169516550
1262821854550638593
1262821901426098182
1262822151851311111
1262822158440546308
1262822296747520001
1262822397415174145
1262822440352264194
1262822835342290945
1262822858734043138
1262822981996285954
1262823305347809281
1262823880055500801
1262824137845850114
1262824152588857344
1262825110463033344
1262825500365541376
1262825960149139456
1262825962594590722
1262826058749001728
1262826086171209728
1262826186486566912
1262826369039228928
1262826371111202818
1262826383975354368
1262826507820400640
1262826682764984320
1262826920485490689
1262826974592086017
1262826989477662721
1262827773988605952
1262828003706503169
1262828758022545408
1262828867535978496
1262828900893306888
1262829176769429504
1262829296864956417
1262829581247164417
1262829643238789121
1262829652818694144
1262830205267214340
1262830255649292292
1262830339346575362
1262830382409531392
1262830391460630529
1262830798580797440
1262830810635423749
1262831638112804864
1262831690680066053
1262831858263474177
1262832293409894400
1262832438956490755
1262833111877861376
1262833208355364865
1262833269122490368
1262833547846365184
1262833567064829954
1262833883902509058
1262834178523004929
1262834622314024962
1262835229418573824
1262835358707798017
1262835632453357579
1262835705220341761
1262835725390643200
1262835888230449160
1262835944559988736
1262836163817111556
1262836392058634240
1262836464670445571
1262836681117511681
1262836668157104133
1262837083929968643
1262837113487273984
1262837753630330886
1262837943929987074
1262837970438098949
1262837992068087809
1262838176122580999
1262838209920327688
1262838408600313858
1262838615790551040
1262838958184161281
1262839002899648519
1262839184156291072
1262839232214818816
1262839257795719169
1262839616597442560
1262839721010528256
1262839977370664960
1262840095628906496
1262840225891528706
1262840481668571141
1262840494444425216
1262840500895219715
1262840512148635651
1262840515810246656
1262840784279293954
1262840985014480901
1262841409125650436
1262841445540458496
1262842364990758914
1262843447125426179
1262843618114461696
1262843979521024004
1262844179509583873
1262844323835633667
1262844538323898368
1262844742414499840
1262844977517715456
1262845057759051776
1262845192882868231
1262845268510289922
1262845309996142595
1262845392821137409
1262846129730990082
1262846178858881029
1262846247058264066
1262846422900183046
1262846593423888384
1262846640479547392
1262846968096841734
1262847050254860288
1262847074384728064
1262847223223717889
1262847712879431689
1262847963270914050
1262848442105282563
1262848590407442434
1262848674725392384
1262848834335637511
1262848943844544512
1262849239014662151
1262849517721919489
1262849733648945152
1262849824359055360
1262849887453843456
1262850015229345797
1262850148507549698
1262850475998818309
1262850481208033288
1262850526640779267
1262850630793728000
1262850697067986944
1262850791771181063
1262850937720377345
1262851119656718336
1262851191186378755
1262851292243931140
1262851950196011008
1262852330761916417
1262852458306560000
1262852504653627398
1262852674443030535
1262853221825105920
1262853381875552258
1262853527841443840
1262853606941712384
1262853648381550597
1262853801817640960
1262853812815101952
1262853924307873794
1262854332904546305
1262854493739249670
1262854505118478339
1262854748694290432
1262854797197180930
1262854936385081347
1262855029368725505
1262855085924610048
1262855180741156865
1262855183681404929
1262855435079442432
1262855519569612801
1262855889129799686
1262856063793147905
1262856251370811395
1262856441653637120
1262856785146281986
1262856925248737280
1262856956961751040
1262857019813486592
1262857199572877314
1262857495241822209
1262857559997743105
1262858281845997571
1262858774374744066
1262858962220789762
1262859460516577280
1262859534114136065
1262859535401836544
1262859592331075587
1262860211079045121
1262860375743217664
1262860697194487809
1262860890430464000
1262861230307508231
1262861536055492610
1262861676140826624
1262861790322573314
1262861801206792200
1262862115834134528
1262862256179724289
1262862423729606656
1262862671445139456
1262862707277119489
1262863115865124864
1262863338985254912
1262863887550070786
1262863891404591104
1262863963286577154
1262864135395606529
1262864219407634434
1262864318011408384
1262864529261834240
1262865058603741184
1262865244663226368
1262865388783755266
1262865461169004545
1262865784528928768
1262865885737422855
1262865957258702854
1262866002469023745
1262866294732394496
1262866395403939840
1262866892881932289
1262867003091701767
1262867087657033730
1262867326392664065
1262867353840173056
1262867515002302465
1262868156130840576
1262868618599116803
1262869008082104326
1262869020673314817
1262869284444934144
1262869496160804865
1262869586208325634
1262869811350196224
1262870151957020673
1262870358899777536
1262870951516975105
1262871003677458434
1262871013471195136
1262871141691121665
1262871635478089728
1262871658328657921
1262871806957977600
1262871865627942912
1262871880291299333
1262872005898100738
1262872012613136385
1262872053016866816
1262872068850360323
1262872292939501570
1262872722289438721
1262872875939229696
1262873406447353861
1262873477939249152
1262874665623662592
1262875216105164800
1262875988205211651
1262876052583579650
1262876445032005633
1262876499432165378
1262877082478051329
1262877385864724481
1262877455842447360
1262877639074820096
1262878024225230849
1262878154970083328
1262878220157845505
1262878293784694784
1262878987577102341
1262879073732157440
1262879337797189632
1262879824793796614
1262880282568527878
1262880658201825280
1262880680926724096
1262880853526380544
1262880878180663297
1262881733613060099
1262882127974141952
1262882455922475008
1262883408738312192
1262883677735923712
1262883962419986432
1262884722469978116
1262884769840463873
1262885030826737665
1262885304136065024
1262885546042568704
1262885704310435840
1262886142568878080
1262886252975722496
1262886797933248512
1262887525649051648
1262887798065049600
1262887903039877120
1262888048565633025
1262888416720621569
1262888523306340355
1262888783403507713
1262888962055602176
1262889182336299010
1262889227429318656
1262889462893248515
1262889774299451392
1262889827218980864
1262890192786112512
1262890377972985859
1262890624530997252
1262890721977135104
1262891362002878465
1262891754073792519
1262891834931642368
1262892058328526850
1262892264872980487
1262892321206665222
1262892389825470466
1262892833146654731
1262892972892467204
1262893402372427782
1262893554751418368
1262893672430858241
1262893837778915329
1262894311596851202
1262894313630924805
1262894595039346688
1262895021629616128
1262895221324513280
1262895378434789376
1262895433682227201
1262896141034835968
1262896262627688449
1262896642241499139
1262896698373935106
1262896875579064323
1262896955979476992
1262896958450122752
1262897093582209032
1262897204471177218
1262897266022637572
1262897502975647745
1262897687407591430
1262898043675987968
1262898934063804418
1262899596193419267
1262899626799235073
1262899846836518912
1262900298894508032
1262900572316893186
1262900628705153024
1262900837451534338
1262901064686342145
1262901492484321280
1262901661753843721
1262901871401791489
1262902358637531141
1262903406253006850
1262903669802053638
1262904014867488769
1262904378781954049
1262905180531625985
1262905500284395524
1262906303132860416
1262906476596736008
1262907202920161281
1262907305277915142
1262907475952644101
1262907566406938634
1262907785311911937
1262908293904773121
1262908717722468354
1262908946853093382
1262909107713040384
1262909403168215044
1262909662514593792
1262909899442475008
1262910647685337089
1262910672087597056
1262910674646167552
1262910723128283139
1262910930276540425
1262910960966094848
1262911305645613056
1262911306337849349
1262911551025156101
1262911806202413059
1262912061752832000
1262912789837996040
1262913046256762881
1262913462964899840
1262913966709317633
1262914245055983617
1262914261363445760
1262914307177746432
1262914466913583105
1262914707100401664
1262914730638946304
1262914873094258689
1262914885987557382
1262915094851264514
1262915190695354368
1262915192045948929
1262915256680165380
1262915443465105410
1262915486699773952
1262915712202530824
1262915784013156352
1262915922332987393
1262916086745399296
1262916164314898432
1262916306749308930
1262916575767732224
1262916584915365889
1262916895520555009
1262917050789507072
1262917090194776064
1262917436153778177
1262918203761704960
1262918495232294920
1262919456268988422
1262919638280593408
1262920256902873089
1262920306743742465
1262920309805547522
1262920612382638081
1262920613829791749
1262920616396550145
1262920623434731522
1262921442380972033
1262922007173267457
1262922186890887169
1262922390717243396
1262922528328220673
1262922706787450888
1262922958579871746
1262923565189533696
1262923678746120192
1262923884048732160
1262924515560038400
1262924605527928837
1262925121595019267
1262925362096414721
1262925895741829120
1262925898048851968
1262926297455616003
1262926570366394371
1262927030309605376
1262927084512518150
1262927128674344961
1262927666757472258
1262928080768847873
1262928152810135554
1262928286214217733
1262928724305027073
1262928967486582784
1262929750412210176
1262929805110054913
1262930301254279170
1262930392069427200
1262931134331011072
1262931737530728454
1262932703462203395
1262932961290104832
1262934061066211334
1262934962648596480
1262935042868862977
1262935116860489728
1262936457401991170
1262936775825244161
1262937350679691271
1262937370137157639
1262937901853261826
1262938142975447040
1262940240739786753
1262940873060347905
1262941139780472839
1262941342054912000
1262941451161341953
1262941631445192711
1262942352223633412
1262942488261771265
1262942684974583809
1262942868135571459
1262942868135571459
1262943171345920000
1262943301226897416
1262943901901639686
1262944284833128449
1262945251058167812
1262945404682940418
1262945826206216192
1262946443364577280
1262946490466664455
1262946657697624064
1262947091061628928
1262947118240669696
1262947157197361153
1262947361363460099
1262947655375826945
1262947795578781701
1262948765016653824
1262949075873398784
1262949699369213954
1262950046431154177
1262950197056995328
1262951206667812866
1262951368337260545
1262952563831341061
1262952787723288576
1262952941696233473
1262952954061094912
1262954734954127368
1262955300585340935
1262955314325999617
1262955617045696514
1262955844058189828
1262955982772207624
1262956349656166400
1262956987274481664
1262957416683110400
1262957789644808196
1262957875758075904
1262958529075392516
1262959833889865730
1262959903003627521
1262959906229047299
1262960309477793792
1262960811930267648
1262961129145249792
1262961130453917696
1262961131628269568
1262961132643299328
1262961292576522240
