1262237848071274497
1262238048496037889
1262238050190491649
1262238632636801025
1262239438626750464
1262240430705557504
1262240616882360320
1262240758670610434
1262241914977423360
1262242750466011141
1262242767951912960
1262242849451638790
1262243254604570624
1262244060728832000
1262244516142166016
1262244702247682048
1262244865397723137
1262245138740449287
1262245425127600128
1262245536238833664
1262245626089218048
1262245646758789120
1262246039865536512
1262246154538008579
1262246575973285888
1262246579966300165
1262247173250572289
1262247179911127050
1262247425596461056
1262247427681075202
1262247497642078208
1262247805059399686
1262247831282298880
1262247947552555008
1262248069816446981
1262248756461830145
1262249440720457729
1262249555443269632
1262249598028046336
1262249621579083778
1262249833378779143
1262250321092329472
1262250334942101506
1262250933024686082
1262251589420580867
1262252113326981120
1262252355648737282
1262252592803057664
1262252854221430785
1262253504803950593
1262253619837054977
1262254455682142209
1262254515602042880
1262254897061298176
1262255315699073026
1262255850200141826
1262255884601823235
1262256207257051137
1262256501328097281
1262257245972094977
1262257867907665921
1262257883665895424
1262259010360795142
1262259238409297920
1262259439853240322
1262260281503297536
1262261328753963008
1262261584727994373
1262261926362361856
1262262369343819777
1262262427200172033
1262262459525672961
1262262679139495939
1262263120128589824
1262263412962123777
1262263415436800002
1262263778927882240
1262263871592685568
1262263908192014336
1262265425435545607
1262266375940210689
1262266396345544704
1262267410750504960
1262267950515597312
1262268626561830912
1262268701656494081
1262268815267770368
1262269111456788482
1262269207842107393
1262269665922998273
1262269933339238400
1262270207231311873
1262270209181679616
1262270334465687554
1262271443364204546
1262272339074363393
1262272379205476354
1262272502467661824
1262272981524533250
1262272990068252674
1262274169728884736
1262274376084254720
1262274393511809024
1262274575649443845
1262274580225372161
1262275503731376128
1262275560237121539
1262275594303094791
1262275823891091458
1262275913380696066
1262276117664346112
1262276583911575554
1262276770558021638
1262276800354439169
1262276976188035072
1262277050330746886
1262277282288336896
1262277832241225728
1262278016010465281
1262278130141499393
1262278203298676742
1262278602374221828
1262278755415965698
1262279267859042305
1262279422125596673
1262279442350641152
1262279492908707841
1262279521753083904
1262279592246640641
1262279645921247233
1262280027518849024
1262280673257304065
1262280822620553218
1262281128720900096
1262281227882696704
1262281569206710274
1262281877219655681
1262281886866509825
1262281908618244096
1262282070132510721
1262282428061802497
1262282606810468354
1262282897018572800
1262282922473795585
1262282980179001344
1262283050270035968
1262283206654640129
1262283622750523393
1262283711699189761
1262283935737950209
1262284492430925825
1262284810489335808
1262285131517177856
1262285679846776837
1262286327829200897
1262286485765619714
1262286560885526528
1262286787629641729
1262287319823863808
1262287606689206272
1262287751845724163
1262287833819222017
1262287877297311745
1262288139080564736
1262288321855848454
1262289307944902656
1262289540586311680
1262289638514921472
1262290036801900545
1262290281996513280
1262290404487110656
1262290602303074309
1262290974740529155
1262291333592604672
1262291619572846592
1262291694009057281
1262291926193262592
1262292251931283456
1262292587450417152
1262292604835725313
1262292724436221956
1262292843416207360
1262293012660527107
1262293351493181441
1262293666913280000
1262293874002796545
1262293983595606016
1262293984635842560
1262294257106206721
1262294379693301761
1262294565521887233
1262295172764876800
1262295200485031937
1262295202892353536
1262295636902371330
1262295736777166849
1262296549004136448
1262297191701512192
1262297208495517697
1262297213780103169
1262297313659125760
1262297727469314049
1262298079761399808
1262298424092749824
1262298774950608896
1262298905166962693
1262299030660567043
1262300323194048512
1262300433948848128
1262302289231896578
1262302429036642304
1262302566320349184
1262302574721589249
1262302702211600384
1262303029111541760
1262303182312669184
1262303439482163200
1262304804577173505
1262304947254824961
1262305465985310720
1262305696126849025
1262305923126530051
1262305950876217351
1262306133114605569
1262306317114372097
1262306530084499457
1262306960080330753
1262307008453246978
1262307024827809793
1262307052606631936
1262308104873672704
1262308620638851072
1262308979293720579
1262309212782129152
1262309347973042177
1262309854926045184
1262310138364473344
1262310499749937155
1262310725197783040
1262310738917576704
1262310747217920000
1262311180611334144
1262311639790960649
1262311705905737730
1262312567038509056
1262312996895952896
1262313234134183936
1262313470357311488
1262313564028768259
1262313700607787008
1262313802537807872
1262313824222416897
1262314044431745024
1262314285503479810
1262314854293086208
1262315297236803584
1262315602116567040
1262316191617613825
1262316655461281794
1262317250327044101
1262318274102153220
1262318291445571585
1262318498979753988
1262318868787322882
1262319037213741056
1262319496079032321
1262319570498576384
1262319696772304902
1262320033189040128
1262320044375191556
1262322024644517888
1262323365601325056
1262323567586402304
1262323758053892096
1262323930900992000
1262323932822028289
1262323935552495616
1262324176708239361
1262324433362051074
1262324470343237633
1262324884962754561
1262325661252935680
1262325679632158720
1262326119262351360
1262326310338211841
1262327798892462080
1262328179148062720
1262328602525229058
1262328613464084482
1262329649834741766
1262329815811543040
1262329937735925760
1262329974507347968
1262329981868232704
1262330110130163713
1262330553992437760
1262330607335469056
1262331118495453189
1262331182999535618
1262331773217800192
1262332124167897089
1262332274391027713
1262332598958858240
1262332698569379846
1262333130519851012
1262333186408923137
1262333587812167681
1262333632934326272
1262334137249214464
1262334860733095936
1262335283573469184
1262335578416316417
1262335710260068352
1262335780548227072
1262335893429460992
1262336149617553408
1262336855128920064
1262336902402904064
1262336904294477824
1262337037442703360
1262337056178659328
1262337150361600000
1262337522761297925
1262337978938122241
1262338382748962816
1262338431927177216
1262338501892243456
1262338625540415488
1262338635082403840
1262339115716091909
1262339156828581888
1262339235182374914
1262339239011930113
1262339408738619392
1262339828882038784
1262339970917904384
1262340339890872320
1262340455909462016
1262340880209530883
1262340889608937474
1262341089828188160
1262341369722527744
1262341552963088384
1262341619065540608
1262341799344959488
1262341868182011904
1262342176333152256
1262342615401455618
1262342666286780416
1262342695151902722
1262342975461494786
1262345500893863937
1262345509634744322
1262345715214409728
1262345843652337666
1262346721763504128
1262347285276565505
1262347702332866562
1262347726873866240
1262347831366479878
1262348357730627584
1262348396385484800
1262348732948975625
1262348768709619717
1262349033558999041
1262349896243245057
1262350248439156736
1262350326369259522
1262350420862808064
1262350896492695552
1262350996396748800
1262351168669454337
1262351678969430021
1262351776113725440
1262352311604690944
1262352462247231489
1262353343453765632
1262353513394380802
1262353596756131841
1262354017725841409
1262354129986314240
1262354934005186560
1262355666766835712
1262356065485819905
1262356154287620098
1262356250555232258
1262356599735300097
1262356622254448641
1262356742329024518
1262356782262784000
1262357285629812736
1262358068328882178
1262358076289691649
1262358467773435905
1262358619468808193
1262358625655414784
1262358937015328769
1262359480311955456
1262359633361924096
1262359778619088897
1262359796482801664
1262359806217781254
1262359977815146497
1262360048195387392
1262360117451898881
1262360259827556352
1262360324121993216
1262360479558701056
1262360699164143616
1262360711675731968
1262360909269303297
1262361364141682688
1262361499428937729
1262361522510036994
1262362030377492482
1262362061385826305
1262362421370531841
1262362633434550273
1262363035173355521
1262363333136732161
1262363597675606016
1262363624519143424
1262363749966467072
1262363904761409536
1262363925800120320
1262364230449160199
1262364231351050240
1262364480211542021
1262364740149379073
1262364964687433730
1262365098636705793
1262365392917467143
1262365847210917890
1262366207463702532
1262366558367735809
1262366692715487234
1262366759673229312
1262366830544510976
1262367166197837824
1262367436202029056
1262367557580918785
1262367823738867713
1262367833435992065
1262367917330649088
1262368769067941889
1262368899632422914
1262368982226485250
1262369331356356611
1262369559203454976
1262369872589344768
1262369915530608640
1262370030739763201
1262370279906574337
1262370474480320514
1262370592138899461
1262371135095820289
1262371205966729217
1262371223046164486
1262371303941705729
1262371388259807233
1262371424024637441
1262371444400558085
1262371634582679552
1262371639171248129
1262371651439808512
1262371690786537473
1262371703398838278
1262371878561296385
1262372001836085249
1262372112532213761
1262372287262732288
1262372481895141387
1262372868739993601
1262372892177727488
1262373228195897344
1262373253441630208
1262373302271717376
1262373399344676864
1262373730761785345
1262373924907683840
1262373974341812224
1262374061402984449
1262374139676856320
1262374330316414976
1262374360796606464
1262374728846671876
1262375142556041216
1262375313440473096
1262375707621167108
1262375795671986176
1262376227865677824
1262376549111693316
1262376807149551617
1262377037588598784
1262377387242729473
1262377552636764160
1262377653589417990
1262377719985209344
1262377808074018817
1262377985421778948
1262378339387441156
1262378516496224257
1262378693558747138
1262378693298618368
1262378819803103234
1262378931052822533
1262379192810946569
1262379292840820738
1262379321601282054
1262379423648661514
1262380005788614660
1262380148046905347
1262380299746521088
1262380333380575241
1262380933182894081
1262381175793909772
1262381206223687682
1262381365309423617
1262381481344843776
1262381802477563912
1262382140710432771
1262382531867021312
1262382896909778949
1262382995329167371
1262383592371601410
1262383660210229249
1262383718150348801
1262383805245030400
1262383892805402625
1262384036938383360
1262384231050862592
1262384468507201536
1262384813077651469
1262385978397818889
1262386218282684417
1262386240617435137
1262386482653868034
1262386602548101121
1262386846681743363
1262386862636875789
1262387003015999488
1262387232905846789
1262387367916253184
1262387524040830985
1262387582488449027
1262387623974371329
1262387718484615171
1262387862466629633
1262387949704003584
1262388031362908160
1262388495923978244
1262388746625978370
1262389232359936005
1262389363238977549
1262389501265141760
1262389863204208642
1262390507826806787
1262390579956154369
1262390595177320455
1262390721493061636
1262390945733054465
1262391488513822727
1262391489138765824
1262391736736919555
1262392525404372992
1262392876564123648
1262392941848465409
1262392957921103873
1262393023905902597
1262393303066165248
1262393365150281730
1262393431667748869
1262394202459119623
1262394325964644356
1262394804903841795
1262395002153549824
1262395142440353803
1262395151651135490
1262395203668885510
1262396071663321090
1262396204958310401
1262396288668180484
1262396292828979202
1262396384650592257
1262396537256148998
1262396540775206917
1262396640620687363
1262396871445790722
1262397315316437000
1262397852443193346
1262398127069429760
1262398174804750342
1262398176285339653
1262398368854261760
1262398410570825730
1262398821960749057
1262398829367898119
1262399592961900552
1262399614243782658
1262399806338560000
1262399819923861505
1262399915734548481
1262399929537966081
1262400143090954244
1262400143447425026
1262400512495767553
1262401186499645442
1262401363285336066
1262401754332790784
1262402032578842624
1262403056572018689
1262403149672976385
1262403203267563521
1262403314962116609
1262403459879485440
1262403674623672320
1262403817758490625
1262404225948147716
1262404463374917634
1262404682850406401
1262404772583419904
1262404822248062976
1262404855995473921
1262404983225548803
1262405432829792258
1262405670340526080
1262406472476119042
1262406498052964354
1262406836520697862
1262406878023254017
1262406887477297152
1262407117635534854
1262407231913558017
1262407538131132417
1262408345690017792
1262408630978187267
1262408644898979842
1262408724410511360
1262408907915476995
1262409001301573633
1262409295838281729
1262409841001197568
1262409852019789824
1262410205846999040
1262410531274719232
1262410679748833280
1262410716532875266
1262410925241446400
1262411031407726594
1262411111443435520
1262411240728604674
1262411586016182272
1262412054230528000
1262412923017629697
1262413127653736449
1262413514838282240
1262413536560586752
1262413673592586240
1262413923816439810
1262415686204301313
1262415711386861569
1262416327362437122
1262416487328841728
1262416819832446981
1262417176222470144
1262417384654213123
1262417398151421952
1262417403184635906
1262417472646451203
1262417499666165761
1262418071328874499
1262418151423324160
1262418271715889155
1262418507121266692
1262418748209848321
1262419163865325575
1262419398457020416
1262419570989678594
1262419573967663114
1262419629714149377
1262419630683029504
1262419631719043073
1262419634684387329
1262419635347034113
1262419708474785795
1262419921922920453
1262419984912973824
1262420031582793728
1262420497020489737
1262420803368468481
1262421352864153608
1262421503645306881
1262421679327805444
1262421723959496705
1262421775771729921
1262421948061159425
1262422262910717952
1262422489382227971
1262422549587283971
1262422736284135426
1262422757326782464
1262422988420345856
1262423262379806722
1262423265504616448
1262423305690234881
1262423504282140673
1262423689594839041
1262424411585609729
1262424453452947456
1262424598555000833
1262425002667675671
1262425258428108800
1262425422425468937
1262425740966080514
1262426315204038665
1262426416110583808
1262427222448758784
1262427654789255168
1262427728105443335
1262427770019348482
1262427838403182592
1262427984994205696
1262428413500854279
1262428598448914437
1262428892532477956
1262428950065807360
1262429000821071873
1262429136817131526
1262429617232715777
1262429786598711297
1262429923878338561
1262430126815367168
1262430130359672834
1262430542378799105
1262430642639273990
1262431109314461696
1262431125932322816
1262431571111563264
1262431756457775109
1262431931347505168
1262431934342402048
1262431990072172544
1262432148616708096
1262432266581467136
1262432284088598531
1262432402196049920
1262432443111530500
1262432720774238211
1262432937540063235
1262433129689747465
1262433776820523009
1262433916344045569
1262434161731571712
1262434178450313219
1262434951225577472
1262435111489986568
1262435302645399552
1262435484137140232
1262435550457294848
1262435612759592960
1262435667625119750
1262435798135255041
1262436091581341702
1262436260142092288
1262436581731971075
1262436896719994887
1262437018040238082
1262437178774360064
1262437906397962240
1262437995254251521
1262438023238758403
1262438097347915776
1262438108836040705
1262438118902435843
1262438122601709568
1262438172149022727
1262438687629103106
1262439426304565248
1262439698942898179
1262439958985482246
1262440058721796098
1262440419331375105
1262440655512428544
1262441335811948548
1262441535037005829
1262441696278622209
1262442187385704449
1262442234546446341
1262442611782057986
1262442748206026755
1262442945413885952
1262442953039118347
1262442995057602560
1262443484054618113
1262443704268263424
1262443951803547657
1262444110398586880
1262444185128443906
1262444258390429703
1262444304288505856
1262444581158891521
1262444895995904001
1262444993920172032
1262445006083756033
1262445567940198407
1262446078919684100
1262446114831302660
1262446230828912641
1262446331823640576
1262446489227464706
1262446656689188872
1262446780022652935
1262446863963152384
1262447332420976640
1262447400632844289
1262448327586504705
1262448582550003712
1262448755288178688
1262448768068145152
1262448913274945536
1262449156586700804
1262449329312276485
1262449511365922816
1262449937389772801
1262449975436480515
1262450192198053892
1262450345554345986
1262451283031658496
1262451402653253639
1262451405362655232
1262452412117331970
1262452522427527168
1262452576043352066
1262452610335981570
1262452703373987842
1262452793106980866
1262453063765221376
1262453239145996288
1262453766512685066
1262453816902983683
1262454542429347841
1262454582090686465
1262454879274045440
1262455160124694529
1262455193683193856
1262455194115244033
1262455216118661120
1262455759876567041
1262455864612597765
1262455891464531969
1262456528667369481
1262456552843141123
1262456615195852800
1262457080352473088
1262457324540702728
1262457484641533955
1262457570222096384
1262457820261179393
1262457926855385094
1262457942022000640
1262458067121127424
1262458092500979714
1262458862344552451
1262459120055173125
1262459455796473856
1262459879148662785
1262459979283542017
1262460082433875969
1262460118987427844
1262460131889090561
1262460159311429636
1262460483463983104
1262460959886622722
1262461101796712451
1262461286543028224
1262461335431938050
1262461751854895104
1262461924459020288
1262461938266710017
1262462150569754631
1262462221902204931
1262463257371082752
1262463496647819264
1262463530915082241
1262463998454267904
1262464080402497536
1262464289836687360
1262464487677808640
1262464724396134405
1262464838514757633
1262465315159580674
1262465512350593037
1262465548409077760
1262465976865619968
1262465985216471042
1262466172374704129
1262466428625543168
1262466549320990720
1262466623522271232
1262466798760452101
1262466890741448706
1262466912367321089
1262466982030557185
1262466989244575744
1262467100116992000
1262467126729768962
1262467379482763268
1262467401783881728
1262467585213452291
1262467664372469769
1262467888130060288
1262467942677188609
1262468680786554882
1262468866514411520
1262468894402453505
1262469004054142978
1262469004461060096
1262469270258270215
1262469496008249344
1262469603600580608
1262469691928387584
1262469774199656450
1262470678873284614
1262470914047979521
1262470939419250691
1262471286921428992
1262471980508499968
1262472474878455808
1262472635725873153
1262472823215476736
1262472913367646208
1262472990161121280
1262473263957057536
1262473485407879175
1262473612210176004
1262473726085513217
1262474058702225413
1262474311430017030
1262474798501896201
1262474973710553091
1262475303747760129
1262475324606087170
1262475413659488257
1262475640244187138
1262475669256024065
1262475685932576772
1262475821924712453
1262476145590784000
1262476617097662465
1262476857024417793
1262477255026106374
1262477524354904064
1262477936990367744
1262478149704654849
1262478793903607810
1262478973646364674
1262479185026703360
1262479351385337859
1262479496822665219
1262479765086208000
1262479794089922560
1262479827002671104
1262479842223599618
1262480478277439494
1262480543020658690
1262480909514784772
1262481087533592580
1262481468426727425
1262481632625176576
1262481635116609538
1262481726246289408
1262481846656544774
1262482809161211906
1262483118096896003
1262483166687907840
1262483245058277376
1262483273961418754
1262483484007858179
1262483491226128384
1262483613620322306
1262483926339076096
1262484605095104512
1262484737710608386
1262484931328061448
1262485148169363456
1262486420993835008
1262487834881134598
1262488110811799552
1262488208274841600
1262488419256713216
1262488785251696640
1262489381375377408
1262489421317902337
1262489547482464268
1262489828328910849
1262489975859396615
1262490221020676097
1262490270899277835
1262490355183820800
1262491229859741699
1262491267625365504
1262491701282816003
1262492254813511681
1262492573299544065
1262492941777375232
1262493097784676352
1262493319440941058
1262493473246195712
1262493647733284864
1262493695863070721
1262494312438345729
1262494511374237697
1262494658367717376
1262494836885782532
1262495128159166464
1262495248166670336
1262495472570286080
1262496065615360001
1262496382922850304
1262496561013108737
1262496642592321540
1262496791347560454
1262496822242586624
1262496990287540224
1262497031450431489
1262497033987948549
1262497052627480582
1262497662428946435
1262497839659319300
1262498067988852736
1262498464577007617
1262498558030295043
1262499166133145601
1262499464603856897
1262499584451809280
1262499714823487491
1262499715796647937
1262499736780566528
1262499962472017922
1262499979379249152
1262500260041105416
1262500489872265216
1262500671842144257
1262500889991897088
1262501294515904514
1262501359569571842
1262501511831183365
1262501653929959427
1262501710871887872
1262501851515084802
1262501884511780865
1262501979630252032
1262502227526258693
1262502232085291010
1262502644364513285
1262502795581808643
1262503084040884230
1262503511608176649
1262503515580174338
1262503872318173184
1262504106163425280
1262504445943963648
1262504496837558281
1262504504467095552
1262504547668221953
1262505595564933133
1262505705803841544
1262505879946985472
1262505880999751680
1262506016157175808
1262506397901742082
1262506536695476236
1262507054268366852
1262507060937326599
1262507270597943299
1262507847516069888
1262507996447412224
1262508252291649537
1262508435544801282
1262508523289636866
1262508543363567617
1262508650125377536
1262508721617244160
1262508959782625280
1262509147750387716
1262509148857675778
1262509219661701122
1262509455067033601
1262509535157198848
1262509567000432641
1262509594707927042
1262509694297440261
1262510253419253762
1262510265117159425
1262510447762247680
1262510601340944385
1262510616163516418
1262510685252091905
1262510771352862720
1262511292897570817
1262511892289015808
1262511976741298181
1262512080923607040
1262512175693750273
1262512764918136834
1262513382441320448
1262513623479525378
1262514814460424193
1262515786377199618
1262516226103873538
1262516293397250055
1262516472032755715
1262516708369031168
1262516791005401088
1262517533418106880
1262518050303234050
1262518498380693507
1262518541380734978
1262518832964526083
1262519215400968192
1262519294950285318
1262519621061693440
1262519722257420288
1262519723343790080
1262519752733278208
1262519758882308099
1262520067780206597
1262520164756717568
1262520297867087873
1262520783416356864
1262520981236510721
1262521135767355395
1262521533408346112
1262521538609324032
1262521732276957185
1262522132090814468
1262522167486488576
1262524341033590786
1262524513037758465
1262524879271653376
1262525196520562690
1262525504604852226
1262525612901765134
1262525732569247745
1262525950899732486
1262526143024037890
1262526700035981315
1262526707254231040
1262526759938985985
1262526762019426307
1262527182729105408
1262527772116897793
1262527850831216641
1262527906766561281
1262528382128009218
1262529539256745986
1262529905872580614
1262530719554908162
1262530802778333184
1262530878170783745
1262531024053035011
1262531333194211329
1262531346234253312
1262531488005918722
1262531510193840128
1262532002328260608
1262532129793232904
1262532243047641089
1262532745789689857
1262532959778684929
1262533012815613952
1262533062388154368
1262533153090142209
1262533769707356161
1262533958572507137
1262534128819306496
1262534302472056832
1262534397565296641
1262534569858707456
1262534700565921794
1262535142314258432
1262535162434408450
1262535283158982657
1262535376192679937
1262535435844300800
1262536167553216516
1262536454405713920
1262536455584231429
1262536456926445568
1262536834929889286
1262536925556232200
1262537111351132160
1262537341278748673
1262537726009671687
1262538055321300998
1262539053519507461
1262539331635417088
1262539391433617412
1262539559264563200
1262539778752479236
1262539857206759424
1262540015738990597
1262540071049314308
1262540317699555329
1262540442744377346
1262540628711350272
1262540630238035975
1262540875403603972
1262540885847355394
1262541500912672772
1262541603694133250
1262541853657837568
1262542343393046528
1262542482203709440
1262542571051585537
1262542850446614528
1262543008521523201
1262543135646855170
1262543197105868800
1262543585758584833
1262543612908392450
1262543818995503104
1262544023908225031
1262544129302528000
1262544229932433408
1262544387919228928
1262544631754977281
1262544718526853120
1262544783806853120
1262544980859633666
1262545068776275968
1262545224573898753
1262545298183917571
1262545756684247042
1262545924447965186
1262546710431178757
1262546821575917569
1262547290385977346
1262547440781217792
1262547813600235530
1262548499054419970
1262549167148158977
1262549495386120193
1262549546179031040
1262549667805450240
1262549669063700480
1262549752496914433
1262550137110441987
1262550155250843655
1262550518959943681
1262550548760399877
1262550677898870784
1262551049140830208
1262551143898664962
1262551176488251392
1262551219458973698
1262551721068441600
1262552542157946881
1262553461096435713
1262553782333906946
1262554164753764354
1262554524188839936
1262554924128374784
1262555154408189952
1262556908550062080
1262556994373894145
1262557337035911174
1262557723951894533
1262558228551892993
1262558454301917184
1262558474329784321
1262558726113894401
1262558930359681026
1262559263731392513
1262559432296275968
1262559479775793155
1262559724286939139
1262559953828622338
1262560157319430144
1262560880623079425
1262561069882413057
1262561345557405698
1262561480383311873
1262561822311362562
1262561863553998849
1262562140549832710
1262562148229750784
1262562421799038978
1262562486471049217
1262562935697747968
1262563250257965059
1262563672611749888
1262564403532066816
1262564521945837569
1262564894710341632
1262565079578480642
1262565103984996352
1262565385657896963
1262565586325983232
1262566150765809665
1262566152133160960
1262566154926567424
1262566716623577088
1262567299103555585
1262567584165232641
1262567726150676480
1262567836058300416
1262568094481952768
1262568308752220161
1262568440650498051
1262568615586467840
1262568661203722242
1262568693109788673
1262568814342033410
1262569755359219712
1262570330293501953
1262570429916594176
1262570580659834883
1262570917768675328
1262571082474819586
1262571481176907776
1262572385242406914
1262572975632588802
1262573192423575554
1262573322639835136
1262573452751302656
1262573640769363968
1262574299581300737
1262574456595271680
1262574571741499394
1262574846824853506
1262574969583734789
1262575032842231808
1262575418378350596
1262576470129430528
1262576942470979584
1262577385121218561
1262578105782165504
1262578335726657538
1262578963911708680
1262579050494771202
1262579255885606912
1262579614469296128
1262579769507487747
1262580089960751105
1262580258257154048
1262580534078627840
1262581332825292801
1262581444989370373
1262581624627232768
1262581785923289089
1262582713388724225
1262583036916518912
1262583227233026050
1262583304282398722
1262584247136792576
1262584439810535431
1262584780345901056
1262585479737860101
1262585702837096449
1262585770226839553
1262586155901554695
1262586722082324480
1262587107966701568
1262587356965724161
1262587461005385730
1262587613061484544
1262587703507501057
1262587899297574912
1262587946714181638
1262588172510298125
1262588582650433536
1262589435813781504
1262589813472948224
1262590871951814658
1262591235786670080
1262592246899228672
1262592446023831553
1262592580887416833
1262592601657614336
1262592698168619008
1262593570583785479
1262593668852133889
1262593845767929862
1262593869159575552
1262595050896191488
1262595327300964353
1262595473879248912
1262595512617836544
1262596287813373952
1262596334407675904
1262596635432849408
1262596703036887044
1262597358723796992
1262597573745020930
1262597610881376256
1262598131155374080
1262598851623448581
