1260428337949880320
1260428675679506438
1260429041561206791
1260429276211445767
1260430133858574339
1260430362985054210
1260430602630836226
1260430666757529600
1260431204194623494
1260431594751438851
1260432207249846273
1260433192923934722
1260433252667572226
1260433854982230022
1260434077292904452
1260434631494717441
1260434644220207114
1260434646061498368
1260435018918301696
1260435056914464770
1260435109645291525
1260435503515668480
1260435626064838657
1260435997785014272
1260436003120123904
1260436336655446023
1260436671641931778
1260437077004615680
1260437200476520449
1260437854313988102
1260437871967731713
1260438349753520129
1260438381366050817
1260438389238661121
1260438904018292737
1260438937727877120
1260439005281337348
1260439229500448769
1260439435335929856
1260439656321159180
1260440058856947712
1260440346040963077
1260440489851006976
1260440795246665730
1260440928457756675
1260441413466107906
1260441569414598656
1260441781038133248
1260441781142945795
1260442367389302790
1260442670033506305
1260442855685980160
1260442981833814022
1260443012116643840
1260443426513920001
1260443548735987722
1260443689249316864
1260443792387321856
1260443794216017920
1260443800562020361
1260444145270824962
1260444548024668162
1260444548234465280
1260444552873336834
1260444685451046912
1260444781819449345
1260445402882551809
1260446292637102082
1260446853927251970
1260447613649850370
1260448120170840065
1260449726044033024
1260449842356277251
1260450479454199818
1260450714939260929
1260450718403760129
1260450733553565696
1260450838155276288
1260452284657524741
1260452672035082242
1260452825726844928
1260453151309803526
1260453898185330690
1260454161222696960
1260454350436085761
1260454494162366464
1260454554178633732
1260455137686048770
1260455418708492292
1260455535482220544
1260455675848687616
1260456111867670531
1260456238053306374
1260456258085281794
1260456751650004993
1260456755097673729
1260456757987590145
1260456761074556928
1260456927403954177
1260456975512584194
1260457672392015873
1260457804588072960
1260457963560603650
1260458010889109506
1260458058897133568
1260458389794160640
1260459473472290816
1260459785180319747
1260459957239062528
1260459984548253698
1260461395541442562
1260461640946003978
1260461825239519233
1260461894546206721
1260461948388495366
1260461954587648000
1260462299304919040
1260462631003074563
1260462669288615936
1260462775962394627
1260463491833573376
1260463818729193473
1260463876405112833
1260464015710523395
1260464707498053638
1260464967293296645
1260465111078232068
1260465188123357184
1260465814882353154
1260465826798415873
1260466072433635333
1260466262985125896
1260466536512438279
1260467153544806400
1260467643737407489
1260467870850584577
1260467926513188865
1260468744020729856
1260469481622700032
1260469492796325890
1260469864403210242
1260469936427761671
1260469959706259458
1260470088211271681
1260470462351577098
1260470596749733889
1260471085604225024
1260471272791736325
1260471352722706433
1260472024994021376
1260472389705613313
1260472629896634369
1260472668190650368
1260473171007995906
1260473744562233344
1260474552099971072
1260474702214107146
1260474770736525313
1260474777275424772
1260474909500813312
1260475102472396801
1260475125155205122
1260475220529500162
1260475286950416390
1260475518371102721
1260475712315719681
1260475739788492802
1260476112368435201
1260476132912173057
1260476150037516288
1260476392229212161
1260476406343110659
1260476510697328645
1260476677563482113
1260476789555630083
1260476931058827268
1260477816010870784
1260478787319447559
1260479194879975425
1260479214802866179
1260479624414404609
1260479929159950336
1260480172186316803
1260480728636194819
1260481041048965120
1260481042781257728
1260481044605796353
1260481863631732737
1260482450972606464
1260482601560784896
1260482854481510400
1260483013718269954
1260483055057276928
1260483638262726657
1260483707342856196
1260483962813779975
1260484069718134786
1260484138236293127
1260484401479258113
1260484407976169472
1260484425210572800
1260484799397089280
1260484822247579662
1260484944440197121
1260485505885573121
1260485921985769474
1260485934086336512
1260486216585302016
1260486220230144001
1260486728961470469
1260486808338563074
1260486824033751040
1260487659182592006
1260488075022663680
1260488232472625155
1260488468003803137
1260489192808857600
1260489432622338053
1260489820482174977
1260491117612740608
1260491253638193152
1260491689061429251
1260491697299107846
1260492237034659844
1260492966155694081
1260493000968482819
1260493200827068418
1260493337557176321
1260493379688947714
1260493496630337536
1260493801627451393
1260494925214384128
1260495109373788162
1260495355378089985
1260496014437384195
1260496014823378944
1260496020930285571
1260497060677246989
1260497362599972864
1260497648882274305
1260497844928159744
1260497862078730240
1260498297854349313
1260498366347214849
1260498403806543872
1260498522572537856
1260498906984652800
1260499390957002752
1260499921242857472
1260500662904897537
1260500869914689540
1260501051427500035
1260501924752904198
1260502021653831687
1260502133646012417
1260502710270509056
1260503234243956740
1260503341089595392
1260503354544881667
1260503454851772417
1260504032889712643
1260504081245761537
1260504466253664256
1260504634692718593
1260504723959971840
1260504779370852352
1260505152483622918
1260505606663913473
1260505638536445954
1260505758107602946
1260505831369576449
1260506081018740738
1260506084005085186
1260506176665661440
1260506430181904390
1260506544308920320
1260507060158042113
1260507093431455744
1260507120841248769
1260507563231268864
1260507782039601152
1260507828156076032
1260508073577283585
1260508916540223488
1260509115383758849
1260509256471777280
1260509688648605698
1260509766847258624
1260509798371639296
1260510067889074177
1260510592181440512
1260510670786682880
1260511488898330626
1260511491146436608
1260511805396275200
1260511809397817344
1260512196121018368
1260512610958671874
1260512781033447426
1260514638728507394
1260514967251542019
1260514971445854208
1260515649857650691
1260515994449186817
1260516065987055617
1260516193879785472
1260516621824770048
1260516914931085314
1260517026805673986
1260517763862401025
1260517908020674560
1260518041047175168
1260518113889697792
1260518123385520135
1260518477590380544
1260519494503587842
1260519594839748608
1260519670697693184
1260519719062441988
1260520231493132288
1260520679541297153
1260521634315800578
1260522109874442240
1260522298878066689
1260522540822409216
1260522561521115136
1260522639812108288
1260522739955351552
1260522885816422400
1260523059569549312
1260523173331775488
1260523239811383297
1260523746173104129
1260523921604071424
1260523981372825600
1260524157701406721
1260524261531357185
1260524678386507777
1260524738264301568
1260525377132380161
1260526153443405824
1260526159386812416
1260526337913008128
1260526339209048065
1260526341134245888
1260526342170271745
1260526591018336256
1260526976546136068
1260527365601538049
1260527389286662149
1260527660419231744
1260527948983152640
1260528247495770118
1260528346405847041
1260528385765150722
1260528500781355010
1260528720852455424
1260528734769217537
1260528999584931846
1260529370168426497
1260529588586852352
1260529642303356932
1260530067362455554
1260530202809004033
1260530372904996865
1260530691365679104
1260530739663253505
1260530867740372992
1260531002939772931
1260532101704634370
1260532142897016835
1260532653284982784
1260532852569112577
1260532877550186496
1260533049810444288
1260533494981316608
1260533549775585282
1260533569316950018
1260534026173063168
1260534025841774592
1260534151830286336
1260534748822343681
1260535004255399938
1260535240340262913
1260535250477895682
1260535398352158721
1260535408242425857
1260535481080610816
1260535570092228609
1260535709422759936
1260536007742627846
1260536007923052544
1260536038042337280
1260536545532141568
1260536547889369090
1260537358602166273
1260537392961695745
1260537401358848001
1260537859238477825
1260538187954425856
1260538950558658560
1260539030350909442
1260539296974602240
1260539453929517056
1260539653569953793
1260539952120475648
1260540619937796100
1260540821834625024
1260541084758933504
1260541179935862784
1260541232381640705
1260541372815343616
1260541570513874944
1260541646459920384
1260541690055725056
1260541815356379136
1260541905760329730
1260541974744104961
1260542073230548999
1260542595698094086
1260542762622963713
1260542765320089600
1260543120564842496
1260543971203395585
1260544145027928068
1260544243094913024
1260544851424223232
1260545116650876930
1260545336810110977
1260546353052241925
1260546557583085568
1260546826828165121
1260546862244757504
1260546928644947971
1260547102448508928
1260547858299785218
1260547887794094080
1260548084460814338
1260548346214846465
1260548742727467009
1260548855457878020
1260548943785623557
1260549018578415616
1260549040409903105
1260549050237161474
1260549505604366338
1260549648558829568
1260549997935935489
1260550244233707520
1260550247765258241
1260550577307566080
1260550961623334913
1260551565787758592
1260551879580418049
1260552551050567685
1260553495679324160
1260553735127826436
1260554259663392768
1260554804650110977
1260554927086026752
1260555740512546818
1260555948097183745
1260556185297580033
1260556414239387651
1260556527095742464
1260556535840661504
1260556860786126849
1260557114122141697
1260557585884884992
1260557669062062080
1260557702213894145
1260557932258869249
1260557947056402433
1260557953897299968
1260558046910050304
1260558114174140416
1260558218952167425
1260558525345996800
1260559031145345025
1260560274551181312
1260560364921643010
1260561025155334146
1260561115504955393
1260561140578349057
1260561448666726400
1260561451355238400
1260561455327240194
1260561456677793792
1260561490022719488
1260561515293351941
1260561844101472256
1260562173404893185
1260562552288735234
1260562761131544577
1260562885585010688
1260562954446987264
1260563121242025984
1260564053489041408
1260564422738706432
1260564431722942471
1260565063242584065
1260565361230884864
1260566041756917766
1260566157020536832
1260566268781920256
1260566312834695170
1260566610626125824
1260567320948326400
1260568392437837828
1260568558293192710
1260568562562932742
1260568641323569158
1260569446369935362
1260569598602158081
1260569789191380992
1260569795231088646
1260569898285178884
1260569902970257415
1260569973715619843
1260570305317257221
1260570512390004736
1260570559752044553
1260571146610774023
1260571279394029571
1260571380141232129
1260571380795543554
1260571384041873413
1260571384213901312
1260571391746859011
1260571761743142917
1260571812884340740
1260571830017982465
1260571988822765573
1260572087720296449
1260572140836970496
1260572239998660610
1260572369472696320
1260572431808368650
1260572437030330368
1260572832217665536
1260572834541252610
1260572865159745537
1260572899066417157
1260573270815969281
1260573371596709891
1260573396804481027
1260573539486314498
1260574005129629700
1260574526955536391
1260576007616172033
1260576103145578499
1260576188529074177
1260576345379278848
1260576424957825024
1260576429512830985
1260576765786886146
1260576845898096647
1260577419234291714
1260577470350274562
1260577612830736385
1260577643415638022
1260577722587320320
1260577848064081920
1260577882713329670
1260578179728715778
1260578392262561792
1260578660509237249
1260578888733921280
1260579432403800065
1260579510103216133
1260579568999632896
1260579722200780806
1260579944343764996
1260580117224488962
1260580481982255104
1260581093608239107
1260581827322032133
1260581849132343296
1260581879885041664
1260582432853590020
1260582616807419904
1260584643667070976
1260584646519250948
1260584680346324993
1260585306211958784
1260585326239789063
1260585610961735681
1260585857699938305
1260586059664101381
1260586122209398785
1260586144280055811
1260586185963065345
1260586211653058560
1260586245132103680
1260586287687442438
1260586487718072323
1260586488665788416
1260586496177901581
1260586672074510337
1260587176166854658
1260587342802432004
1260587413862256641
1260588474685632514
1260588765602615299
1260588770203783171
1260588779435368450
1260588781658390528
1260589137834446851
1260589185641021440
1260589256763834368
1260589403270983683
1260589427270844416
1260590136213078017
1260590383219834881
1260590501415268352
1260590631581364224
1260590673989861388
1260590779203899392
1260591155839975425
1260591264132554754
1260591365622243334
1260591378947551238
1260591516059226113
1260591911984922625
1260592050229125121
1260592237395824640
1260592773906018304
1260592826091556865
1260592844428935184
1260593199413854210
1260593289482379265
1260593815645233153
1260593899019493376
1260594214720716800
1260594591394336773
1260594678526889989
1260594780574224386
1260594972472020992
1260595203263561729
1260595224046383105
1260595321148715011
1260595544331673605
1260595676892651520
1260595691686068225
1260596046679416832
1260596558048800769
1260596947800465408
1260598002693087233
1260598059232346119
1260598429006299139
1260599054536507395
1260599724018671619
1260599725247442944
1260600329919361025
1260600556604796930
1260601598406987777
1260601590815191045
1260602141951000576
1260602522986672128
1260602590993276930
1260602778642087939
1260602813257842688
1260602954874314761
1260603238832902144
1260603298949795840
1260603374002724864
1260603453610418182
1260603507574542336
1260603603523264513
1260603605897404417
1260603847325728769
1260604191380254721
1260604423828574209
1260604568838254592
1260604875903287299
1260604914465738753
1260605328879747072
1260605604357378051
1260605939889176577
1260605986256990208
1260606561023557632
1260606570406318081
1260606637166993408
1260606742053834753
1260606774723448835
1260606914796363778
1260607085072592897
1260607308889042945
1260607429458493441
1260607719427448837
1260607870770524160
1260607961887637507
1260608295192219649
1260608444270284801
1260608471214555139
1260608511676805120
1260609226134732803
1260609246682419200
1260609310721110016
1260610176513531904
1260610383787765761
1260610832427352070
1260610878820560903
1260610943928741890
1260611000291725314
1260611075470491652
1260611344023371778
1260611386255835137
1260611427150131205
1260611551972614146
1260611554300456960
1260611669727862785
1260612131512135681
1260612391928303616
1260612426526978048
1260612622031912961
1260612688775962626
1260612790454288388
1260612827623993344
1260613047485259776
1260613533416460288
1260613557508616192
1260614295412506624
1260614388139974656
1260614416774529024
1260615037883949059
1260615106175565824
1260615235301507074
1260615272697905153
1260615554798362624
1260615817751920642
1260616431118372864
1260616440341659648
1260616523766358016
1260616658168799233
1260616782718676993
1260617529262698496
1260617546237128710
1260618175894433792
1260618344903987200
1260618435131826176
1260618927505387520
1260619418138218496
1260619601123172358
1260619789460025350
1260620408752975873
1260621157344194561
1260621236528394241
1260621238646583296
1260621894924951552
1260622077297557507
1260622126865940481
1260622849422659584
1260622973297233920
1260622977340542978
1260623411539316736
1260623703622074369
1260623994602041350
1260624022670360577
1260624047991164929
1260624119403593730
1260624392616280064
1260624504843272192
1260624987636895744
1260625403225477121
1260626192002093058
1260626500530827264
1260626613680640005
1260626828521168897
1260627953475629056
1260628063521366021
1260628522240008194
1260628905137971203
1260628946623827970
1260628967989612544
1260629265495789569
1260629282528903168
1260629862408216576
1260629940652957702
1260630023658184711
1260630280798449665
1260630768130445312
1260630913198718981
1260631102303150080
1260631417261682688
1260631638658220034
1260631926081290240
1260632041323991040
1260632172408569856
1260632492308140038
1260633008215863297
1260633194925305856
1260633249707147266
1260634234965774336
1260634579926421504
1260634605591441408
1260634844289253376
1260634953857019904
1260635001227485184
1260635113194426369
1260635443319705604
1260635586483937280
1260635589478699009
1260635637264326658
1260635759557652487
1260635937664495616
1260635952051077123
1260635976629727233
1260636971182874626
1260637783942549504
1260637816519827456
1260638098167390213
1260638500442890240
1260638510219816960
1260638769763569664
1260638824104894464
1260639836748132352
1260640014553288705
1260640420406624257
1260640469555400705
1260641009907765250
1260641665972404231
1260642224674488321
1260642298783809536
1260642411522469890
1260642625457197059
1260642737994563584
1260642789034823680
1260642862984843265
1260642983965102080
1260643001803567105
1260643408147857410
1260643939322757121
1260645118903676929
1260645262982176770
1260645662305120256
1260645831029387264
1260645876994719744
1260646076966567939
1260646079411834880
1260646157371359233
1260646503489523713
1260646503489523713
1260646633731047424
1260646639204589568
1260647736753287171
1260648048184590337
1260648639048806410
1260648881534058496
1260648928736759808
1260649415833907200
1260649527301648387
1260649854331543552
1260649947780677632
1260650167637651456
1260650777980203008
1260651278356459521
1260651290222190594
1260651295305654273
1260651298728235009
1260651587183104001
1260651851759800320
1260651983410565125
1260652014351970304
1260652173920096256
1260652295793999872
1260652381311692800
1260652431530057728
1260652937115627523
1260653130842173440
1260653530982961153
1260653595969466371
1260653648335400960
1260653824382955520
1260654004419260416
1260654492023836673
1260655103792431104
1260655132796006402
1260655265264762881
1260656125344485383
1260656200816844801
1260656691793678338
1260657092404187136
1260657104265728001
1260657121340747777
1260657207097520128
1260657354049085440
1260657579786514433
1260657676817584128
1260657828034801665
1260658053860306945
1260658175071498241
1260658307032727552
1260658588499894273
1260658844151148546
1260658873393770497
1260659145033670657
1260659424751833088
1260659462043340800
1260659855091630080
1260659892001501184
1260660206817570817
1260660726617608193
1260660755332022272
1260661126657867777
1260661347529809920
1260661558264422400
1260661678062084097
1260661724388233222
1260661785083940872
1260661868772769792
1260662166421753863
1260662420709744641
1260662749824192517
1260663198333706241
1260663391540187136
1260663406299942913
1260663935872544768
1260664109324013574
1260664247039623168
1260664265872011264
1260664317881565184
1260664340564377609
1260664870309068802
1260664926319845384
1260664934859497472
1260665056024543234
1260665215609384968
1260665281313112065
1260665637963280384
1260665648973328385
1260665714295345153
1260665718133096450
1260665807513751552
1260665883011268608
1260666263380131842
1260666507148668928
1260666508532838400
1260666510575464448
1260666624438198272
1260666637642014722
1260666703660400644
1260666779283619840
1260666917360037888
1260666935076773888
1260667086445010944
1260667170989568001
1260667285913497600
1260667388258848770
1260667395594760194
1260667517942431745
1260667612075360257
1260668034622074882
1260668713667375110
1260669529488646144
1260669534517657600
1260669697500078080
1260669748758679552
1260669917529079813
1260670170508427267
1260670287063871489
1260670680321974273
1260670702270717957
1260670796650803201
1260671113752969216
1260671845340024833
1260672136127090688
1260672293719728128
1260672322622631938
1260672844633161728
1260673149722677252
1260674272109961219
1260674478184574977
1260674518995079169
1260674715032715266
1260675080574681101
1260675108525559811
1260675279430619136
1260675308207910915
1260675423534383104
1260676391927975940
1260676447473152006
1260676601534169091
1260676661282029568
1260676711424774147
1260676732006199296
1260676733478375424
1260676828424884226
1260677274313072645
1260677449098170368
1260677726849073153
1260677727394435076
1260678405370056712
1260678843502702592
1260679648352120834
1260679873057734659
1260679915235573761
1260680701587775488
1260681077519273985
1260681336312025089
1260681975360299009
1260682567403155463
1260683046925340673
1260683050704388097
1260683812125593600
1260684361067872265
1260684537752948738
1260684543784292352
1260684543847133184
1260684689536249856
1260685384230395904
1260685736807931904
1260685741983780881
1260685783331213318
1260685798564741120
1260685804860354560
1260685947722752002
1260686166321479680
1260686479162052614
1260686639166357505
1260686758238392320
1260687394480652288
1260687744520589313
1260688030915915776
1260688429316288522
1260688518071947278
1260688972646191104
1260689163755630593
1260689803630256135
1260690113396453379
1260690693087023104
1260690742684585990
1260691144247312384
1260691160974196739
1260691271535951879
1260691375298928642
1260691447822589957
1260691932554178562
1260692066733928449
1260692067145052160
1260692112263143424
1260692158786482178
1260692175454564352
1260692179351044096
1260692308305031170
1260692325317128192
1260692361757315074
1260692527952416773
1260692585896689666
1260692771633012739
1260692864855654403
1260692966412148736
1260693057474723840
1260693454801170432
1260693690458259458
1260693696581902341
1260693732296462339
1260693873736798209
1260693943504650240
1260694038216413186
1260694508955668482
1260694547249717255
1260694746084892675
1260695451801489408
1260695835869802496
1260695886381961216
1260695953780031488
1260696212891721731
1260696495738834944
1260696591427461121
1260697303733723136
1260697772627550210
1260698995103428608
1260699025176657920
1260699277162151942
1260699482963865600
1260700086801031176
1260700354095861768
1260700757935796224
1260700916405190659
1260701245221847047
1260701704430985216
1260702678595727361
1260702731771273218
1260702948335779841
1260703111271690240
1260703535328567297
1260703615557283848
1260703702429638660
1260703784780492800
1260703862178152449
1260704198137708544
1260704963245871111
1260705159123853312
1260705203667587074
1260705430986203138
1260705781915291650
1260705932209725441
1260706241174618112
1260706274787893249
1260706382342500356
1260706637154848770
1260706731702857728
1260706800288047104
1260707063488892928
1260707152840155142
1260707153930678272
1260707154958233600
1260707279885697024
1260707367185940480
1260707778995290112
1260708463266729984
1260709428661121024
1260709651869360128
1260709686233440257
1260709719574040577
1260709784178876417
1260710116250140672
1260710424250482690
1260710821497384961
1260710921988706308
1260710990938869761
1260711176985407488
1260711394644766720
1260711558293843970
1260711681048506368
1260711760375537665
1260711809390174210
1260711850175537158
1260711964587823105
1260712039867199495
1260712190102798336
1260712191151321089
1260712192220917761
1260712343937449984
1260712395556687873
1260712544400015363
1260712925049901058
1260712926274555908
1260713006830411786
1260713444543737856
1260713784760565765
1260714388140576768
1260714624984289281
1260714721445122052
1260715291820150784
1260715351446355969
1260715558598828033
1260716086846083073
1260716479525392384
1260717172407496706
1260717241206738945
1260717277256843264
1260717382797914112
1260717468630151176
1260717525828059137
1260717684918009857
1260717899481743360
1260717966078984194
1260717992834285569
1260718237274132480
1260718634319654913
1260718953292345351
1260719618022346752
1260719633084145677
1260719888135598082
1260720182814740480
1260720267233562627
1260720325341458432
1260720437425823744
1260720519143448584
1260720667009462281
1260720890372935682
1260720989823995905
1260721247924613120
1260721448236220419
1260721482105270274
1260721875396685824
1260722077482565634
1260722229093990401
1260722246378799104
1260722369108291585
1260722378620801024
1260723017220411392
1260723020420624386
1260723088712364037
1260723400290467842
1260723504808431625
1260723589373968385
1260723697272455168
1260724884302442499
1260725075034046467
1260725465557368836
1260725722936676353
1260725742486401024
1260726499889623041
1260726785911795714
1260727224941998082
1260727275181539329
1260727820566831106
1260728210477789186
1260728555442515969
1260728667577020417
1260728708114968578
1260728999942250498
1260729501429960706
1260730099915259904
1260730179699138560
1260730567710183424
1260730633619492866
1260730695749697543
1260731233753075712
1260731257073385474
1260731279055753218
1260731501164953600
1260731782833594369
1260731838479454213
1260731885132623874
1260732299026370561
1260732319322632193
1260732387652067334
1260732557722869776
1260732760072744960
1260732811566354432
1260733490225528832
1260733704210649088
1260733974969794560
1260734707840540674
1260735460911054849
1260735603232198666
1260735788704321536
1260736058481836032
1260736288640172034
1260736720988864515
1260736723358646272
1260736905177559040
1260736929315917826
1260737039282176004
1260737189555601408
1260737209235394561
1260737228571099137
1260737405549568001
1260737478912118784
1260737480254345217
1260737569266061312
1260738118937989122
1260738181424693254
1260738435775639552
1260738447024816128
1260738505174659073
1260738769684099073
1260738787812020229
1260739011775250432
1260739267665580032
1260739342693208065
1260739718146392064
1260739854884888576
1260739864930197504
1260740134531719179
1260740279063150593
1260740407819976710
1260740465420316672
1260740511150878720
1260740574748999681
1260740730068307969
1260741107316592640
1260742437854683137
1260743181362237440
1260743427517546496
1260743427551100930
1260743553703124993
1260743564151132165
1260743893378674693
1260743894624395265
1260744097335304192
1260744162116337672
1260744243968012288
1260744590614769665
1260744793765711873
1260744910874927104
1260744951027175424
1260745013387984896
1260745014717509637
1260745494902394880
1260745657041580035
1260745661378555905
1260745663400169472
1260746564034793472
1260746633874223107
1260746655328088066
1260747302605635584
1260747537906110477
1260747562207703041
1260748187570245633
1260748312585494528
1260748422174384130
1260748520413450241
1260748881454862338
1260748920776470534
1260748928414216192
1260749113009848320
1260749185135017985
1260749550467325953
1260749621204332547
1260749624178094080
1260749924930592775
1260750632383848450
1260750787589935106
1260750824537567233
1260751184429821953
1260751241921036288
1260751282295504901
1260751381117448193
1260751475162087425
1260751518795431937
1260751805920788482
1260752488216616960
1260753659144650754
1260753725162844160
1260754890890100739
1260755611333132293
1260756256387731456
1260756374478348298
1260756534809686016
1260756784676995073
1260756795804520454
1260757109131497472
1260757130132553730
1260757280049463298
1260757820527517702
1260758177236353025
1260758215198941186
1260758664362766344
1260760215798132738
1260760285545205762
1260760386401419264
1260760540886044676
1260760683055951872
1260760766438715393
1260761071062786048
1260761100221546498
1260761152243396610
1260761219859746817
1260761936515543042
1260762097052499982
1260762954775113731
1260763181225476097
1260763482007404548
1260763779337318400
1260763928247894017
1260764573914800128
1260764760536219648
1260765185205309441
1260765346476306432
1260765568703102977
1260765874379649024
1260766396516089856
1260766472139427842
1260766854638862336
1260767501077688320
1260767542865350656
1260767805462339584
1260768564203737095
1260769118451634177
1260769310135537665
1260769474661228545
1260769884822278144
1260770156965294082
1260770247939723264
1260770331238846469
1260771766663856134
1260772019261657090
1260772843840815105
1260773687080488961
1260774060759212032
1260780708253110273
1260780800615813122
1260780984271663104
1260781090324844544
1260781520458928128
1260781522296033280
1260781523017457666
1260781524057616384
1260781754127810560
1260781827754729472
1260781840782237697
1260782125147537408
1260782545492459522
1260782688807596034
1260782865660481538
1260783441177542656
1260783731796774913
1260784269099773952
1260785461443932167
1260786084335816710
1260786686067277824
1260786724503842816
1260786805076418566
1260786809220415488
1260786867194269697
1260787203149631492
1260787316240584705
1260787418157940736
1260787870526328832
1260788026369880064
1260788628529217538
1260789030716915720
1260789170907250688
1260789774354247680
1260790038285205505
1260790121416122369
1260790154991632384
1260791089478406144
1260791337399586816
1260791344097681408
1260791392126844929
1260791398804094977
1260791447848210433
1260791765608673281
1260791821602639872
1260792261345898498
1260792279511568384
1260792683662053381
1260792813081460742
1260793174575833089
1260793578231599104
1260794529789235211
1260795192874917895
1260795245207437314
1260795510287265792
1260795566407077888
1260795678072193024
1260795722816819201
1260795928690089984
1260796479540736000
1260796715457671168
1260797034531115009
1260797047646687232
1260797166282575872
1260797482113654784
1260797636866650112
1260798355883655168
1260798708427493381
1260798852895870976
1260799033536212994
1260799425041125377
1260799524244774912
1260800079751000064
1260800389101780992
1260801830193422336
1260801897197375489
1260801904906350594
1260802054433329152
1260802163766419456
1260802450245722114
1260802519657316352
1260803573258084352
1260805163616362496
1260805178405642240
1260805322387492864
1260805365408686081
1260805789641555971
1260805802799005697
1260805852182822914
1260805856511299586
1260806661863866368
1260806856043147264
1260806958644428803
1260807349880659969
1260807384001380353
1260807547868643330
1260807713782554624
1260808190746226688
1260808448352104448
1260809081356460033
1260809201120468993
1260809432566546433
1260809484273954816
1260809495246143488
1260809558987091968
