1256081413226594304
1256082542756802560
1256082941634940931
1256083433962590208
1256083589193699330
1256083983559020547
1256084389496266759
1256085479381860352
1256085489095979009
1256085976356720641
1256085984648638464
1256086935363346433
1256087006846889986
1256087211679690753
1256087212740841473
1256087213776842752
1256087214888382464
1256087285554196480
1256088029141151744
1256088171315695617
1256088964680712193
1256089357099757568
1256089465094901765
1256089610670804996
1256089680719876098
1256089737749762048
1256089975680008197
1256090010568327169
1256090592301457408
1256090612111204352
1256090778373324802
1256090848770613249
1256091021651275778
1256091163678867456
1256091269203451913
1256091435591442433
1256091955764891648
1256092881296687104
1256093203800952832
1256093255906648065
1256093258754613250
1256093264672743424
1256093270930624513
1256093391533871105
1256093752675962881
1256094660403105792
1256094669982912512
1256094729218842630
1256094842570125312
1256094893430190080
1256095278245064705
1256095721448779779
1256095762716524550
1256095782995988480
1256096265399484416
1256096374610817024
1256096387567169536
1256096786541948928
1256097694810091520
1256097791249715200
1256097825378705409
1256098606609809409
1256098627157721088
1256098863770812416
1256099015088844801
1256099302344015873
1256099990457417728
1256100545779183616
1256100716105662464
1256100946129666049
1256101432262045696
1256101537203449856
1256101930264416256
1256101941731635213
1256101990083502080
1256102121289781250
1256102413007814656
1256102688103690240
1256102690200772608
1256102692402851840
1256103539891482625
1256103712780627970
1256104083993182209
1256104522004533248
1256104773230776321
1256104827462901760
1256104829136625664
1256104829463621639
1256104831850180608
1256104833318178816
1256105454452781056
1256105707876818944
1256106321730035713
1256106343112429568
1256106731572269062
1256107201082638336
1256107260222332928
1256107800264167424
1256108223955779584
1256108225113591809
1256108226279469056
1256108227348971525
1256108246022197249
1256108378067218434
1256109355876974593
1256109559502065664
1256109900012412928
1256110352045137921
1256110955643142146
1256111090066509824
1256111926226149376
1256112878265958400
1256113017210564608
1256113176938192897
1256113272853430272
1256113587581603840
1256113647966752768
1256115141172658177
1256115367409262593
1256115864497197057
1256116275257974785
1256116284904935425
1256116354815602688
1256116392597827587
1256116595451146244
1256116978667773952
1256117428788084736
1256117472245186560
1256117538213097473
1256117723765014529
1256117781822672896
1256118604535398400
1256118641873076230
1256118710793797632
1256118764598329344
1256119200344682496
1256119490510815233
1256119728214548480
1256120303077535744
1256120406274162688
1256120435164446720
1256120923062706186
1256121273475715072
1256121308078718976
1256121526794977280
1256121984792043520
1256122107949281286
1256122310630744067
1256122943098085377
1256122946059264000
1256122947195953152
1256122955312050176
1256123327694831616
1256123514563657735
1256123707413716993
1256123771494100992
1256123771276218370
1256123931989291008
1256124161216385025
1256124233358467072
1256124441051820039
1256124505761726464
1256124712477835266
1256124733587894273
1256125263391322113
1256125317984522245
1256125374745976832
1256125436461043713
1256125657169485829
1256125690027683841
1256125842146631682
1256125991820419072
1256126516204838913
1256126956057300992
1256127025225629696
1256127351538151424
1256127480622178307
1256127716568465414
1256128105690935296
1256129395959488513
1256129881504694273
1256130007338037249
1256130011150589952
1256130541168087041
1256130704473239552
1256130772827856899
1256130821506895873
1256131130895601664
1256131237510557696
1256131518260547584
1256132006494126082
1256132009111388160
1256132029252591620
1256132175478640642
1256132199948201984
1256132490470793216
1256132516043505664
1256132531772108802
1256132543042093057
1256133014385385473
1256133186884493313
1256133519970938880
1256133698501533696
1256133776507355137
1256133780647149569
1256133945709780993
1256134008041283586
1256134040605745152
1256134083039629312
1256134674134503424
1256135036916695040
1256135045380784130
1256135051982573569
1256135491969331200
1256135773495140352
1256135799533428736
1256135881716428801
1256136065875947520
1256136169244499968
1256136641594494979
1256137193581666304
1256137232856973312
1256137244844462081
1256137392572030976
1256137622507917312
1256137904889507842
1256138024544612352
1256138131360804869
1256138175803584513
1256138237548126208
1256138316472295424
1256138468167737344
1256138954404958210
1256138960428060674
1256139412909576193
1256141143978520576
1256141264308842498
1256141972303208449
1256142565927247872
1256142779736080384
1256143140047720454
1256143471611506689
1256143880887689216
1256143911682224128
1256144122550902785
1256144199579205632
1256144230432542728
1256144538231615490
1256144779508940801
1256145221231841281
1256145233311645696
1256145906656849920
1256145907042705409
1256145985941749762
1256146009853505536
1256146014186147845
1256146397885325312
1256146458568544257
1256146953689346049
1256147609359511552
1256147705946136577
1256147867560902656
1256148008732971009
1256148742366916610
1256148804241428480
1256149029706235905
1256149218328281089
1256149368362721281
1256149566635810817
1256149569961852928
1256149724144578564
1256149944186089473
1256150179998294016
1256150234431918083
1256150384260734976
1256150731570249728
1256150813598273542
1256151086056046592
1256151098844499969
1256151111838265345
1256151400490373122
1256151491519406080
1256151663913635843
1256151886056566784
1256152320619864064
1256152336239558657
1256152481010253830
1256152942329110528
1256153165948489731
1256153270172569600
1256153277579681792
1256153278649266176
1256153602328006656
1256153921724338180
1256154207234768896
1256154317586923522
1256154522491199490
1256154941175054337
1256155112935915520
1256155121081372675
1256155215218323456
1256155399813607424
1256155421129052162
1256155446773198848
1256155612423086080
1256155694392324096
1256156006561832961
1256156005693640704
1256156084483559424
1256156907040980992
1256157160289026049
1256157540599107584
1256158102094823424
1256158263172673537
1256159347467595778
1256159712778821632
1256159941011873793
1256160490226663425
1256160993882918913
1256161483911770112
1256161608180666368
1256161994299891713
1256162069625225216
1256162565257752576
1256162688197169152
1256162793851674625
1256162912588136449
1256162921874366464
1256163295733714945
1256163622520119296
1256163777369845760
1256163854427570176
1256163876598501376
1256164449980833793
1256164579614261253
1256164858325852160
1256165229857136640
1256165318499631106
1256165783903899649
1256166116398960640
1256166611771219968
1256166820568076289
1256166862146211840
1256167549789765632
1256167914958454784
1256167992250916864
1256167993890889730
1256167994268348417
1256168172836622338
1256168192013004800
1256168540916326400
1256168611133128704
1256168828805005312
1256168896962408448
1256169670853476353
1256169703606677504
1256169781906022400
1256169847412711424
1256169901670010880
1256170229996171264
1256170347876847617
1256170509781184522
1256170531537276928
1256170553502773248
1256170634087788545
1256171116386803712
1256171348147294208
1256171370871996422
1256171399481372672
1256171413137915904
1256171412689170433
1256171471090495488
1256171738922127360
1256171783406804992
1256172620858474496
1256173238704656386
1256173505667903495
1256173767090470912
1256173804499451905
1256174041330864128
1256174580487426048
1256174641736900609
1256174846494429185
1256174968850784258
1256175610252189697
1256175879731978240
1256176312441503750
1256176374206906370
1256176440027918336
1256176688960081924
1256176751526412290
1256176785097732096
1256176933328400387
1256177000143818752
1256177115290091520
1256177149742063616
1256177287503937536
1256177401916035072
1256177506434142208
1256177533902639104
1256177539988500481
1256177643931742210
1256177837201141760
1256178310025023491
1256178703085772800
1256178753815920640
1256178822774480897
1256179274991763459
1256179412376174592
1256180191883333632
1256180195150741504
1256180287156953089
1256180559753043968
1256180691055906818
1256180827924226051
1256181390606888962
1256181505665236992
1256181532596686849
1256181580650778624
1256181656723034112
1256181725136330754
1256181762369224706
1256181941797257217
1256182057891487745
1256182417569853440
1256182644351496198
1256183093850824705
1256183098162601984
1256183204861665280
1256183347442843648
1256183490644713473
1256183708173959168
1256184178753761283
1256184194440531970
1256184715930939394
1256185330073468930
1256185463402086403
1256185618901749760
1256185668306259969
1256185714154364928
1256186160004677632
1256186394130726912
1256186413789388800
1256186487416033280
1256186579464458244
1256186819135238147
1256186873392828418
1256187459186167809
1256187856177020929
1256187901320278016
1256188087216099330
1256188530889355264
1256188559297568768
1256188636078280704
1256189201885822976
1256189411106193408
1256189780980838401
1256189799192543233
1256189951038939136
1256190017346691073
1256190074464677888
1256190352144437250
1256190362093268998
1256190631501869057
1256190685474164736
1256191099804229642
1256191805961523201
1256191982499749888
1256192040959987712
1256192240797593601
1256192462491713536
1256192486713757697
1256192619761238016
1256192771125161984
1256193312123424768
1256193333258588161
1256193515723337731
1256193654823272449
1256193844430823424
1256193993580466176
1256194106998562817
1256194471697559558
1256194595882438656
1256195370096492549
1256195454255144960
1256195578167361537
1256195728088629248
1256195951527694337
1256196055886151680
1256196474313965568
1256196548414898177
1256196981183127552
1256196989022285827
1256197090729918464
1256197109050638337
1256197511116664832
1256197526539075585
1256197756588371969
1256198146343841792
1256198206075125760
1256198313948389377
1256198318100639744
1256198319178608640
1256198424459980802
1256198504046833665
1256198789242793986
1256198830749618176
1256198840035803142
1256199054515752960
1256199172556042245
1256199321168551942
1256199419290021888
1256199430052753409
1256199647003119616
1256200080354422785
1256200107143434240
1256200349691641856
1256200521423245316
1256200533813190656
1256200700167622656
1256200776524988418
1256200784754212870
1256201467142135810
1256201471617454081
1256201494443032576
1256201560843059200
1256201661103648769
1256201803571564544
1256202585658347523
1256202874511482880
1256202885471145988
1256202954950008833
1256203002278535170
1256203063842476032
1256203364540518401
1256203821832863744
1256204169658208256
1256204207201419264
1256204217066369024
1256204375266963458
1256204539327393792
1256204539612495873
1256204920329580544
1256205000897753088
1256205039963721728
1256205234793299969
1256205381635842049
1256205594102464512
1256206001793110019
1256206054599413760
1256206327010988032
1256206381822226432
1256206748701954048
1256207151699300363
1256207629287936000
1256207690172264449
1256207874344153088
1256208086240563202
1256208296387715072
1256208394316324865
1256208883800047616
1256208920563023872
1256208963558916098
1256209057402228736
1256209093045506048
1256209760032088067
1256209879607410689
1256210333112446976
1256210973154820099
1256211026464452608
1256211200058236928
1256211274502897665
1256211526693855238
1256211653848297472
1256211666011897859
1256211985005510662
1256212920452644864
1256213147003715586
1256213414587666432
1256213421562843136
1256213670184407041
1256213984585236480
1256214265381478402
1256214606621614088
1256214885395988482
1256215106611970049
1256215286392422401
1256215494367096832
1256215556685889536
1256215813331152897
1256216252969877504
1256216447283412992
1256216465461645313
1256216518053908480
1256216690242748417
1256216710463569923
1256216942370680833
1256217626004590593
1256217641963753472
1256218182764777472
1256218437656948737
1256218629856731143
1256218660378730496
1256218771607433218
1256219505119895552
1256220321713094662
1256220606372208642
1256220687087403010
1256220763599843332
1256220852485586947
1256220883749867520
1256221598031450120
1256221673046540296
1256221923987664899
1256222009744392202
1256222072738586624
1256222352481890304
1256222416193441792
1256222456949485568
1256222491019743234
1256222919480524802
1256222997821698049
1256223057158590477
1256223117002919938
1256223119796289538
1256223182438248455
1256223194350002176
1256223226931417093
1256223402798522381
1256223934875385856
1256223936720908289
1256224042949971971
1256224062549917702
1256224138055778307
1256224399369424907
1256224573248491521
1256224711144505344
1256224735287009288
1256224859685879811
1256224871777996805
1256225179673546754
1256225241673674755
1256225855140921344
1256225975207108608
1256226286206439441
1256226298436956161
1256226311032406020
1256226379735146499
1256226535478099972
1256226803871555592
1256226975712268290
1256227051293544451
1256227058079891457
1256227109091115016
1256227303941722129
1256227447307145220
1256227502026117126
1256227701561704450
1256227738664476673
1256228168576401408
1256228263267098629
1256228266907746306
1256228357294915586
1256228735386365953
1256228761743372291
1256228763077050371
1256228846501801990
1256228846791266309
1256228999686209546
1256229614537584640
1256229780153925633
1256229834067521542
1256230481399631872
1256230988256075784
1256231001266798597
1256231002097287168
1256231148218449921
1256231314925240329
1256231388166094848
1256231428997734402
1256231621591793665
1256231746250686471
1256231896540946432
1256231941231333382
1256231983497252869
1256232032969113601
1256232144965447682
1256232336808718336
1256232421961465858
1256232544204460032
1256232589146435584
1256232632972652544
1256232650009972736
1256233050997960705
1256233103980466177
1256233357077286912
1256233640557776896
1256233666134540289
1256233705414279171
1256233739090374657
1256233774628712449
1256233883928006658
1256234186173710337
1256234323415629824
1256235019338690560
1256235024162185222
1256235418716180480
1256235532314710017
1256235776838418432
1256235807628767236
1256235904928186368
1256236005134348289
1256236037698924545
1256236076798300161
1256236122365181952
1256236198047223813
1256236269811699712
1256236469078888450
1256236584304852993
1256236700029857792
1256236756472651779
1256237003395530752
1256237077794107395
1256237079064788992
1256237258971197446
1256237326591840259
1256237410507161602
1256237576807239681
1256237638035689474
1256237811541434371
1256237842876989447
1256238131084288000
1256238402929909761
1256238425939808261
1256238440980471808
1256238631523581952
1256239086160867328
1256239427610959875
1256239598440775680
1256239904767586304
1256240165200289798
1256240313473138690
1256240401217990657
1256240470902136844
1256240536295481344
1256240614477377536
1256240628637327360
1256240743418433536
1256240972071088136
1256241063406247936
1256241140384305153
1256241175469703168
1256241351793840130
1256241478059335680
1256241495981600769
1256241810088824832
1256241834944315395
1256242152599937028
1256242401057914880
1256242787927961601
1256242808022880259
1256242815761371136
1256243085207408645
1256243100504162304
1256243121903583233
1256243251771609091
1256243253189292037
1256243253751382016
1256243363751305216
1256243466478247937
1256244111750729730
1256244538416549889
1256244867631648768
1256244925303267329
1256244984598147078
1256245013224267782
1256245331831873536
1256245514363961346
1256245785659834368
1256246087121350657
1256246100257918983
1256246323571023875
1256246324116303874
1256246419293380608
1256246801746857986
1256246887855927299
1256246935004024832
1256247103812243462
1256247132803272705
1256247875278962689
1256248006229274624
1256248136680562690
1256248137754324994
1256248387529248769
1256248642895257601
1256248650373541888
1256248702370488323
1256249166235344896
1256249188909608960
1256249330027110402
1256249725617086465
1256249744143368193
1256250667024257024
1256250938047836160
1256251052875288576
1256251132470374406
1256251411278503942
1256251796630040576
1256251948803776517
1256252279184900098
1256252307118993410
1256252686485327872
1256252948444741633
1256253062886408192
1256253094553423875
1256253302444101634
1256253322941480960
1256253495512125447
1256253692056985600
1256254114834649089
1256254627827388417
1256254690163130369
1256255742375493632
1256255861330194434
1256255985511010305
1256255999524040709
1256256020852211713
1256256092138586113
1256256308300439552
1256256438978174976
1256256451292487680
1256256452500447232
1256257308625113089
1256257379055828994
1256257487113793541
1256257525940473856
1256257781981745152
1256258087930888192
1256258091298852864
1256258201550573568
1256258640333336576
1256258880822300672
1256258968130777089
1256259052461592580
1256259366115672064
1256259471367475201
1256259614171033600
1256259652360306689
1256259735071973383
1256259791355289607
1256260070918295553
1256260116854292481
1256260156364435456
1256260393988546562
1256260510976217089
1256260582983909377
1256260721362558978
1256260794578350085
1256260805890387969
1256261107200770048
1256261121566220289
1256261224779710464
1256261700178894853
1256261713181184001
1256261738116202496
1256261995839590401
1256262152567939072
1256262173740994562
1256262847174074368
1256262914777980928
1256262924185636865
1256263028477169665
1256263066653732866
1256263070411894786
1256263073998032897
1256263375652298753
1256263469822771201
1256263511618928640
1256263644028923904
1256263821339090944
1256264349590659073
1256264358910324738
1256264484793970688
1256264487226740736
1256264526019923970
1256264828743757826
1256265258919792641
1256265395155107842
1256265403090771968
1256265607806357505
1256265995058118656
1256265997264322565
1256265998279364614
1256266001647374339
1256266002767187970
1256266304018735105
1256266673251852289
1256266674120151041
1256266677051813889
1256266679107100673
1256267194104721408
1256267280830222336
1256267699874906119
1256267869882658816
1256267944499314688
1256268066280759296
1256268381780574208
1256268384653717505
1256268385647759361
1256268388176998400
1256268390429274112
1256268393776373762
1256268477813469184
1256268585590304782
1256268589344194560
1256268593496567810
1256268594704519169
1256268808030949376
1256268854017261574
1256268943444099073
1256268993142370304
1256269156120485901
1256269437583360000
1256269553946054661
1256269853540917249
1256270172115161088
1256270398766735360
1256270489351266305
1256270557101752321
1256270729663746048
1256270762681475072
1256270854092177416
1256270887575261186
1256270986804178944
1256270991493193728
1256271059835334657
1256271059784998916
1256271095344365569
1256271451633725441
1256271564552601606
1256271799538429952
1256271891418894338
1256272022709112832
1256272066594009090
1256272518157139970
1256272852099178496
1256272901030006787
1256272902174896128
1256272940749991936
1256272956226928642
1256273011109441537
1256273183369342976
1256273262381862912
1256273791212089344
1256274106628083713
1256274239016955904
1256274273850834945
1256274509440724994
1256274568026734592
1256274605939064839
1256274704236638208
1256274767935569920
1256275302113673217
1256275392891170818
1256275575020220416
1256275623431020544
1256275964864204804
1256276634547695619
1256277188447547393
1256277188543946752
1256277242822475778
1256277263710064640
1256277292789030912
1256277805777793024
1256278095356723200
1256278194820231168
1256278756957749249
1256278768982818817
1256279025447604224
1256279046297661441
1256279175792558081
1256279285179928576
1256279551858094081
1256279709857525767
1256279734369095681
1256279885112201216
1256279926673727489
1256279972269916160
1256280083863678978
1256280239027687424
1256280375497822209
1256280585628266496
1256280830730780673
1256281345027985408
1256281349427732480
1256281375667376129
1256281618542587904
1256281630202834944
1256282100313047040
1256282217086664704
1256282217480949768
1256282422288809986
1256282764988477440
1256283253079601154
1256283413503520769
1256283563323830273
1256283702272933894
1256283752898211840
1256283848591228930
1256284125515796481
1256284236710948869
1256284305816461313
1256284385378070528
1256284453447573504
1256284483143249922
1256284645081169920
1256285036204249088
1256285115728244743
1256285217406451715
1256285304165711874
1256285414278574080
1256285439209717760
1256285493496602625
1256285616179986436
1256285757313961984
1256285897026269185
1256286004945666049
1256286338086768640
1256286725405642753
1256286747870273536
1256286776777293824
1256287092742721538
1256287348557410304
1256287602254086144
1256287696139550720
1256287849646784512
1256287891287937030
1256288089355386880
1256288161757462528
1256288248369987585
1256288500703526921
1256288945026940928
1256289045128282117
1256289275982884874
1256289416366174208
1256289455822057473
1256289671211966465
1256289808504295425
1256289812388036608
1256290035382575104
1256290266832650245
1256290296247259136
1256291550751068161
1256291554609807362
1256291681030361088
1256291793689288704
1256291809321418753
1256291885523456000
1256292226109497344
1256292326391103490
1256292351208652800
1256292544364806153
1256292997479661569
1256293138794242050
1256293328393404416
1256293395875725312
1256293843563134976
1256294142222536704
1256294322779152384
1256294336750370817
1256294422419058688
1256294682289553408
1256295080979132416
1256295084586196994
1256295420248064002
1256295589630955527
1256295852571844608
1256296009040310274
1256296297012908033
1256296598574858240
1256296626102194184
1256296789470261248
1256296796269293569
1256297165745422336
1256297241863741441
1256297422462091264
1256297869067399168
1256297921177432066
1256298167819264002
1256298303203000321
1256298369128988672
1256298479824953344
1256298855693336576
1256299014724694018
1256299425867038720
1256299495119339522
1256299731019608064
1256299771435847682
1256300044443095040
1256300244226068480
1256300355052343297
1256300524623757314
1256300692823773184
1256300738394931201
1256301423685320704
1256301487233421320
1256301577842941953
1256301780960456706
1256302023420624903
1256302345551560706
1256302355060047877
1256302430658142209
1256302622396612610
1256302866991665152
1256303264984752128
1256303272576585728
1256303571772960768
1256304207935782918
1256304378614595585
1256305214178463745
1256305321376534528
1256305426997448705
1256305489240928256
1256305479698898944
1256305654358147072
1256305699610603521
1256305700088602624
1256305733236338688
1256306073054691329
1256306337916391424
1256306394795356161
1256306475682549760
1256306627491188736
1256306754884796425
1256306807959478273
1256306971801763843
1256307262173270016
1256307351184949250
1256307368364662785
1256307610640408581
1256307715946799106
1256307769243660288
1256307800185212930
1256307928690126848
1256307988823973889
1256307991172636672
1256308070356901892
1256308189756223489
1256308445122191360
1256308528031072256
1256308662655582210
1256308713373052929
1256309073995325443
1256309112708763649
1256309136662265856
1256309270389207041
1256309987732631552
1256310139969101826
1256310143332937730
1256310159909011461
1256310410803888135
1256310702014423041
1256310896994869248
1256310929731485704
1256311120031371266
1256311186628345856
1256311314131099648
1256311383559471104
1256311677672230912
1256311689915576320
1256311782735351808
1256312030111268865
1256312166506016770
1256312172734550019
1256312442449248261
1256312613295644672
1256312642441969672
1256312774139031553
1256312808636989440
1256312899280056320
1256313003307225089
1256313037079838720
1256313107565219840
1256313159192924161
1256313448671047680
1256313578753101824
1256313752451874817
1256313760018382848
1256314035609522176
1256314044748664832
1256314066546708480
1256314274160443397
1256314333874679811
1256314592357044224
1256314743373156361
1256314883647381507
1256314887048818688
1256314970804912133
1256315082172063744
1256315120118124544
1256315726165446656
1256315774597238786
1256315978712903680
1256316098103967744
1256316216009822208
1256316372260249600
1256316414551404544
1256316840571138048
1256316943180730370
1256317043466436608
1256317230855237632
1256318105061486592
1256318240004780032
1256318243507068928
1256318661427511296
1256318809742295040
1256318894546939904
1256319242158239744
1256319560908779520
1256319634451705856
1256319668958015489
1256319703498153985
1256319870658064384
1256320138225295360
1256320383717830656
1256320393909989376
1256320486486634497
1256321055913676801
1256321161878634496
1256321455064637440
1256321461138014208
1256321573146865664
1256321811177865217
1256321955981975552
1256322020893057026
1256322179819401216
1256322421797224448
1256323021066780672
1256323094559338496
1256323142353444869
1256323293059018752
1256323323857797120
1256323339204739073
1256323390547193856
1256323443592531968
1256323498001051648
1256323652338937858
1256323787118657536
1256324113963945984
1256324319552004096
1256324348337516544
1256324457540403200
1256324637840965632
1256324660137881600
1256324705276932096
1256324802911932416
1256324811011158016
1256324912681111552
1256324922860695552
1256324982176485376
1256325443143077888
1256325565776162817
1256325693513719808
1256325767950028801
1256325797960245249
1256325818231353344
1256326329672196099
1256326795764232194
1256326890316414976
1256327007375261696
1256327027231096834
1256327045136568321
1256327347294203904
1256327557114327040
1256327570846433280
1256327864275759105
1256327970152517632
1256328050628681728
1256328144975355905
1256328175866441729
1256328295550906369
1256328777124069376
1256328844547551232
1256328944380293122
1256329017445122049
1256329031001108480
1256329036021633025
1256329813607899138
1256330129585762304
1256330449850269697
1256330615940460549
1256330825685102594
1256330972271792128
1256331068975706112
1256332205606834176
1256332290906419200
1256332482879741952
1256332571304026112
1256333008920952833
1256333001618644993
1256333057142874112
1256333064369614848
1256333211761733633
1256333350840569858
1256333455186472961
1256333683176247296
1256334000483758081
1256334142402293760
1256334208303198210
1256334416063787009
1256334688483897344
1256334772575461376
1256334828053528577
1256335199824011266
1256335330757632000
1256335905544998912
1256335919109402625
1256335950113718274
1256336087120613376
1256336223435501569
1256336396882604042
1256336557885120513
1256336589375979520
1256336618291527680
1256336668149202945
1256336683991089153
1256336791218450433
1256336882042011651
1256337018323300352
1256337092931543041
1256337197831057409
1256337345034563590
1256338018287276032
1256338395888070656
1256338799728168964
1256338880560656386
1256339168663404544
1256339199373897728
1256339290130247680
1256339473429745665
1256339568392933377
1256339918156001281
1256339990503718912
1256340257311604737
1256340269785481216
1256340334394527744
1256340363502993408
1256340572077355008
1256340636753592323
1256341324355100672
1256341508606869505
1256341555927023618
1256341635887030272
1256341666736345094
1256341765621051392
1256341768913793024
1256341884332658698
1256342019921842177
1256342536773177344
1256342982246227979
1256343022272307201
1256343038730874882
1256343296160542720
1256343451819540480
1256343658216992774
1256343745412268033
1256343781927870464
1256344238712913926
1256344470158626816
1256345069734461441
1256345102097747968
1256345104471724035
1256345468516302849
1256345493849980931
1256346431880867840
1256346627494862848
1256346639721168896
1256346694066810881
1256346765583945730
1256346826858532871
1256346855576723456
1256346922924666881
1256346923130290183
1256346937000964096
1256347278962548739
1256347933579984896
1256348019122999303
1256348186383249409
1256348182377910272
1256348185347321856
1256348215806504960
1256348577657499649
1256348575862345730
1256348903819132929
1256348952955424768
1256349189006475264
1256349365557436422
1256349513947713538
1256349653521448961
1256350041570041856
1256350053326823425
1256350216258756609
1256350374719631364
1256350602227003393
1256350803511697408
1256350865947938816
1256350922713763842
1256350937423114240
1256350938505199616
1256350986207203333
1256351153962594304
1256351191962918913
1256351319352279041
1256351357088313345
1256351455822446593
1256351738749054976
1256351818763980801
1256351826720337921
1256352204681773059
1256352385976467460
1256352583402356736
1256352670140465152
1256353033191120898
1256353091080732673
1256353146881933312
1256353693026463744
1256353919195906050
1256353986023690246
1256354094479892480
1256354563751399429
1256354583439441920
1256354927355604997
1256355704983732225
1256355803356958720
1256355966087573507
1256356059675070464
1256356150917791744
1256356422994079749
1256356665630261250
1256356702116556800
1256356961622294531
1256357080442773505
1256357169169129472
1256357244381339648
1256357355928858629
1256357381585473538
1256357466742325248
1256357511445299204
1256357588700033024
1256358301706727424
1256358832239972352
1256358978247970817
1256360359457325056
1256360755470962689
1256360899444502528
1256361265275916288
1256361866512732163
1256361897600978952
1256361913354719245
1256362313545908224
1256363029140082690
1256363032466255872
1256363055748915200
1256363129749020672
1256363239199383552
1256363391926534145
1256363563435864066
1256364016609439745
1256364014457753600
1256364093822455821
1256364211237765120
1256364335200456705
1256364602390167555
1256364620794736641
1256364639690072069
1256364912458293248
1256365441531944961
1256365462075502592
1256365503062462466
1256365856252203009
1256366098095788032
1256366190030700546
1256366456390012933
1256366464006795270
1256366528477507587
1256366698539687936
1256366706932490242
1256366804701593601
1256366807121825792
1256366987539857409
1256367066304651275
1256367338464698375
1256368029446922243
1256368396628905986
1256368409559863296
1256368483371290628
1256368818911395845
1256369153637744642
1256370415368376320
1256370449828573184
1256370473946005505
1256370605483589632
1256370621711290374
1256370780616691717
1256371325880369152
1256371458680303616
1256371494621343749
1256371598686253056
1256371656794095616
1256371686213144586
1256371795717877760
1256371809190137857
1256371822355939329
1256371845185576960
1256372097745596418
1256372172609728517
1256373056337072129
1256373202520911873
1256373321949683715
1256373471254204416
1256373629887094784
1256373665031061504
1256373798393298949
1256374015264002048
1256374326632214529
1256374464180346881
1256374474649161728
1256374578424807430
1256374603544317952
1256375074577420289
1256375591491612672
1256375703458766848
1256375882907779072
1256375920312692737
1256376051908988929
1256376264576733184
1256376362274717696
1256376486564683776
1256376797848985600
1256376850928017409
1256377210530865153
1256377248774529030
1256377424641736705
1256377537409794048
1256377749574311936
1256377750618660866
1256377751734370304
1256378122070622208
1256378347699015680
1256378510114869248
1256378545959510029
1256378739967102976
1256378778953101312
1256378900986449921
1256378905851822086
1256380008546865156
1256380008802770945
1256380287954518016
1256380297245069319
1256380324361183233
1256380483430223873
1256380846182785025
1256380866504257536
1256381506534215682
1256381507813457921
1256381508740362241
1256382013675900930
1256382348746203136
1256382742159376392
1256383384332505089
1256383438007013377
1256383490825826305
1256383623374217221
1256384151403540487
1256384290864140289
1256384523392086016
1256384700853161990
1256385198398283776
1256385228752293888
1256385562228830208
1256385699751686144
1256385718412349440
1256386130599194629
1256386239328063489
1256386306751508480
1256386395645652993
1256386572762722311
1256386749959413760
1256386927235944450
1256387001378627585
1256387484302311429
1256387634722746368
1256388064420810758
1256388106678386689
1256388496794755072
1256388703355916290
1256388721747857408
1256388792468090880
1256388919924490241
1256388948047224833
1256388970486943745
1256389059292934151
1256389236946808832
1256389327648485376
1256389371252613120
1256389394321326083
1256389413501894656
1256389590639927298
1256389849675755520
1256390323745386498
1256390353915125760
1256390379907276813
1256390633188659202
1256390668437635072
1256390992028196871
1256391088329248768
1256391216368726019
1256391277819633664
1256391366353059840
1256391455746273280
1256391632649420801
1256391721056980993
1256391722763984900
1256391899365011456
1256392046161678336
1256392076549332992
1256392106194722817
1256392158229278720
1256392254043848704
1256392263590084609
1256392319139528704
1256392600472322048
1256392601550217217
1256392667157667843
1256393195203616768
1256393481330794496
1256393530152542208
1256393607583535104
1256394323391918081
1256394375506153472
1256394391293321217
1256394929623924741
1256394947391078408
1256395279005294592
1256395414191955971
1256395607242989568
1256395677720084482
1256395689413804032
1256395719939747845
1256395879751266304
1256395997963485189
1256396186052972546
1256396250196262912
1256396299764711434
1256396323730804736
1256396521215365120
1256397558009802753
1256397619175227392
1256397655531536384
1256397688590999553
1256397812599787520
1256397823110721541
1256397885052055552
1256397885999964160
1256397888030044161
1256397888952791041
1256397889900646401
1256398100006133767
1256398192406671361
1256398388720893953
1256398468874072064
1256398565506715658
1256398820096778240
1256399000649031685
1256399146631733251
1256399471031791617
1256399583195824128
1256399664481476608
1256400048788770817
1256400160596332545
1256400209615216647
1256401429989920768
1256401457676419074
1256401692079329280
1256401843032330240
1256401931779616775
1256402108087185408
1256402196352114689
1256402373112672257
1256402543275622400
1256402549214765062
1256403041563049984
1256403160094199811
1256403382404874241
1256403467842674690
1256403493381955586
1256403527825571840
1256403817899257857
1256404222142222336
1256404278685642764
1256404425133809664
1256404940387385344
1256405028576821249
1256405204834168833
1256405293761572864
1256405427471945728
1256405469771501575
1256405621123035136
1256405645890387979
1256405821354848257
1256405879752216576
1256406198204719106
1256406819192410112
1256406894618574852
1256406958644449280
1256406962725666816
1256407280427438082
1256407578814210050
1256407582379356160
1256407584442966018
1256407588024901633
1256407628902694914
1256407748583067649
1256407915709132801
1256408017458925569
1256408148266700802
1256408380081672192
1256408465188302856
1256408703617638400
1256408766175731715
1256408930843951104
1256408977031626752
1256409112876847105
1256409293319962626
1256409306464993285
1256409457652834305
1256409589777461249
1256409697139245057
1256409704097411073
1256409709705179137
1256409711492153347
1256409749165412352
1256409819352727552
1256410069106716673
1256410548406833153
1256410853261402112
1256411490283859968
1256411655954628608
1256412588612767744
1256412793172975617
1256413015009906688
1256413048178307072
1256413124154077184
1256413494783684608
1256414296851902464
1256414626587213828
1256414638515912704
1256414710649552896
1256415062400610304
1256415346355036160
1256415424759070722
1256415479104757761
1256415500768182277
1256415712559726592
1256416416376520709
1256416632575946752
1256416634220109825
1256416635688124417
1256416731880230913
1256416779645014017
1256417648306532352
1256417773296799745
1256417914359513088
1256418270011207680
1256419017205649408
1256419019164352513
1256419091813990405
1256419503703035904
1256419877386059776
1256419983900450817
1256420041563820032
1256420080117784579
1256420115366793218
1256420452584611849
1256420718218293250
1256420871264243712
1256421064416137221
1256421249380765696
1256421309136994311
1256421309237678080
1256421621641785344
1256421651316645888
1256421882946916352
1256421954418065409
1256422130696290304
1256422323521019904
1256422543595986945
1256423008232599555
1256423027648102403
1256423609616273408
1256423664800747521
1256424087926300673
1256424094133780482
1256424313265295360
1256424574528425984
1256424643088523266
1256425023935569922
1256425190520692736
1256425311467638788
1256425391100747777
1256425718587764737
1256425729287507968
1256425849303240704
1256425947315580930
1256425983474794496
1256426068031836161
1256426100994928640
1256426466717417473
1256426507859308546
1256426889134178305
1256427119950860289
1256427383936159744
1256427395206328320
1256427517298253826
1256427523019362305
1256428296168001536
1256428689278922765
1256429219179040768
1256429485655760897
1256429721602195457
1256429866389569538
1256429970647166977
1256430153363832837
1256430163392331776
1256430263179018240
1256430857415471104
1256430973912309761
1256431589078323200
1256431605062623233
1256431854028234753
1256432173915176962
1256432318002184192
1256433141050486790
1256433399289520128
1256433464641019906
1256433744577167363
1256433795588382720
1256433870993453058
1256434409894543360
1256434643248824322
1256435150000394241
1256435512992301061
1256437089425555456
1256437268547547136
1256437644910661634
1256437777387925504
1256437805451886593
1256438336706707456
1256438666043539458
1256439328554827776
1256439493059506179
1256439585082470401
1256439695652913154
1256439831338668038
1256439904629907457
1256440087317024768
