1263689080145096704
1263689089238401025
1263689302636032001
1263689794644828166
1263690504417546240
1263690750249795590
1263691255386648577
1263691305043013632
1263692005215023111
1263692229526409216
1263692727553855489
1263693195122298880
1263693204643123200
1263693546198118405
1263694053100617730
1263694112122966016
1263694237121601536
1263694372652019712
1263694795546996737
1263695342752526336
1263695344136667137
1263695345315278848
1263695392262230016
1263695487938498560
1263696017402269698
1263696126223486978
1263696160549752832
1263696370847952896
1263696495125069825
1263696732862504961
1263697151919603717
1263698164382683136
1263698458961235968
1263698470042509312
1263699434199810049
1263699917169541121
1263700344669900800
1263700475297312768
1263701114479734784
1263701134860001281
1263701262991675392
1263702328928014336
1263702367230443520
1263702653273387008
1263702700870504448
1263703058653106179
1263703764571172869
1263704450813870081
1263704597375389698
1263704659895570433
1263704727809921025
1263704739973410818
1263705795520323584
1263705816085016581
1263705958628417537
1263705990974889984
1263706617549402113
1263707572936282112
1263708436241567745
1263708586045292544
1263708792916754432
1263708807538106368
1263710061538443265
1263710259174146048
1263710322973540353
1263710325213294592
1263710326278590469
1263710861530726410
1263711162002075649
1263711205614592001
1263711670133616646
1263712150884884484
1263712455722782720
1263712455777292292
1263712714586828801
1263712740557889544
1263713795366457345
1263713950748815361
1263714171281080328
1263714231708528640
1263714979519365120
1263716112807665664
1263716143086415876
1263718171967717379
1263720514759151616
1263720550024851456
1263720593041522690
1263720759098302464
1263721394791120897
1263721873952641025
1263722048041279489
1263722436622680065
1263722758095155200
1263722825166188544
1263722887300689920
1263723028321468418
1263723266960773121
1263723817194659841
1263725190325964801
1263725219732164613
1263725541133127681
1263725766174482435
1263726022098378757
1263726042885189633
1263726148783136770
1263726293897658368
1263726574148427777
1263726916810440706
1263727416733839360
1263727507741855746
1263727899913445377
1263729823198953472
1263729886167957504
1263729935434350592
1263731276063875075
1263731665643413509
1263731960498831361
1263732240661442560
1263732460879134720
1263732461105627136
1263732816661094400
1263732837892546560
1263733163609788416
1263733443457769473
1263733770412101632
1263734047915859972
1263734648829612036
1263734679749849090
1263734854463770625
1263736215121072128
1263737010801557505
1263737178909298689
1263737291786330112
1263737530748268544
1263737577259044864
1263737994961391616
1263738015006031874
1263739591804272643
1263739592383004673
1263740146152767489
1263740210157780992
1263740391599161344
1263740440425058304
1263741092865937410
1263741499184951296
1263741992439341057
1263742012681043970
1263742162841112577
1263742163331907591
1263742372103553026
1263743215049625605
1263743420574679042
1263743610547310594
1263744037053399040
1263744996726812677
1263745296451825664
1263745371173462016
1263745804604289025
1263745901643825152
1263745918160875520
1263746149288198144
1263746641707712513
1263747439036559360
1263747946148843522
1263748304959156224
1263748656492163073
1263748766420684804
1263749825100525569
1263750059595894784
1263750327028854784
1263750863195181056
1263751150953738241
1263752432972111873
1263754066175365121
1263754664597762048
1263755618642325505
1263755851673804803
1263756245141303296
1263756576512331778
1263757376462532611
1263757382309433346
1263757504497901570
1263757505546477572
1263757907763638274
1263758116501327874
1263758614038265856
1263758744036483072
1263759061029273600
1263759397559427074
1263760098809262080
1263760300626644993
1263761012806868993
1263762005095301120
1263762537335513090
1263762728101056513
1263763060872949760
1263763293786652676
1263763793781198852
1263763798340497414
1263763852984008706
1263764142248333313
1263764498600648704
1263764515558027264
1263764805124386818
1263764806185570306
1263764859784699906
1263765296629850113
1263765379123478528
1263765703825469440
1263766435647549440
1263766504400515078
1263767837023354881
1263767839103688704
1263767839988744194
1263768205312565251
1263768325269549056
1263768326687211521
1263768328297836545
1263769132408938496
1263769832710746112
1263771252059189250
1263771353645228032
1263773020591702016
1263773502991204352
1263774353952509952
1263774386512957442
1263774591240908804
1263775184135340032
1263775450167275520
1263775551011119104
1263776208975564800
1263776231763427328
1263776755816390656
1263776861873754113
1263776862393810947
1263776872657117187
1263776968258007044
1263777024700747777
1263777270293884928
1263777577799467008
1263777608950562816
1263777625513869314
1263777767348334592
1263777777532239872
1263777988476313601
1263777995640233985
1263779572350439424
1263779773752307714
1263779778072424448
1263779832955047937
1263780250267250688
1263781256057237509
1263781500992065536
1263782004132319232
1263782388364083200
1263783297160601600
1263783478165999617
1263785134916022272
1263785815328428036
1263785816746156033
1263785831518650369
1263785902381436928
1263786725589090304
1263786772926025729
1263786823341359104
1263787187486613504
1263787446786863104
1263787909745958912
1263788337174769668
1263788733960159232
1263788747302359042
1263788810296373248
1263788968077922304
1263790089102114816
1263790478295695361
1263790592292802561
1263791229243756547
1263791232767143939
1263791278740946945
1263792197809451009
1263792444358918144
1263792447626399747
1263792499119751169
1263792737075134465
1263792881661345797
1263793297836969984
1263794126065197057
1263794394425147393
1263795041019080705
1263795057485770754
1263795864914538498
1263796261439672322
1263797066565894144
1263797117082120193
1263797246124068864
1263797990700937218
1263798043226365953
1263799501774630917
1263799809397448704
1263799964259495937
1263800693535670277
1263800996104290304
1263801200450785280
1263801653918142465
1263801916628307969
1263802097755131904
1263802131779407872
1263802190143131649
1263802237182259202
1263802303867469824
1263802697301385216
1263802896564527105
1263803144036773893
1263803508760985600
1263803794552500224
1263804153131909125
1263804253489020929
1263804440055820289
1263804515473666049
1263804969884348417
1263804987941019648
1263805338786168832
1263805535809351681
1263805593359433729
1263806049989132288
1263806251852533761
1263806835074764804
1263806935956144128
1263807093364133889
1263807113756725248
1263807698014855169
1263807761021689857
1263807984582475776
1263808250526433280
1263808713648820225
1263809006222614528
1263809155254624256
1263809372452458496
1263809445705871361
1263809604309278720
1263809746521460736
1263810000864059392
1263810563332870145
1263810697516986369
1263811828242669575
1263812143423643650
1263812176701280257
1263812395169984512
1263813151994363904
1263813452600090628
1263813933611261952
1263814088586641408
1263814216894595073
1263814238134394882
1263814537628786690
1263815075858649090
1263815695340638208
1263815842468331521
1263816329007640577
1263816343436001286
1263816533664555015
1263816813089079296
1263816899193946113
1263817085265854464
1263817119306743808
1263817170468904962
1263817351549652995
1263817448253542401
1263817659306708997
1263817675215638530
1263817875489423365
1263818012617916417
1263818041932099589
1263818288536055808
1263818783698944001
1263819291083698176
1263819465386532864
1263819748103598082
1263820082200875014
1263820148240195584
1263820292612390918
1263820528323788800
1263820541661720576
1263820766698590210
1263820859296407553
1263822016131600385
1263822353823342603
1263822531229671424
1263822682203791361
1263822941118218241
1263822992150343680
1263823131904532485
1263823354299064321
1263823946249465858
1263824570999398402
1263824573897687042
1263824779200487425
1263824813908545538
1263824814021713920
1263824871332732935
1263825152120406016
1263825598570549249
1263825681286381570
1263825954528362496
1263825978306039808
1263826227808346112
1263826796748976128
1263826824846618624
1263826985677205512
1263827065125601280
1263827450556846080
1263827555930398720
1263828019266777088
1263828092574990336
1263828159478272001
1263828249286672390
1263828864737869824
1263828866897866755
1263828966198185991
1263829197329510401
1263829230909108224
1263829755952017409
1263830013633323009
1263830702312677378
1263830859230015489
1263831020299837441
1263831200558280705
1263831366002606083
1263831540754272261
1263831891557433345
1263832314582310913
1263832443406123011
1263832618505613313
1263832888652574721
1263833019644817410
1263833168735432707
1263833902092816391
1263834323368792065
1263834336471769092
1263834609197948934
1263834887683006467
1263834971795415040
1263835586319745027
1263835793254240263
1263836068400566273
1263837149545353219
1263837372325793792
1263837908353466368
1263837909783724032
1263838072589950977
1263838289724915712
1263839035983831041
1263839455749652481
1263839953282359302
1263840017127845894
1263840094856916993
1263840433580408832
1263840935323922432
1263841559574798336
1263841595348090880
1263842412067278849
1263842692783648771
1263843282066571266
1263843304036282368
1263843307425325057
1263843352618897409
1263843378430709760
1263843529832509442
1263844109325938691
1263844213311012865
1263844275860709376
1263844395595567111
1263844475039817731
1263844792838078471
1263845046715023360
1263845161735524353
1263845260830146561
1263845452501393409
1263845693757718528
1263845925526491140
1263845984871813120
1263846122453438465
1263846284655501312
1263846832473587712
1263846987553800193
1263847630230208513
1263847718360883200
1263847903014998018
1263847906462691328
1263847962494500864
1263848120301084673
1263848305202790401
1263848344868265984
1263848510711107586
1263848616562577409
1263848997330071553
1263849192847544322
1263849370308534273
1263849389925203970
1263849465120722948
1263850025093746688
1263850138499526656
1263850324714020865
1263850528879964161
1263850860209213452
1263850846715932680
1263850926189748224
1263851174442209285
1263851300732710914
1263851384321032193
1263851397419802625
1263851576453726221
1263851836433403906
1263851992818032640
1263852257289867267
1263852317494910977
1263852755052969984
1263853133253545986
1263853848239788032
1263853873447546883
1263854366118670336
1263854517042458625
1263854525229658114
1263854786958458880
1263854799096811520
1263854948896444418
1263855070216515589
1263855210558095360
1263855366523191296
1263855453202788359
1263855515056123905
1263855617426386944
1263855655179485185
1263855741435338757
1263856039407083522
1263856090346905601
1263856238871433216
1263856273256099841
1263856568333975553
1263856662806495233
1263856788350197765
1263856832768065538
1263856883905040384
1263856891328892932
1263857022052818946
1263857595275792384
1263857941767208960
1263857951644712960
1263858404088352770
1263858669797679110
1263858729134538753
1263858897267425280
1263859147390541824
1263859587498860544
1263859595790872576
1263859645665476608
1263859923378733057
1263859927728025600
1263859974700236802
1263860016785829889
1263860793579237378
1263860906188058624
1263860957127811075
1263860982859943936
1263861213542453249
1263861387933204480
1263861392643325952
1263861450558316546
1263861454597509123
1263861475854204929
1263861659443003395
1263862057893535746
1263862124209598464
1263862379802132482
1263862685369806848
1263862699257204736
1263862704353116161
1263862927594938368
1263862927611887616
1263862951867531269
1263863598075478016
1263863736353329153
1263863968763871232
1263864331189415937
1263864671590899713
1263864731372261377
1263864871105503232
1263865371444023296
1263865834201481216
1263865843642961920
1263866019560534019
1263866207452700672
1263866214683639816
1263866456309141506
1263866548722302976
1263867224512778241
1263867650964422657
1263867656211435520
1263868337202663424
1263868500935925765
1263868643533881345
1263869395379650560
1263869499599708160
1263869553932713988
1263869593862516738
1263869932720336897
1263870043835727878
1263870481394020353
1263870740685893637
1263870898211368962
1263870920885628928
1263870975155875840
1263871190407544832
1263871308582072321
1263871490908397575
1263871536374710275
1263871601524834309
1263871919146905601
1263871953305305088
1263872011287187459
1263872092933668864
1263872132183924736
1263872213020803073
1263872286026805249
1263872389110272001
1263872535566917632
1263872565770149891
1263872742094524416
1263872801162899456
1263872918771154944
1263872936789921793
1263873003718348800
1263873019509968896
1263873043954315266
1263873096177631233
1263873184706822150
1263873270111072257
1263873690351153153
1263873775403057153
1263873900598956037
1263873908115193856
1263873934069395457
1263874044581023744
1263874089955008518
1263874847052107783
1263874923694440451
1263875047191691271
1263875152950878208
1263875224111628288
1263875245393444864
1263875400423309318
1263875577368522758
1263875690513883136
1263875753768353792
1263875930302357508
1263875979115524097
1263876018412101633
1263876410780692482
1263876585242927107
1263876606206128129
1263876828613144578
1263876888017043456
1263876892454772736
1263877381833601027
1263877382731173888
1263877530760687616
1263877627011620865
1263877792875327489
1263878279464919042
1263878411082174464
1263878587628883974
1263878763747717120
1263878816046424064
1263878851588952064
1263878999866068994
1263879269186523136
1263879522744762368
1263879578231209984
1263879696351137797
1263879988639662086
1263880353875443718
1263880626119364610
1263880714467999746
1263880714111586304
1263880797192421382
1263880890113052673
1263880943292612616
1263880976981209088
1263881066114420740
1263881113652559878
1263881242602352641
1263881314866008064
1263881406247243776
1263881419694235651
1263881554608062464
1263881595951480833
1263881609251622913
1263881637013663754
1263881684899987456
1263881751991947264
1263881847819231232
1263882230260289539
1263882448020144140
1263882731265679360
1263882763221991424
1263882904171675648
1263882950854225925
1263882957313511426
1263882993854283783
1263883044873572353
1263883406070484997
1263883459413639168
1263883556415127552
1263883569031766016
1263883745423241217
1263883745440026624
1263883764268138498
1263883923014197250
1263884003301613568
1263884100060020737
1263884132427448327
1263884208977526784
1263884276539457536
1263884289114079234
1263884353739816963
1263884421054083072
1263884453824339968
1263884541862739969
1263885640795553798
1263885641173131264
1263885822778118149
1263885963278913536
1263886061446496260
1263886179029716993
1263886391416623104
1263886579107598337
1263887457671503872
1263887512868720642
1263887925760098305
1263888057826246656
1263888162415415296
1263888163971272704
1263888186209472512
1263888195088986112
1263888545514651649
1263889307099631616
1263889396799016961
1263889678211493888
1263889930322837508
1263889987696824321
1263890088334962693
1263890305205637121
1263890694797774850
1263891046787932162
1263891273578090502
1263891500741640198
1263891617577984001
1263891707499819012
1263892303892135936
1263892488298905610
1263892760056270850
1263892950909673472
1263893381492563968
1263893545309659138
1263893714113638400
1263894116141805569
1263894141383127042
1263894309260197900
1263894319087435779
1263894352532824066
1263894354348965890
1263894369930641409
1263894519235457031
1263895059805716481
1263895060640411648
1263895076364746753
1263895392648941574
1263895415893757952
1263895627953573889
1263895672555573248
1263895753853894656
1263895812804874240
1263895892723105795
1263895956547829762
1263896016883003393
1263896263122194432
1263896325747347458
1263896327160844289
1263896908248031240
1263896964669808641
1263897374226878470
1263897379813691402
1263897473065594882
1263897535724367878
1263897641257177095
1263898044099170305
1263898086398623750
1263898249519345666
1263898553895710720
1263898626859958272
1263898735341436934
1263899048530055169
1263899547132141568
1263900161094361090
1263900259127750656
1263900345555537921
1263900424358240258
1263900455794552840
1263900504272392192
1263901155559723010
1263901208391057409
1263901290091995138
1263902695234166794
1263902866210787329
1263902909374369792
1263902987090628609
1263903249008078850
1263903414397931522
1263903570946150400
1263903705503543304
1263903750307155970
1263904493000962063
1263904978336280576
1263905394327519241
1263905771047223296
1263906240729579521
1263906655009492992
1263906752787070988
1263906758042542080
1263907093494599681
1263907124935036939
1263907418423123974
1263907473007788033
1263907652607844353
1263908182981738496
1263908488872411137
1263909000996765696
1263909200847147010
1263909493232074759
1263910231987359748
1263910321627987969
1263910424048795648
1263910643955949568
1263910712839147522
1263911246610522114
1263911383990710292
1263911456858234880
1263912023169150977
1263912173530689538
1263912504310353925
1263912520546312192
1263912527941042189
1263912783558725633
1263912820795678725
1263912825686237184
1263913119883169792
1263913144625385476
1263913444862033924
1263913528408379398
1263913992810045441
1263914039207288832
1263914185873735680
1263914192404279297
1263914314320183297
1263914395983163392
1263914567970680832
1263914812494446593
1263915575887134720
1263915651942559745
1263915780275671041
1263915934332252160
1263916380803551233
1263916416270585861
1263916856521428993
1263917030316654592
1263917033613398017
1263917087266877445
1263917522920837120
1263917605150027776
1263917754358337539
1263917818258415616
1263917916631769089
1263918184127705088
1263918728246366208
1263918904403001345
1263919277758795778
1263919602096132102
1263919650901024768
1263919704776699904
1263919765753671680
1263919878328717313
1263919880161701888
1263920141336641536
1263920610222235648
1263921101022924800
1263921177031999493
1263921187144392704
1263921657833492480
1263921833650388992
1263922079163805696
1263922146771861504
1263922616567427072
1263924071194124290
1263924071638667264
1263924228581195782
1263924346952744963
1263924479584919552
1263924559079759883
1263924684363411456
1263924944645296128
1263924968146055170
1263925040363470849
1263925116729036801
1263925199776313345
1263925232550596614
1263925803051614215
1263925979606589442
1263926915003568131
1263927035170152448
1263927531343880193
1263927604295409665
1263927649946136576
1263927699816529923
1263928143997554692
1263928267708530688
1263928473824956416
1263928482251378689
1263928743053189121
1263928835348877314
1263929329127501826
1263930565163659269
1263931572434210822
1263931752713801731
1263931772770807810
1263931895202697216
1263932041059434496
1263932124194910209
1263932865605185540
1263933038532100098
1263933507530883072
1263933725806596097
1263933771151298560
1263933836460789760
1263933940332716032
1263934320466710528
1263934428436262912
1263934545570795523
1263935034270134274
1263935409031204867
1263935414605361152
1263935587603615745
1263935587624632326
1263935633304825858
1263935805040365569
1263935990831300608
1263936211464466438
1263937510180368386
1263937538856640512
1263937544112218113
1263937572666871808
1263938196984877056
1263938449796509696
1263939039138201605
1263939108386324482
1263939265211387905
1263939284530331651
1263939579054379008
1263939729843728385
1263940074808528896
1263940196640440321
1263940360230723585
1263940659792302088
1263940716696424449
1263941148483223553
1263941339940556800
1263941363856478214
1263941599827984385
1263941798872965120
1263941846780313600
1263942214641729538
1263942351338143745
1263942441524056064
1263942711842951171
1263942840482254849
1263943539563671552
1263943656920276992
1263943797655961609
1263943986487554049
1263944388432052224
1263944453133385730
1263944554853666817
1263944571769274371
1263944804238536707
1263945064109178887
1263945606734716928
1263945629518176266
1263945841271803905
1263945959316176897
1263946018930020360
1263946058205466624
1263946213419876355
1263946654681571330
1263946750219427841
1263946881626824704
1263948706325422086
1263949055702466565
1263949330785976331
1263949378169049095
1263949522171949057
1263949523618914304
1263949798849286146
1263950633926868997
1263950791720796160
1263950792869818368
1263950980602753025
1263951149507309568
1263951285646065666
1263951406857322498
1263951641214169089
1263951653625044992
1263951686994976773
1263951781157011458
1263951962413903872
1263952063412801539
1263952083591593985
1263952423510368256
1263952494658572294
1263952604238876679
1263952692839399424
1263952835764420608
1263952870774276096
1263952966706331648
1263953007093391362
1263953049485299722
1263953226707107841
1263953250136600578
1263953404872794112
1263953565350944768
1263953582098911234
1263953671282360320
1263953952556511232
1263954384691625990
1263954447933353986
1263954802591105030
1263955143634169857
1263955395841843201
1263955448505524226
1263955500389019648
1263955537470853120
1263955715116470277
1263955744824664064
1263955808246812674
1263955892380327937
1263955983564288000
1263956068687888394
1263956176364023808
1263956197289463809
1263956245154848768
1263956276674883586
1263956421105811461
1263956509052096514
1263956637745905664
1263956692137586694
1263956912044941313
1263957043284770819
1263957733381980161
1263957841532108800
1263958036726644742
1263958186605887488
1263958284161224706
1263958372346466304
1263958548897320961
1263958725590691840
1263958727264137216
1263958901961228289
1263959002720792576
1263959078818250761
1263959132584976384
1263959254953795585
1263959343164272640
1263959518720991232
1263959573053890560
1263959766398914560
1263959994313162753
1263960331707170819
1263960424405323776
1263960492705550336
1263960526431846401
1263961117921075202
1263961206018187265
1263961251404754946
1263961383877648385
1263961560067735555
1263961588744290309
1263961618108604422
1263961626111356928
1263961736820011008
1263961882106441728
1263961914260041729
1263962091591028743
1263962120296828928
1263962146301308928
1263962180090814464
1263962408294338562
1263962588209123330
1263962636774977548
1263962888743669773
1263963055278432258
1263963364683739137
1263963529603952646
1263963725612154880
1263963845489561603
1263963956168835074
1263964044878364674
1263964133701169154
1263964222179946497
1263964330103656450
1263964350177558529
1263964398755950594
1263964483007000577
1263964500308316160
1263964575101267968
1263964751572459527
1263964895311269889
1263964919541624832
1263964928953769986
1263964928630755333
1263965017097019397
1263965165130780675
1263965176715309056
1263965408366923780
1263966091048620036
1263966129526960129
1263966441784651776
1263966791149260801
1263966859910512640
1263966879267336195
1263967056120201216
1263967233077907456
1263967410094329856
1263967587236528128
1263967722280562688
1263967763892252682
1263967852115230726
1263967869236154368
1263968265107148801
1263968351958818816
1263968423375245312
1263968671577313280
1263968800795496453
1263969365055221761
1263969455585067009
1263969531892060167
1263969628583342081
1263969717024370692
1263969893508091905
1263969943944486912
1263970069404680192
1263970246068748289
1263970422485323778
1263970441988882438
1263970599220776960
1263970687745773569
1263970836043759618
1263971047491153920
1263971278010056710
1263971660274651142
1263971731926114305
1263972172500008961
1263972462125035521
1263972550436159488
1263972727645446147
1263972904427012097
1263973016813346817
1263973080768094211
1263973186892414979
1263973257486708744
1263973316437704708
1263973433848803330
1263973522885554176
1263973651520552965
1263973669929472000
1263973693463519232
1263973698425573376
1263973729077469184
1263973762984222720
1263974114039037952
1263974331983560706
1263974409498484739
1263974893340766216
1263975296845459460
1263975384724488198
1263975389577306113
1263975561203982336
1263975607353950215
1263975737264148480
1263975777378406400
1263975913890463749
1263976003782635520
1263976090449649670
1263976266681790471
1263976268695064578
1263976355156369408
1263976619531800577
1263976640545206272
1263976699752075265
1263976764080095233
1263977157430251520
1263977196613283845
1263977198001590273
1263977900451209217
1263978129766395904
1263978218190786560
1263978394624102400
1263978570696794112
1263978746685652992
1263978923194568705
1263979079293964288
1263979099393048578
1263979188031234057
1263979204888064001
1263979621101514753
1263979699199500296
1263979751569530882
1263979962995896322
1263980095536070662
1263980134886932495
1263980159046164481
1263980168206483458
1263980322712162307
1263980330698133504
1263980741639180299
1263980961965977601
1263981050205741056
1263981226450444288
1263981244708278272
1263981403827511296
1263981580084789248
1263981678504153088
1263981756853768201
1263981933308108802
1263982021262692353
1263982035170816001
1263982095002505216
1263982178645561345
1263982546989309953
1263983376236756993
1263983547632832517
1263983620957638657
1263983750351708161
1263983795696517120
1263983867041665024
1263983884192092160
1263983978530422786
1263984057983041541
1263984060956913664
1263984166644748288
1263984227789529088
1263984238090760192
1263984270940479488
1263984413974683649
1263984591481606144
1263984768514998274
1263984857052577793
1263984928984895490
1263985161546412039
1263985214981902336
1263985301820772355
1263985415779999750
1263985782991142913
1263985812519161856
1263986078417027073
1263986128312512512
1263986631981309954
1263986719940055041
1263986744296386565
1263986757831405568
1263986790429536257
1263986791650136064
1263986896641949696
1263987073415090178
1263987146538409984
1263987249403908096
1263987285516791814
1263987425510150144
1263987438839566337
1263987493126451200
1263987571845029889
1263987601800904704
1263987622243741697
1263987685393264640
1263987690195779584
1263987743958368256
1263987747699777541
1263989067793993728
1263989161947791361
1263989200506040320
1263989341237501952
1263989440877219841
1263989465585979393
1263989527938564096
1263989553628696576
1263989565112692736
1263989730024226816
1263989906927489024
1263989969279909888
1263990062854914055
1263990083197206531
1263990240051515392
1263990259563577344
1263990305361190912
1263990305646358529
1263990436236013568
1263990437880254466
1263990470159544327
1263990524668674049
1263990558890090496
1263990621326450690
1263990638745391107
1263990677924466689
1263991360715141120
1263991365513469952
1263991420609794048
1263991420681170949
1263992053916004352
1263992131200389121
1263992299194855425
1263992364001120257
1263992387388538880
1263992564367142918
1263992646768504832
1263992740666318855
1263992890067476480
1263992904055492609
1263992917317820420
1263993054693900288
1263993094510243841
1263993271061229574
1263993355463262208
1263993359179419648
1263993386882740232
1263993474317275137
1263994037108908034
1263994279892058118
1263995133047037956
1263995221194530816
1263995397565005835
1263995490040811520
1263995514867142657
1263995573809688581
1263995749601329154
1263995926227623939
1263996080049524750
1263996102119960585
1263996104158437382
1263996126593769477
1263996190334599168
1263996263344803840
1263996352020705280
1263996393997418496
1263996471185113096
1263996700022026240
1263996870172565504
1263997066893762561
1263997964818710530
1263998052949524480
1263998228816695297
1263998399361277953
1263998582560038913
1263998655310303239
1263998759144480768
1263998879063855104
1263998935439421440
1263999023825989634
1263999587506958337
1263999925022531584
1264000132271530000
1264000616566685696
1264000740143529988
1264000923736686593
1264000985325690886
1264001004988559360
1264001030477484033
1264001206076260352
1264001226716430337
1264001405037080577
1264001653235044352
1264001814892027905
1264001873650036739
1264002126038040581
1264002930144919557
1264003087544594441
1264003414364733445
1264003663892295683
1264003882381742081
1264004081338716160
1264004124233826304
1264004411132690432
1264004430615150592
1264005151213457411
1264005402653601798
1264005420227715075
1264006086283198464
1264006184790605826
1264006426705506304
1264006441985245185
1264007299393339406
1264007580747268098
1264007584400408582
1264007600024236033
1264007908112523265
1264007909081411584
1264007910041849858
1264008093186379776
1264008178112610304
1264008574805643264
1264008661015257088
1264009647427477507
1264009693099364357
1264009718600736775
1264009739941404679
1264009896388972546
1264010000504180737
1264010444169269249
1264010525999947776
1264010625719689218
1264010694049087492
1264011046320107520
1264011050820571136
1264011115685728258
1264011420972331013
1264011437577388033
1264011563582750720
1264012052315533314
1264012788122497027
1264012990799581200
1264013159838494725
1264013421076336640
1264013538638442497
1264013545718657024
1264013669672894475
1264014065409515520
1264014424186277889
1264014667325804548
1264014668697198592
1264016026691403777
1264016490656747521
1264016572185788419
1264016970132963329
1264017091310555136
1264017481506729985
1264017672209158144
1264018721841876992
1264018744331980800
1264018988163493889
1264019019151089666
1264019038159568898
1264019083630084110
1264019100189130752
1264019195781615616
1264019325326942214
1264019583427645441
1264019892652646401
1264019947119874048
1264019979650756610
1264020581223022592
1264020639997976577
1264021133252333569
1264021235341692928
1264021595380572160
1264021716419989504
1264021758832754689
1264022091201986561
1264022103919136770
1264022127214243841
1264022275847790594
1264022378025189378
1264022821816000513
1264023015802785795
1264023580003745792
1264023688745226240
1264023863387656192
1264024156326162432
1264024320201895939
1264024449982046208
1264025160669032449
1264025768285409281
1264025832579891203
1264025951010205697
1264025997025968128
1264026273891975168
1264026330200489986
1264026527982735360
1264026893004701697
1264026960759578624
1264026992422371328
1264027021992235015
1264027153869484040
1264027459273601024
1264027929140514817
1264028449615814657
1264028459002552321
1264028846984245250
1264029018468298761
1264029311864049664
1264029352703991808
1264029699363110913
1264029816208142344
1264030427355901952
1264030637058654208
1264030810371502081
1264030919956008960
1264030969268441088
1264031143025917953
1264031419442925569
1264031914710781958
1264032231711858689
1264032517658750976
1264032576622268424
1264033085626167296
1264033157449486336
1264033206224990208
1264033582575738880
1264033847248850944
1264034650466537472
1264034889034338307
1264035148376559617
1264035800456417281
1264036221526913027
1264036410325176322
1264037276817874950
1264037284304781312
1264037548109770752
1264037616716066816
1264037767337541632
1264037859197149185
1264038174591983621
1264038427386941440
1264039486989582337
1264039861159374848
1264040586203533312
1264040657523441669
1264041227189661696
1264041411453882368
1264042350025887751
1264043430960926732
1264043793239736320
1264044038258335747
1264044346023849989
1264044921046142979
1264045591224614916
1264046188480921612
1264046371491008512
1264046593063497730
1264046709417693185
1264048687833112577
1264048911372746752
1264049091954139137
