1265869093523075075
1265869962150887429
1265870435201232896
1265870466209611776
1265870484610088960
1265870694086254592
1265871225047433217
1265871309763784704
1265871332383887361
1265871362981335040
1265872938244419584
1265873114648514560
1265873349697081344
1265873470556114945
1265873957162369024
1265873962656886785
1265874072660963328
1265874536085454860
1265876504698933248
1265876654913736704
1265877440372580353
1265877750470017025
1265878058713722880
1265878497714634752
1265879661583753221
1265879672052690946
1265880372509802498
1265880890787401728
1265880953064271882
1265881309269954561
1265883125806256128
1265883737260126210
1265885016262729728
1265885930893840384
1265886179427151872
1265886288961507331
1265886532872724481
1265886532960784384
1265886583674331136
1265886721096343552
1265887107962281985
1265887794859212803
1265888675381907456
1265888963962822658
1265889555271557122
1265890357314826241
1265891066655490048
1265891195655385089
1265891723256958983
1265892560440111105
1265892949667143680
1265893514812043265
1265893543576567808
1265893769691480064
1265894376397516801
1265894586552954880
1265895453645815809
1265895991720529921
1265896086620835843
1265896451986472960
1265896640419774464
1265897042544640001
1265897160182300672
1265898175484788747
1265900028549357568
1265900104029880321
1265900191288365056
1265900573833990145
1265900814519992320
1265900905221591046
1265901522187022336
1265901770250891264
1265902037264465920
1265902155900354560
1265902871674974227
1265903543309000705
1265903647235309568
1265903649282093056
1265903659658784775
1265904019433820160
1265904127827214336
1265905734790909952
1265906032238309376
1265906624973156352
1265907142315462658
1265907256056578049
1265907558902050818
1265907914243334145
1265909274082934790
1265909433764163584
1265910127158276096
1265910227536351234
1265910565148299264
1265910997308649472
1265911186605957120
1265911225025794049
1265911517461037056
1265911617679765505
1265911698554146816
1265912022627225601
1265912537662488577
1265912582197530624
1265913607763537921
1265913672259571712
1265913744997187585
1265914767434285059
1265914860673675265
1265915767821864960
1265915883467259906
1265916046298546176
1265916607416557569
1265916608540622848
1265916835486031872
1265917240597086209
1265917565869711360
1265917861932994562
1265918281816440832
1265918382492221440
1265918656971706368
1265918668879396866
1265919273895112704
1265919339993223173
1265919379666944002
1265919690133692427
1265920082456088576
1265920477454729221
1265920893018083330
1265921417469743105
1265922532349218817
1265923534309724160
1265924415222542337
1265924569480617986
1265925282818654208
1265925373155573760
1265925425051643904
1265925851490762752
1265926154944491521
1265926207822090240
1265927156930097155
1265927341542424576
1265927687769554947
1265927872667160577
1265928883871707137
1265929288823435271
1265929624149606400
1265929897018621952
1265929919705554944
1265930136915857408
1265930850966876161
1265931546797772801
1265931936117198852
1265933103006089217
1265933214729662464
1265933610856714240
1265933851257212928
1265933923202281472
1265934754588897280
1265935739067531265
1265935811746332672
1265936410349101056
1265938677605302272
1265939056590020609
1265939124516802561
1265939145450536960
1265939432181583873
1265939469800214532
1265939592949227520
1265939820808986626
1265940286406037510
1265941123333308416
1265942154234531840
1265942252142067713
1265942566186426373
1265942939030732800
1265943202294620165
1265943741044592640
1265943759780544517
1265944155072745472
1265945644788834304
1265946119957368837
1265946216048873473
1265946260252622849
1265947398901284865
1265948199094595584
1265948904715177987
1265949050542718983
1265949405301166080
1265949822697308160
1265950218907983872
1265950594256244736
1265950684790349824
1265951076764864512
1265951080120233984
1265951160172777472
1265952003324338176
1265952472188596225
1265953485280948224
1265953624880041992
1265953814495981571
1265954272459530240
1265955159726649345
1265955417206648832
1265955461297299456
1265955740872658944
1265955867326889984
1265956273008369664
1265956274417647624
1265956833782640640
1265957122946117632
1265957903418167297
1265958324333416448
1265958377957527553
1265958588859723776
1265958740358021120
1265958763246292992
1265959939350171650
1265961205836980224
1265961291740516353
1265961535098089472
1265961718301241351
1265962038171299840
1265962505790033921
1265962535045533696
1265963287297966080
1265963288602411010
1265963289780973573
1265963578613534722
1265964468036608000
1265964508859830272
1265964596004900865
1265964973009907712
1265964975505408002
1265965048305905666
1265965778093867009
1265966402005078016
1265967257605345280
1265967343441793025
1265967586346520576
1265967684866490368
1265967737421139968
1265968225269043202
1265968810382643204
1265969135458156544
1265969314513014785
1265969927707668481
1265970116241522688
1265970335117127680
1265970513438019585
1265970858914283522
1265972386844880896
1265973041688961025
1265974324147732482
1265975057773244417
1265975264305086464
1265975360396591104
1265975384585240578
1265975403337916416
1265975680854102019
1265976253359718400
1265976328756617216
1265976370611380230
1265976396041662464
1265976402173661184
1265976980400414720
1265977787023863808
1265978134656020480
1265978140691582978
1265978141719187456
1265978741630611457
1265979359745245184
1265979373271896064
1265979680991019015
1265980068792348673
1265980679587856389
1265981058824245248
1265981577089241088
1265981698921070594
1265981747994472450
1265982226816282626
1265982274874589185
1265982316549156864
1265982451278475265
1265982504852262917
1265982580802949122
1265982859707285505
1265982963663155201
1265983439414665216
1265984024385933313
1265984248659554305
1265984286429151234
1265984560715591682
1265984893831516165
1265985194684604416
1265985680573947905
1265986135118934017
1265986342380605441
1265986474803109890
1265986500673638405
1265986503873835009
1265986625605111809
1265986747256766464
1265986857923481600
1265987267883077639
1265987323348553728
1265987753596108800
1265988667392307202
1265989096880701441
1265989185812541442
1265989600343928832
1265989652491784192
1265989704610177024
1265990848409468930
1265991388979769344
1265991435259650049
1265991538544271362
1265991565014597633
1265991691657412611
1265991698242551808
1265992396040556546
1265992556376096768
1265992738786496512
1265992802191761409
1265993241242898433
1265993242954199040
1265993248276766720
1265993249312788480
1265993251661598720
1265993547628466177
1265993552980520961
1265993637135028224
1265993641346183171
1265993733859938312
1265993831960502277
1265993991251726336
1265994346672906242
1265994557868642305
1265995552174551040
1265995623641124864
1265995694437027840
1265995730726027264
1265996089418604546
1265996166988206081
1265996304875806727
1265996455602466816
1265996892208537600
1265996942020087809
1265997337064865792
1265997504799223808
1265997513657511936
1265997537653260292
1265997732185022465
1265997976054509569
1265998481531035648
1265999431725441027
1266000833080147971
1266001053641670656
1266001157715120128
1266001282961154048
1266001488523993089
1266002141891768322
1266002316886306816
1266002558046425089
1266002684563374080
1266003052965715968
1266003304687042560
1266003410958065670
1266003797207330818
1266003950949617664
1266004185876533249
1266004472712458240
1266004578258034688
1266004845481414658
1266005013832380417
1266006594606608384
1266006630765912064
1266007511582175234
1266007570851999746
1266007939329949699
1266008090815520772
1266008160374067200
1266008161795870721
1266008284940636160
1266008726697361409
1266008799028150273
1266010297996922881
1266010535759249408
1266010919336894464
1266011359159808001
1266011703474638859
1266011921704194048
1266012332708302853
1266012415453548545
1266012572529987587
1266012850994253824
1266012949799452679
1266013375735009281
1266014097188851712
1266014144530087937
1266014250041872384
1266014797633662978
1266014957180719104
1266015389638709250
1266016105967091715
1266016396993015814
1266016399576596480
1266017072275996672
1266017169118281728
1266017784216956928
1266017835098259456
1266018391397195777
1266018661631848449
1266019735000449024
1266019791124541440
1266020154653265920
1266020288472334336
1266020291722883074
1266021342370906112
1266021893825536001
1266022263285039105
1266022477152608265
1266022502763020291
1266022807852343297
1266023136715251713
1266023384246366209
1266023610684243968
1266023823293452290
1266023824061071362
1266024264546820102
1266024406188425216
1266024618218962946
1266024718118858753
1266024814587908099
1266024928798793728
1266025604199190528
1266025790396866562
1266026211408515074
1266026828302618632
1266026987656806408
1266027307480821760
1266027623836237824
1266028753316130819
1266028844391075842
1266029261762301952
1266029597117710336
1266029642051399681
1266029776126513153
1266030310040334339
1266030705982791680
1266030707752808448
1266031084644556800
1266031348747247617
1266032063712391168
1266032250359029762
1266032251344568322
1266032354444881920
1266032442231709699
1266032492974419971
1266032516475076609
1266032744766808069
1266032917211381760
1266032974132400129
1266034276526678017
1266034386933182464
1266034575546826753
1266035072148307969
1266035796697591811
1266036347719966720
1266036394989744128
1266036396294197254
1266036553480101889
1266036637529604096
1266036809299103744
1266036899174666241
1266037092091678722
1266037137725698054
1266037778485252096
1266037782436122624
1266037787603505152
1266037830884691968
1266037845602549762
1266038013521547264
1266038209659711488
1266038302345494531
1266038599985790976
1266038663273570305
1266039213461471232
1266039226606501888
1266039639246331905
1266040322435551234
1266040453801091075
1266040925538537473
1266041049652310019
1266041410706444288
1266041947732561927
1266042014086430721
1266042676551524354
1266043444054523909
1266043685076119552
1266044174056468480
1266044211545075712
1266044266251350016
1266044900845531140
1266045123101523968
1266045644969574401
1266045936691748865
1266046426183864320
1266046963402919937
1266047110258012168
1266047223219003393
1266047330056372230
1266047482057932800
1266047514995757061
1266047605840240640
1266047716183797765
1266048139632377857
1266048508731277319
1266048765019983872
1266048894468796416
1266048959568437249
1266049170596671489
1266049564936527872
1266049741504122880
1266050067233935360
1266050310805520388
1266050505429536768
1266050646773510144
1266051095345889281
1266051213142851584
1266051214971715586
1266051326703697924
1266051606736486400
1266051783761235970
1266051787619958790
1266051788668624898
1266052479789170695
1266052481429188616
1266052751911301121
1266052882299641856
1266052885827088384
1266053386551455747
1266053880950870017
1266054764925562880
1266055437633359878
1266056397248172035
1266059601415462913
1266060451479093248
1266061315426172930
1266061709988581376
1266062846917513218
1266062847672541184
1266062853011898368
1266062853448097794
1266062861467615239
1266062879851253761
1266062989322596354
1266063000831774721
1266063002052280320
1266063008335368192
1266063287919284225
1266063288506494976
1266063300317642752
1266063300472770561
1266063301378793473
1266063301269749760
1266063302787989506
1266063303006191619
1266063367245950976
1266063375403937792
1266063429569179648
1266063459642273793
1266063461697683457
1266063510255140872
1266063518761181185
1266063532564643840
1266063634054119431
1266063690933166080
1266063692246011914
1266063741713604616
1266063754174889986
1266063795794968579
1266063812962156544
1266063813255794688
1266063878699601932
1266063934081110018
1266064046924664832
1266064110937968640
1266064117086986241
1266064765400633344
1266064933671714816
1266065049321385984
1266065055000526849
1266065061875011587
1266065239117881349
1266065416578727942
1266065642526068736
1266065771978989569
1266065805491482624
1266066423090237440
1266066505692860418
1266066521438269441
1266066691177447424
1266066756810014722
1266066980144111616
1266067079591079937
1266067408873234435
1266067466674999298
1266067616109596678
1266067979348791296
1266067995022909440
1266068149113421829
1266068331049750529
1266068515590746115
1266068605948456960
1266069290958172163
1266069446269046785
1266069488996429825
1266069539521015814
1266069573452869637
1266069633230127104
1266069808501702656
1266070115553951744
1266070167852851204
1266070390234689536
1266070426691809280
1266071425946750976
1266071445848891392
1266072022989275136
1266073022659690507
1266073140846891014
1266073557186088961
1266073879027408897
1266074233077207041
1266074398794174465
1266074412631101440
1266074538649026561
1266074999921795075
1266075337579954177
1266075339761111041
1266075386460454918
1266075391451639810
1266075527363756032
1266075882537566209
1266075888980037632
1266075945225449475
1266076600463958016
1266076680680091650
1266076738389512193
1266077155630493699
1266077163301883907
1266078216667758592
1266078428861739010
1266078468577456128
1266078682797441027
1266078825181597697
1266078826305593344
1266079318901432320
1266079381392363520
1266079494013693953
1266079499432505345
1266080217497571329
1266080357323091975
1266080620528250881
1266080637334835202
1266080870340927488
1266080929816158208
1266081056513495040
1266081194329980928
1266081700750204931
1266081830316371968
1266082254587154432
1266082284056313863
1266082326930489344
1266082419930730496
1266082451698233344
1266082883816566785
1266082936010477568
1266082941215608832
1266082951244070912
1266082951457996800
1266082952716271616
1266082956134592512
1266083296922021889
1266083345122897921
1266083447828877313
1266083555219668992
1266083564841570304
1266084194742140933
1266084236194279425
1266084243681075200
1266084270445080579
1266084410639728640
1266084953231679491
1266084975004340227
1266085162238033926
1266085163345367041
1266085467897737216
1266085524294430720
1266085851349409793
1266086186185043970
1266086596346097665
1266086630110244869
1266086672896319489
1266087057438511105
1266087650911535108
1266087671325171712
1266087926070378496
1266088117997416449
1266088285534916614
1266088651395645441
1266088992681885697
1266089120784211968
1266089184688697344
1266089231128109059
1266089470257958913
1266089483029614592
1266089485802123270
1266089687783006217
1266089902262943745
1266090346733277185
1266090425749843973
1266090511389077504
1266090802297651201
1266090824183545856
1266090880865316865
1266091254707679232
1266091301822435329
1266091520618377221
1266092387648122885
1266092591491268608
1266092681387749383
1266092800539529218
1266092889765023744
1266093146527592448
1266093214047617025
1266093584375263233
1266094248241266690
1266094607571484672
1266094712722685953
1266094881824440320
1266095064549257216
1266096772449013760
1266097151819407361
1266097199563276294
1266097300386058240
1266097375510179840
1266097620130422784
1266097662811668484
1266097649226321921
1266098050004471808
1266098050700726272
1266098054689484800
1266098177356075009
1266098196620685319
1266098456231280642
1266098661299236864
1266098687677210624
1266098804958220288
1266098886977957894
1266098993257316352
1266099486725677056
1266099505239293952
1266099561514315777
1266099682725392384
1266100263041077254
1266100265918365697
1266100532730646529
1266100577437659136
1266100609742245889
1266100662045159425
1266100690017017859
1266100884624347136
1266101069551190019
1266101120738439174
1266101201453621248
1266101285427740677
1266101349579722759
1266101392961409033
1266101936681558017
1266103006090715137
1266103202140872706
1266103625752985601
1266103826676764672
1266104007581368320
1266104113227616263
1266104336200994825
1266104489674706946
1266104677420105728
1266104857112580102
1266105233920450560
1266105620375224322
1266106510263844866
1266107002121404416
1266107329004486656
1266108017713582094
1266108263038402561
1266108278066556931
1266108367346569221
1266108464058773504
1266108640475385856
1266108698423955456
1266109148120387588
1266109248527728640
1266109634403807233
1266111159528230912
1266111419319234564
1266111529231028237
1266111541969129493
1266111936300752897
1266112022049165313
1266112413033803776
1266112529434120194
1266112539504644110
1266112636728434688
1266113007463141379
1266113024189849601
1266113033157308416
1266113034444894208
1266113112396238856
1266113233926205442
1266113418160988160
1266113571626209280
1266113875683966978
1266114093959614464
1266114419278450690
1266114619506151426
1266114778336038924
1266114933508407298
1266115146474192896
1266115318058909696
1266115518047682562
1266115571248136200
1266115866275561473
1266116431080546304
1266116874246504448
1266117256200761345
1266117592042930176
1266117715334516742
1266118017726832640
1266118057589522432
1266118440466608128
1266118924476846080
1266119436639047682
1266120203299172361
1266120257002975235
1266120313366024194
1266120325332217856
1266120407205261312
1266120787888451585
1266120973226373121
1266121201765642240
1266121343415644160
1266121349916999682
1266121454279688192
1266121798883688450
1266122279311867909
1266122491531087872
1266122650348163072
1266122653846421505
1266123097280843776
1266123150925889537
1266123539339509764
1266123651126120449
1266124168355069953
1266124318662176768
1266124367446061062
1266124502016163840
1266124502272008194
1266124505191256064
1266124527106392064
1266125440411983877
1266125658603827201
1266125670008131584
1266126201430724608
1266126338798354432
1266126594789314561
1266126744488226817
1266126865384775686
1266127093076840450
1266127164149133314
1266127703167696900
1266128130860650496
1266128134450974720
1266128385438371840
1266128544695906304
1266128613172301827
1266129254158221312
1266129595037818882
1266129760536588288
1266130239073255424
1266130735041314824
1266130787729989632
1266131136872189952
1266131212331974657
1266131267516600321
1266131400941600770
1266131649328115712
1266132012638908417
1266132334828544000
1266133039819689985
1266133207893843968
1266133581111406593
1266133631161991170
1266133635356225537
1266133888918790144
1266133900004405255
1266134716274573319
1266135168009621504
1266135209331888128
1266135298464976898
1266135474730647555
1266135582402473986
1266135651348549636
1266135673406238720
1266135829010952192
1266135975849328640
1266136006870401024
1266136121911771136
1266136183442223105
1266136189649801222
1266136271849689089
1266136362392174593
1266136401055186944
1266137024018485248
1266137153169510400
1266137201647075328
1266138045876711424
1266138097307324416
1266138134103953408
1266138311690723334
1266138488489021440
1266138665392226310
1266138842190487555
1266138922171629570
1266139018028294144
1266139031005511680
1266139106133803009
1266139139851853825
1266139558665732098
1266139561505312769
1266139722331688961
1266140572890402817
1266140740800962561
1266140841501851648
1266140880567762944
1266140968664907777
1266141145349918723
1266141321896398848
1266141321502371844
1266141335385370624
1266141353970290688
1266141498367762440
1266141659722547201
1266141674390069248
1266141850303414272
1266141861451837441
1266141938501156866
1266142286586486784
1266142962083401728
1266142971797352450
1266143094518374400
1266143162118148097
1266143185543233536
1266143712385646592
1266143800868691971
1266143976597401603
1266143977859735553
1266143979239686144
1266144212778655745
1266144329137094656
1266144607693242368
1266144680745545730
1266144768800718848
1266144829341224960
1266144861465411584
1266145802780577792
1266145881243430918
1266146024940331008
1266146118515085312
1266146378687774720
1266146408568098817
1266146537949794305
1266146543658295296
1266146631541538818
1266146811212955650
1266146819169488896
1266147010081697794
1266147061323436035
1266147118550519815
1266147215111831562
1266147391587172354
1266147568628707329
1266147654444232704
1266147657451556865
1266147680742506497
1266147894236778496
1266148069525139462
1266148528272924673
1266148737195274240
1266149138502160385
1266149431197515781
1266149519558873090
1266149695275098112
1266149766653718534
1266149871809150977
1266150047995092993
1266150224659185666
1266150400857645061
1266150488946495491
1266150699198558210
1266151025137704961
1266151297889308680
1266151576600707073
1266152054352949250
1266152262948265998
1266152350714146816
1266152426555359233
1266152527390801920
1266152572890611718
1266152704033935370
1266152880345669635
1266153057026482178
1266153233153765376
1266153242171527173
1266153321120874496
1266153353001594880
1266153430445326337
1266153534275321857
1266153829722185729
1266153907778195463
1266154074920988672
1266154368694394881
1266154551956041729
1266154772480118784
1266154827945558016
1266154918211137538
1266155095886114821
1266155123492950016
1266155183995850753
1266155202597568512
1266155259107389441
1266155329177485312
1266155359854637065
1266155362958192641
1266155498899980289
1266155536329977857
1266155713119879176
1266155889586769923
1266156065378447360
1266156153261752320
1266156794604331014
1266157530125709313
1266157918635859973
1266157926881857542
1266157945579958273
1266157945554796544
1266157946846633984
1266157947907764224
1266158014840651778
1266158043886125056
1266158182012981248
1266158191060058115
1266158233271615489
1266158367220867074
1266158446421798912
1266158448149848064
1266158543079694337
1266158895770357763
1266158984110768129
1266159062049226758
1266159088662048768
1266159291045576705
1266159408708370432
1266160407825137671
1266160500745920518
1266160527627243520
1266160758217478145
1266160846033563654
1266160887745982465
1266160951910416385
1266161021892333568
1266161197897957377
1266161289161838593
1266161374503280640
1266161377883885568
1266161535329722368
1266161550542483457
1266161567470628865
1266161726938140674
1266161815299465216
1266161885562494977
1266162423003844609
1266162618273800193
1266162643339022336
1266163481721503744
1266163589334937600
1266163677914378240
1266163766443442177
1266163854763085824
1266164031070646273
1266164207017496577
1266164383425724422
1266164478657339395
1266164561268350978
1266164649331998723
1266164809298595843
1266165818284544000
1266165956595855361
1266166424785104897
1266166512651558912
1266166688657084418
1266166865669140481
1266167041700040705
1266167217990832129
1266167393962901504
1266167482097770496
1266167790068740096
1266167992775131136
1266168136870637570
1266168185725779968
1266168412855828485
1266168839429029890
1266169257257086983
1266169345459343366
1266169520479105024
1266169521867554821
1266169934675087363
1266170013557243904
1266170322954457091
1266170473307504640
1266170699460349953
1266171193985585153
1266171194593730560
1266171559447838720
1266172439857332224
1266172935691067399
1266172936760643584
1266172939654791169
1266173039726587905
1266173225710563328
1266173799910670336
1266173965309018122
1266174343857549316
1266174479115395073
1266174556630216705
1266174612662083584
1266175012488216583
1266175118386122758
1266175449090215937
1266175945947271168
1266176469400604672
1266176615370969089
1266177029306712064
1266177618371624960
1266178106638860290
1266178581618503690
1266179459947716608
1266179498795548672
1266179524754104326
1266180345029935109
1266180847612256256
1266181191264337920
1266181277738307584
1266181445086662656
1266182546699833351
1266182732297560064
1266182737804660737
1266183363947200512
1266184063267647490
1266184244641980417
1266184267991826436
1266184363034763264
1266184495310401536
1266184744598769664
1266184962979631104
1266184973830119425
1266185091585277954
1266186070716268544
1266186340397387778
1266186376300556288
1266186505787265024
1266186663342018561
1266187299412275200
1266187540857524224
1266187763755282433
1266187770235510784
1266187774228488192
1266187842398466048
1266188008535003136
1266188015594061826
1266188686812516352
1266188775719424002
1266189666652471296
1266189801650302977
1266189948912271362
1266190342350671874
1266190437204791299
1266191104015294465
1266192037981892609
1266192969046114304
1266193465811128320
1266193791163269120
1266194041026351104
1266195232011542529
1266195266618695680
1266195669775028224
1266195728096882688
1266195958007767040
1266196394735353857
1266196573127618561
1266196698025455617
1266197153732493314
1266197481630707719
1266197975610646532
1266198295929663488
1266198302460125186
1266199261949108225
1266200060217491459
1266200189221699592
1266201022705348609
1266202079829405696
1266202132136505344
1266202382825906176
1266202988776808450
1266203044259213312
1266203366495072256
1266203548167045121
1266203548955684869
1266204072786276353
1266204559136841728
1266204785126014976
1266205380004192257
1266205406113804288
1266205498342281217
1266206079001808898
1266206196907872257
1266206477687181312
1266206514550898688
1266207095906598912
1266207875292110848
1266209100112805888
1266209538979627008
1266209564602634241
1266209823542185986
1266210368730218496
1266210387617296386
1266210879068045312
1266211270673514497
1266211289082351616
1266211822392299521
1266212063493394433
1266212390590390273
1266212490611879936
1266212585075957760
1266212801195933697
1266212969882345472
1266213367829544961
1266213602656161793
1266214284855517184
1266214977301594113
1266215794146451456
1266216150763016193
1266216626954911747
1266217336274481152
1266217336953962496
1266217337650200577
1266217338690351104
1266217670552293376
1266217812307083264
1266217825787613185
1266219470319730690
1266219488082636806
1266220284937412609
1266221065182773249
1266221958988955649
1266221971165061125
1266222493485826049
1266222904427118593
