1264050160251871232
1264050567892144134
1264051522767409152
1264051642808143872
1264051692762431489
1264052176814583809
1264052469329510401
1264052708513845250
1264053121245835264
1264053597005844480
1264055468097302531
1264056137185452032
1264057317974257670
1264057318351818752
1264057718010150912
1264058507235594241
1264058531688452100
1264058613594591232
1264059248708857866
1264059248968740864
1264059937791107072
1264060368114143233
1264060790157369344
1264060794045636613
1264062132640862208
1264062810276782081
1264063612970205184
1264064114911064069
1264064387775557632
1264064449088040961
1264064500875001858
1264066019141828608
1264066813115146240
1264067182574465024
1264068153488953344
1264068153816109056
1264068973592797184
1264069699253526531
1264070337832071168
1264071161329135617
1264071734480834560
1264073407458684930
1264074466218217474
1264074469468860418
1264075034450149377
1264075130004738048
1264075974754406401
1264077224015265794
1264077370820083712
1264078737534050304
1264079094477701122
1264080001151971328
1264081139750383627
1264081254380601345
1264082120521236480
1264082213554933761
1264082595299708928
1264083297665200128
1264084290708680707
1264084529192611840
1264085455202648070
1264085799592755200
1264086303261351936
1264086551010705408
1264087470167203840
1264088061157277697
1264088377558589440
1264088807458160640
1264089182537908226
1264090116345278464
1264090333148782593
1264090569069993984
1264091681860784128
1264092023247773701
1264092045569916934
1264092355122036736
1264092616242728963
1264092993503596544
1264093555800322048
1264094081711366144
1264094417721405440
1264094839848796160
1264095099354578945
1264095174331756545
1264095237263306752
1264095245689663495
1264095709407645697
1264095709730660352
1264096578974830598
1264097334511755266
1264097523410579457
1264097851660959744
1264099492736925697
1264099508809539584
1264099696353648640
1264100010179702785
1264100194674782209
1264100213683376128
1264100258822291457
1264100411960635403
1264100729674960896
1264102335573303297
1264103213562724354
1264103561241038848
1264103636189286401
1264103951294582786
1264104759948165120
1264104891036901376
1264104916726902785
1264105336702750720
1264105596565041152
1264106529285865472
1264106790125555712
1264107178324942848
1264107316607156237
1264108588471070720
1264109064310546432
1264109065669468160
1264109316929437696
1264109388505272320
1264111731548119041
1264112609688784896
1264113781363228672
1264113926674845698
1264114501110071296
1264115122387202050
1264115825218408448
1264115912417972224
1264115994093592577
1264116734551826432
1264116755062042624
1264117042304737280
1264117685492817920
1264117966230163458
1264118549943025664
1264118737944424448
1264118792323575808
1264118820534435840
1264118859583426561
1264119029226078208
1264119162844205058
1264120151101681664
1264120899562729472
1264121206141267968
1264121631468904449
1264121992359432192
1264122102526943233
1264122658951557120
1264123218127982592
1264123317377794048
1264123945919406080
1264124212526166016
1264124777339420672
1264125270346403842
1264125302810259472
1264125515922698243
1264125574555066369
1264127210698477568
1264127246366904321
1264129050127327232
1264129457993875456
1264130533027532800
1264130587394113536
1264130970124460032
1264131337952231425
1264131340191948802
1264131370294685697
1264132026048929792
1264132371714056192
1264132516497305601
1264134154784067585
1264134991329386496
1264135600224956418
1264136088731475968
1264137422138474502
1264137499539992577
1264137796396163073
1264137826582638592
1264138155420200960
1264138296499802113
1264138449596100609
1264138637106528263
1264138993358319621
1264139036320337921
1264139440483524608
1264139644536410113
1264140487692345344
1264140778500210688
1264140909936930816
1264141271976734722
1264141365920890880
1264141380475072513
1264141533005168642
1264141574222614533
1264141762416656386
1264141942616711169
1264142134384328704
1264142210976661504
1264142212692090880
1264142278161022977
1264142743997231104
1264143201381695488
1264144083574050827
1264144578371878912
1264144678024130562
1264144995822514176
1264145162977992704
1264145336399994881
1264145912508678146
1264146000962297856
1264146058671730689
1264146072068337666
1264146116947382273
1264146501615390720
1264146508682874880
1264146820940181505
1264146854381527040
1264147479026634752
1264147580948283393
1264148843496685568
1264148977710137344
1264149168928575493
1264149216802361345
1264149609527549953
1264149716456968197
1264149872141234182
1264149969453318145
1264150292217696256
1264150636934901760
1264150775615361029
1264150908126011392
1264151252688089088
1264151297672044549
1264151516484644864
1264152021478903808
1264152029888417792
1264152312836063233
1264152337586651137
1264152673743441923
1264152719511650304
1264153110160658433
1264153308035416064
1264154435808362496
1264154533745303552
1264154759948390400
1264155590533799936
1264156061243670528
1264156833306087425
1264157203109498881
1264158521995571201
1264159035881742337
1264159655493697536
1264159814772547590
1264159977192620033
1264160071673696257
1264160871732871168
1264160934483771392
1264161580931076100
1264162137250959360
1264163823042334720
1264163836304805888
1264163901664645121
1264164110398304256
1264164375046180865
1264164524925558785
1264165783523000320
1264167544618799105
1264167551845773312
1264167797325774849
1264167799871533065
1264167975650824193
1264168519371042816
1264169002793947136
1264169466985758720
1264169720070246403
1264169720523210754
1264170101441466368
1264170121242828800
1264170150200086528
1264170227660656640
1264170333847896064
1264171327948111873
1264172262405660678
1264172294240382976
1264172375937073153
1264172890464964608
1264172925952897025
1264174369510699008
1264174392688295936
1264174448460140551
1264174821815926784
1264175389401853952
1264175766461431815
1264175834656641025
1264176132531904513
1264176327441047552
1264176438577676289
1264176515656437760
1264176529313013760
1264176578919104512
1264176693310193665
1264177550043099138
1264177898937896965
1264177912678416386
1264178093528240128
1264178111169650688
1264178518763507712
1264178738872422402
1264178991801536513
1264179303304105984
1264179421436694528
1264179438687830017
1264179587761790977
1264179599782686720
1264179785389015040
1264180032601120768
1264180617459183616
1264183285514670082
1264183351059120128
1264183479253774337
1264183820367966209
1264183905168625664
1264183949850443777
1264184108005064704
1264184316038230016
1264184743748304897
1264184795216531457
1264185144694497281
1264186204683071489
1264186832696139776
1264187257243619328
1264187733502803970
1264187780143300609
1264187783385542657
1264187865765945351
1264188405216423937
1264188646795640832
1264188651711406081
1264188857064419328
1264188970671280129
1264189089042976768
1264189198715760640
1264189329594818560
1264189494493769728
1264189630221398018
1264189926792462336
1264190699844624384
1264190810888732672
1264190833579962369
1264191191089807360
1264191583332765697
1264191675758448640
1264191691478761472
1264191705789726721
1264192744362311681
1264192821420085248
1264192837735890946
1264192906417537033
1264193095891124230
1264193594300215296
1264193668732325888
1264194821717135362
1264194884291956736
1264195275863752704
1264196023607537666
1264196066263494656
1264196079756738567
1264196398234218500
1264196604241653766
1264196927425581056
1264198137712971776
1264198270055833605
1264198282802274307
1264198536784162816
1264198633324343296
1264198917618573312
1264199015878373377
1264199066398777345
1264199087076675584
1264199302827651072
1264199437309616129
1264199764998008832
1264199808262299648
1264200004689944578
1264200537219559424
1264200604643033088
1264200646762172416
1264200741045977089
1264201175278055424
1264202305181753345
1264202563907452928
1264202634543628293
1264202906724642818
1264203064228995073
1264203181304602624
1264203262317621251
1264203680682848258
1264203817878302721
1264203992915197952
1264204113694404608
1264204383006396416
1264204428627914752
1264204535708504071
1264204670727307265
1264204700943089675
1264204825698480133
1264204926143483904
1264205206885203970
1264205916691296258
1264206035000209409
1264206235605372929
1264206309962010625
1264206373853765632
1264206585758433282
1264206667815751680
1264206730839425024
1264206991330770947
1264207002634313728
1264207014739181568
1264207120318132226
1264207862672297984
1264207983501869059
1264208314914746368
1264208353959567361
1264208476143620096
1264208755865972737
1264208953002598402
1264209111354241031
1264209336185864193
1264209364702953474
1264209602763206656
1264209780161359873
1264209935207927809
1264209984423972864
1264210094268592135
1264210165714358274
1264210338678964224
1264210344886624257
1264210638299115520
1264210645135904768
1264210648424222724
1264211219638095875
1264211382138011648
1264212133241331718
1264212169043980290
1264212433075425280
1264212536276193280
1264212687841615875
1264212853868953600
1264213041857454086
1264213075034607621
1264213303556882432
1264213405419950080
1264213633053016064
1264213634151899136
1264213914096750592
1264214112718008320
1264214395447582732
1264214486854119439
1264214557318250496
1264214882813173763
1264214975821692930
1264215491444383745
1264215516190777344
1264216560631197711
1264216635906371584
1264217041025871876
1264217226812350471
1264217493477838848
1264217844235075586
1264217913361346562
1264218164541308929
1264218444624547851
1264218462605328389
1264218634299346951
1264218776628854790
1264218864985858050
1264219071551242241
1264219476083515392
1264219776202805248
1264219970696884225
1264220372473348097
1264220830717947905
1264221482613272578
1264221564255469577
1264221746116341760
1264222055244988422
1264222193455697921
1264222864993116162
1264222975013904385
1264223051476021249
1264224202430824453
1264224268440633345
1264224430793859077
1264224929911799809
1264225417319202817
1264226331849396225
1264226467795386370
1264226471502995461
1264226578185228291
1264226658380328962
1264226950530437120
1264227113672085506
1264227471181746177
1264227475053096961
1264228255793655808
1264228321585479681
1264228321992282117
1264228478632652800
1264228658719277059
1264228764600471552
1264228799970934785
1264229811876032514
1264230318447435776
1264230461808746497
1264230546927955970
1264230643090817036
1264230737403883521
1264230792009523200
1264231089830322177
1264231092757966851
1264231102459326465
1264231193496760321
1264231243392090114
1264231457393868801
1264231483864211463
1264231551346278400
1264231644896034816
1264232299844993027
1264232336805289988
1264232752905359372
1264233028605349889
1264233076374360064
1264233532085481473
1264233619964526593
1264233681637515265
1264233796905455617
1264233951897534467
1264233973099704320
1264234003789418496
1264234149881057280
1264234261248462848
1264234715919327238
1264235918308696065
1264235997811953673
1264236146042851336
1264236349277851649
1264236366285717504
1264236454454140930
1264236630799462410
1264236806922539012
1264236983502725120
1264237115099021316
1264237159776690176
1264237335870390273
1264237451066957825
1264237865384529920
1264238017780371463
1264238973460688897
1264239200473354240
1264239433429254144
1264239465578598400
1264239576379387906
1264239643282886656
1264239719988301824
1264239821687529472
1264239902201450497
1264239998062166025
1264240173333843969
1264240174520832002
1264240262949351428
1264240803829805056
1264240984247894016
1264241197716922373
1264241347164241922
1264241612869296129
1264242037085396997
1264242098653614090
1264242125216120832
1264242301414629376
1264242477587931140
1264242629644095488
1264242653882920961
1264242686720122881
1264242688158810118
1264242804517154816
1264242826897833984
1264242827979980800
1264242830496628741
1264242834321764352
1264243006510596101
1264243094603599876
1264243460091109376
1264243740538961922
1264243847002877954
1264244072023298049
1264244172434931714
1264244212637118465
1264244457160888320
1264244868353798145
1264244956316778501
1264244960804495361
1264245132662050822
1264245310487965696
1264245486376148993
1264246498646208512
1264246712580915200
1264247541253705740
1264247686850424832
1264247790152146945
1264247967453773825
1264248044788350978
1264248143757131788
1264248320102412294
1264248497190195200
1264248673002758156
1264248760986714114
1264249135189954560
1264249669762285570
1264249977641074688
1264250255127785472
1264250535869382668
1264250624247463938
1264250725120372736
1264250800580243456
1264250850022764544
1264250933107544064
1264250977508614145
1264251159809798144
1264251330908114946
1264251493198241793
1264251507119095826
1264251595572871169
1264251656407060480
1264251658571218946
1264251744856559617
1264251841363292160
1264251958904459266
1264252050134704133
1264252068644167681
1264252095592648719
1264252311376977921
1264252586309361667
1264252856875528193
1264253077680295936
1264253117299863554
1264253147653926914
1264253189274157057
1264253269607616514
1264253294412693506
1264253370531033088
1264253458984599553
1264253635330007041
1264253684663214080
1264253695145005060
1264253713260126208
1264253811121688576
1264253836614565889
1264253986913337344
1264253991862575105
1264254162965012483
1264254339222249480
1264254375695912967
1264254427407486976
1264254524484734977
1264254923987996672
1264254932896624649
1264255063016366080
1264255073036767232
1264255249461714944
1264255391870840833
1264256050548617221
1264256073327882241
1264256201682038786
1264256289846280194
1264256466208292866
1264256539524726784
1264256642792767490
1264256819121225729
1264256903552647169
1264256996112506880
1264257171933536256
1264257260219482112
1264257548871335936
1264257899162775552
1264258043728089090
1264258175135395840
1264258176225959936
1264258177278701568
1264258575817375744
1264258606926626816
1264258922988425218
1264259034481385474
1264259122616303617
1264259298953224196
1264259387180429313
1264259471758561280
1264259475852181505
1264259562770542592
1264259652503711747
1264259723764867075
1264259743134056448
1264259747810705408
1264259828383350784
1264260041428709377
1264260092444188672
1264260250196156417
1264261166747906050
1264261379009249286
1264261494801235968
1264261781326901248
1264261866450300928
1264262130913738770
1264262154447917058
1264262258730860550
1264262306957049856
1264262467221442560
1264262483096846337
1264262659479875586
1264262835447701504
1264262924010508288
1264263267616059392
1264263310670692352
1264263750770733059
1264264035232395264
1264264230510854144
1264264797467615233
1264264905907220485
1264264953579651072
1264265525439455232
1264265815974727681
1264265971809861635
1264266026910453761
1264266365067821056
1264266394113277953
1264266668282388482
1264267140560850944
1264267270102159362
1264267308404551681
1264267517180219393
1264267840993067015
1264268146455777281
1264268185966182400
1264268835667886080
1264269451383504897
1264269670342778880
1264270081405714432
1264270253346877440
1264270255779573760
1264270256140255232
1264270609950760961
1264270610303197185
1264270740569776128
1264270740834189320
1264270871323119617
1264270863655997441
1264271159312474115
1264271210071896064
1264271757541879810
1264272322598445057
1264272445592264704
1264272549116076032
1264272645601648641
1264272975760670721
1264273166295166976
1264273273652568064
1264273525592010752
1264273532923461632
1264273672271015936
1264273674913435648
1264273957575782400
1264274116682678273
1264274154179739649
1264274333624610816
1264274387848400897
1264274484900454400
1264274723200028673
1264274766963380225
1264275168584704000
1264275299493183488
1264275331759906826
1264275596378546177
1264275597519355906
1264275723390517248
1264276603682656262
1264276677674381312
1264277163978735621
1264277279695306757
1264277354001707009
1264277402164752384
1264278088118153216
1264278382671527937
1264278791473561613
1264278809278246913
1264279007417323521
1264279040619315205
1264279351253663744
1264279382530691073
1264279426474409985
1264279534255460352
1264279744700395525
1264280079321853952
1264280105548947459
1264280307215335424
1264280353411301378
1264280415730368514
1264280625017688065
1264280703212142593
1264281013959553024
1264281210525749251
1264281319774793728
1264281460565061640
1264281498171179008
1264281559940595713
1264281668573069313
1264281696440123398
1264282573531951122
1264282635767078912
1264282884992622592
1264283208239243266
1264283250056400897
1264283977566826503
1264284014959042561
1264284035343400968
1264284237634646028
1264284304789692417
1264284355829960705
1264284965983981568
1264285156552003585
1264285486509707265
1264285786452754432
1264285955843915777
1264286122097737728
1264286311835287552
1264286612155965442
1264286626706083842
1264286700102090755
1264286992403062784
1264286998703071233
1264287170459820032
1264287172707958791
1264287621510881281
1264287720555372551
1264287769540440065
1264288037548294145
1264288331933810688
1264288388787712000
1264288594077810694
1264288626206097409
1264288682758070272
1264288763133526017
1264288828824662018
1264289091706814469
1264289165505683457
1264289538098282496
1264289632033751041
1264289744323784704
1264289771146416134
1264289937509232647
1264290221522333702
1264290416737869831
1264290642785517568
1264290655288918016
1264290786063065088
1264291780113190912
1264291898505793536
1264291977849384960
1264292107365183489
1264292374659895300
1264292400362434561
1264292774213550080
1264292777002536960
1264292910629113857
1264292965037441027
1264293389450842117
1264293606946463744
1264294194476179456
1264294437695508481
1264294453000445955
1264294823198167042
1264294961123659777
1264295160818565125
1264295495696109568
1264295523995004931
1264295746876162048
1264295759446499328
1264296033896599558
1264296091312222208
1264296881368301576
1264296915358887936
1264296926473830400
1264297282746437632
1264297887577636869
1264297909912207360
1264298728632057865
1264298812518129664
1264298945410293760
1264299098565488640
1264299180249378817
1264299399666114564
1264300082720989186
1264300536142143488
1264300608296755206
1264300634871746560
1264300706992844800
1264300711933861888
1264301013848260613
1264301091023396870
1264301138549125120
1264301386801524738
1264301471836889089
1264302299377213440
1264302467006844928
1264302604533862400
1264302764911460352
1264303044574932993
1264303487971663872
1264303527175864325
1264303613662441473
1264303815198679041
1264304053854646273
1264304129909895168
1264304188625948673
1264304404016087040
1264304613911642113
1264304674531954690
1264305139797630978
1264305501539532802
1264306011789279232
1264306753728122882
1264307241768927233
1264307302565281794
1264307511169036290
1264307785568710656
1264308316869545984
1264308622818975744
1264309336421085186
1264309537017741313
1264309827733512201
1264310115542405125
1264310201454297089
1264310506325712897
1264310577641320448
1264311259039764485
1264311304526888965
1264311399972470790
1264311963418374144
1264312161486151681
1264312191718690816
1264312850480353280
1264313389125447689
1264313493420998658
1264313507836821505
1264313718113923072
1264313812221669376
1264313930874261505
1264313960234463238
1264313993239429123
1264314414523703298
1264314456927952896
1264314529921609729
1264315021573738497
1264315326147317761
1264315946207973376
1264316181281828864
1264316262949302273
1264316408063832065
1264316409972166657
1264316413151457281
1264316467119620096
1264316653799706629
1264316979529342981
1264317333104988160
1264317367368196097
1264317425341935618
1264317564181549056
1264317565322452992
1264317566337474560
1264317722055389184
1264318125622857729
1264318218052808706
1264318766843904001
1264318779808526337
1264318998965075973
1264319164258430976
1264319747904155648
1264319850605883393
1264320366714986496
1264320760220397568
1264320785436434432
1264321050893971456
1264321136881537029
1264321293643665409
1264321635743600640
1264321742392250372
1264322052422426624
1264322193275535360
1264322214419021824
1264322914603630594
1264324059455725568
1264324590802780162
1264324701842792449
1264324943451508737
1264325966106689537
1264326253487837186
1264326593582948354
1264326595503951874
1264326598372851714
1264326600138657792
1264326602839724033
1264326702739730438
1264327020911214592
1264327046655807488
1264327754079776768
1264327755971407874
1264328014080413696
1264328092581068802
1264328660015857664
1264328737425952768
1264328922344435712
1264328955047415808
1264329271457181697
1264329644897075201
1264329886107340800
1264330364186746886
1264330832711475202
1264331048743079936
1264331381544333313
1264331908231528448
1264332030021701637
1264332096828518401
1264332174356025345
1264332416853831680
1264332417872957441
1264332418476994560
1264332437087309826
1264332776729391105
1264332992610209792
1264333094728892416
1264333102127734785
1264333269614673922
1264334158043774976
1264334303481278464
1264334504535248898
1264334784987385856
1264335129079541760
1264335378942701573
1264335616046764032
1264335655183794187
1264335737018822656
1264335796657627137
1264335890681401344
1264336055353868288
1264336064556068865
1264336117622550528
1264336946655932429
1264337147269713920
1264337163237408774
1264337523989377024
1264337728373698565
1264337789237198856
1264338643914756099
1264338867857088513
1264338926996766721
1264338932545859585
1264339003521843201
1264339058274242564
1264339467743244289
1264339468552724480
1264340207073181696
1264340580815036418
1264340713841532928
1264340960076537857
1264341009787490305
1264341180231417857
1264341347835744257
1264341485882761216
1264341556791840769
1264341604426551296
1264341716380852230
1264342077384593411
1264342239054094336
1264342304480874496
1264342370323017729
1264342541580763139
1264342975406125064
1264344032781561856
1264344195365568512
1264344513335775232
1264344523318210564
1264344567261786113
1264344702502998016
1264344907843399682
1264345735149076480
1264345784134316032
1264346248116686848
1264346255897001984
1264346308208459776
1264346346858975237
1264346461904482305
1264346557417164800
1264347079674982400
1264347298483580930
1264347536090730496
1264347764986712064
1264347872683794433
1264348143598161920
1264349305953030144
1264349815347073030
1264350192725372928
1264350558208565248
1264350792569348097
1264350939080728576
1264350977160855553
1264351012166365184
1264351352072933377
1264351458146881536
1264351493982949381
1264351630901854210
1264351774548414464
1264351847201910786
1264352190317105153
1264352424979988480
1264352673995853826
1264352849414295553
1264352857211486213
1264353847566372865
1264353871050178562
1264354271736127488
1264354320847441922
1264354387801055238
1264354399360557056
1264354495745658881
1264354944401866752
1264354970553520130
1264355114057453568
1264355361315622912
1264355564219510784
1264355711892455424
1264356025697738758
1264356105234206720
1264356325913513985
1264356425947418625
1264356427067424768
1264356639194390529
1264356703056904193
1264356990425264128
1264356990542905347
1264357084142776320
1264357197133295618
1264357331988512768
1264357354549600256
1264357521449455616
1264357642169876480
1264357994315296769
1264358134832824320
1264358143192154114
1264358234049011714
1264358249408724992
1264358320493780994
1264358411300483072
1264358454891884545
1264359108502786050
1264359274404286464
1264360661594673152
1264361232821190656
1264361633201172486
1264362580409298946
1264363656357314565
1264364101175668737
1264364252413870081
1264364963403096065
1264365479260545024
1264366746095386624
1264366927075557377
1264367068675289096
1264367986367819778
1264368432520335361
1264369093462933504
1264369110562902016
1264369633987084289
1264369644040683520
1264370039718887424
1264370107612041217
1264370363779055616
1264370671024402436
1264370946229616641
1264371298450337792
1264371402016251904
1264371442327707650
1264371456764293122
1264371809278926848
1264372306010390528
1264372923831390215
1264373002105430017
1264373404393705472
1264374667797807105
1264374855488557056
1264375063467356160
1264375311476690944
1264375870279557123
1264376076253433857
1264376085216669698
1264376317874601984
1264377125756383232
1264377583023656960
1264377744453808128
1264377783201026048
1264378299167453184
1264378313214230528
1264378357116014592
1264378836462026753
1264379622399062017
1264379836665081858
1264380127934177281
1264380185698283522
1264380503529975808
1264380556919406593
1264380831457566724
1264380951511040003
1264381058956627969
1264381118880649217
1264381164707446784
1264381176799789056
1264381287881568256
1264381384145149959
1264381451312693249
1264381869577113600
1264381919439007745
1264382406133534721
1264382464279089152
1264382630973378560
1264383784671162368
1264383949914148866
1264384136707543047
1264384250108956678
1264384482603413505
1264385307706904576
1264386075189018624
1264386553809383429
1264386728007135232
1264386899009048579
1264387013387616256
1264387302161133568
1264388519079956480
1264388703700635653
1264388762072543233
1264388874559725568
1264389536995512322
1264389809683881984
1264390301772365825
1264390483008278528
1264390878967332864
1264391316059959297
1264391325069254656
1264391385517522944
1264391400772251648
1264391735083499520
1264392176429121536
1264392837057183746
1264392946700488705
1264393119795236866
1264393836182351873
1264393884785926152
1264393900283834368
1264394016503840768
1264394242765606912
1264394656554430464
1264394724187820039
1264395462746025984
1264395806032818178
1264396091975442432
1264396200335175680
1264397056002621441
1264397414372425730
1264397624850952195
1264397918544543756
1264398162074181638
1264398870286663680
1264399041556811776
1264400100874432512
1264401299140796417
1264401597616009218
1264402220709294083
1264403468460134401
1264404270054543361
1264404416750219264
1264405246715015168
1264405340940120064
1264405435311722497
1264405478886514688
1264406422068043777
1264407356294795265
1264407689926455296
1264407761770688514
1264408074556715010
1264408510101630976
1264409313793228800
1264409995237634049
