1262962414850658304
1262962429467807744
1262962673773314048
1262962694904299520
1262963589863931906
1262963819221061637
1262963900489728001
1262964342565277699
1262964431480328194
1262964626708258817
1262965010176847872
1262965185972592640
1262965487824187392
1262965516148277249
1262965703226863618
1262965851495567361
1262966399812673536
1262967017017049091
1262967294638133248
1262967655004344320
1262967747916574720
1262967931152949248
1262968093590028288
1262968252650717185
1262968822371401731
1262968929946947585
1262969373779771392
1262969853876539392
1262970432849838081
1262970591432278016
1262970785116884993
1262970816636960769
1262970819421986817
1262970881069977600
1262971264580423681
1262971298776363008
1262971341914996738
1262971361561018371
1262971407463522311
1262971620832038912
1262972117932544000
1262972645378670592
1262972751913955329
1262972900371509249
1262973173567381504
1262973599553654784
1262973936305930242
1262974011581087745
1262974113980784651
1262974645143326720
1262975247264997378
1262975465674899462
1262975850879741952
1262975967859036167
1262976168573239296
1262976311795957760
1262976948822630400
1262977332140290048
1262977383289827329
1262977808403279874
1262977878649638914
1262979008767111168
1262979089834610699
1262979531150893056
1262979673551712257
1262980238654361601
1262980275488935941
1262980854688681984
1262982650052124672
1262982662207295493
1262983023605149696
1262983025643540480
1262983026666921984
1262983099480264705
1262983377826742272
1262983388044148736
1262983904023150592
1262984198996049921
1262984607613489152
1262985472483250176
1262985537218101248
1262985890797887488
1262985917821669376
1262985919155433472
1262985967524331520
1262985987308826626
1262988804685791233
1262989655886135296
1262989662400000000
1262990205432324097
1262991505649778688
1262992225295896577
1262993301407490048
1262993375130578945
1262993601656741889
1262994055224602629
1262994667311894528
1262995224101449729
1262995236793573376
1262995503500926976
1262995534643712001
1262995928623075334
1262996485760745477
1262996741621768192
1262997583678640130
1262998064576573440
1262998532530802689
1262998606203756545
1262998862136070145
1262999005740642304
1262999114251333632
1263000884637769728
1263001104071241729
1263001610516660224
1263001915241181184
1263002446407876613
1263002611311132678
1263003005508620289
1263003217065107459
1263003694796324864
1263004501440712705
1263004614435241984
1263005393724207105
1263005574507134977
1263005798881308675
1263005923443793921
1263005930012082177
1263005945057153031
1263006021196406784
1263006220736180224
1263006853744787457
1263006934845624321
1263007075527004162
1263007622506188800
1263007701178736640
1263007822230556674
1263009101522534406
1263009665111281665
1263009718252867585
1263009872402157569
1263010426897432576
1263010964523245570
1263011046211624960
1263011213480472578
1263011400483508224
1263011596235763714
1263012233740726273
1263012670422253568
1263012875305725956
1263013170907688960
1263013276172070912
1263014467312463873
1263015836689686528
1263016407819849733
1263017499676688384
1263017502084198400
1263018272728940544
1263018472193298435
1263018641060069376
1263019386849247233
1263020001595981824
1263020012232757248
1263020304152121344
1263020629709729794
1263021011697573888
1263021408164016129
1263022165156233216
1263022173192548353
1263022200233308160
1263022599233298432
1263023431030837249
1263023474328637440
1263023539554185217
1263023866865168384
1263024232411381763
1263024315802533888
1263024532551536641
1263025939895681025
1263026225297199105
1263026231022440448
1263026262211284998
1263026725606260737
1263026883521728513
1263027090254966787
1263027566958440450
1263027567973380097
1263027984824504321
1263028476421996544
1263028632450142208
1263029196911030273
1263029520753479682
1263029728623112199
1263030805951111168
1263030931725717506
1263031057479327746
1263031215428218880
1263031223187673091
1263031780963213314
1263032071603335169
1263032242378616835
1263032243238383616
1263032426332291074
1263032475510439936
1263032477230063617
1263033125065633792
1263033750834876416
1263033911795421184
1263033964425551872
1263034239055888384
1263034347336142848
1263034577657921536
1263034762983325696
1263034845279682561
1263034898765565952
1263035677316431872
1263035678897692672
1263035852768378880
1263036022620860417
1263036613447352320
1263036679050473472
1263036952279789569
1263037404417601541
1263037633933873153
1263039016292749312
1263039722638565376
1263039792419307520
1263040072594710528
1263041333691908097
1263041464730374144
1263041908160573440
1263042230555676672
1263042325846134785
1263042922590556162
1263043094427074560
1263043301889830914
1263043639099392001
1263043765222150146
1263043870042046466
1263044025491361792
1263044172308766727
1263044195129974784
1263045566650613760
1263045586275762177
1263047570625982464
1263048081194364929
1263048513170092032
1263049092508323846
1263049915967483904
1263050308344823809
1263050747958173697
1263051451896602627
1263051477981048832
1263052384890224641
1263052483804270594
1263052790844272641
1263053203354124291
1263053424872034306
1263053630128771072
1263053711959621633
1263053937239822336
1263053997440557058
1263054112955998208
1263054143528165376
1263054379139170306
1263054399720624129
1263054429273677824
1263054645762678790
1263054752272666625
1263055628903297024
1263056008215052289
1263056085478526978
1263056174976585733
1263056793460256768
1263057323527987200
1263057410668797952
1263057608572887040
1263057856246493185
1263057897983860736
1263058000383750144
1263058030725419010
1263058146467237893
1263058159922487298
1263058188452139008
1263058271230984198
1263058323449970692
1263058327250128898
1263058627897802753
1263058914800734211
1263059328958894082
1263060973109358594
1263060978557730816
1263061151530827776
1263061335300026368
1263061430430990342
1263061817514958849
1263061946447859712
1263062079080185856
1263062189948231681
1263062798302539783
1263063315552632834
1263063590103384064
1263065040955064321
1263065702090629120
1263065731111010305
1263066218111664128
1263066440267169792
1263066558131306496
1263066563424518144
1263067083711098880
1263067471180738560
1263068086472716289
1263068313153794049
1263068450127314944
1263068532071215104
1263068553202163712
1263068604821573633
1263069475143856129
1263069913293430787
1263070266512551941
1263070507869638661
1263070618154684416
1263071039094956033
1263071494990704640
1263071876475228160
1263072068540739586
1263072090770616320
1263072102602678273
1263072584989642753
1263072602748260352
1263073273136525313
1263073543845228546
1263073573700358145
1263074295053516800
1263074415409082374
1263074703188676608
1263074851901882370
1263074925730021376
1263075002460635136
1263075451150438400
1263075596898381824
1263075599125446656
1263075655132090368
1263075749201948672
1263075824779038722
1263076555930075138
1263076849753735169
1263077020537434112
1263077166708916224
1263077290033983488
1263078612409999360
1263078797173284864
1263078905998716928
1263079086634807297
1263080530721079302
1263080571619758081
1263081094083162113
1263081281203691526
1263081310110781440
1263081339013619712
1263081473046982656
1263081916154236928
1263081978724835329
1263082308698992643
1263082683376103432
1263082687335555074
1263082746420891649
1263083426292301826
1263083537789587459
1263083583461306369
1263084077713960960
1263084359160037387
1263084626169470976
1263085102487257088
1263085266908196864
1263085708777930752
1263085746342244355
1263085765522792453
1263086161267961856
1263086431863521280
1263086815659143168
1263086826199359489
1263086846151622656
1263087123449745408
1263087216538116096
1263087593530388480
1263087594964832256
1263087596499959808
1263087880311840774
1263088146121740289
1263088197820649472
1263088353899151363
1263088371066236934
1263088671311396867
1263089325274775552
1263089519886307330
1263089622671859712
1263090160624959488
1263090885794975744
1263091171422855169
1263091181421867008
1263091304394903553
1263091411727122434
1263091834248626178
1263092065551953920
1263092164617273345
1263092227674423297
1263092305080311808
1263092316107083777
1263092382389669889
1263092471652921344
1263093093802422272
1263093808025214976
1263093833409200128
1263094379314647040
1263094644432351232
1263094665005408258
1263094966160588800
1263095264778190848
1263095676679991296
1263095792035864579
1263095802211205121
1263095931668434953
1263095936844095494
1263096644297527296
1263096688446541826
1263096720520609792
1263096830012739589
1263097277251387392
1263097290522161155
1263097403135025152
1263097416800186369
1263097459640762373
1263097480893403137
1263097698477015041
1263097910704537600
1263097987951210496
1263098190288601100
1263098288145825792
1263098288305135616
1263098402113552385
1263098475324948481
1263098630736576512
1263098724034777088
1263099089425661952
1263099102499237888
1263100336706904066
1263100400435150848
1263100708556951554
1263100978917715968
1263101160367329280
1263102093721841664
1263102349331087360
1263102565949964290
1263103277844934656
1263103477103955968
1263104151262650374
1263104194807951360
1263104211622989824
1263104317629665282
1263104497628282885
1263104540238163976
1263104700460621824
1263104855310249984
1263104889556590592
1263105046675218449
1263105351508873216
1263105487735681024
1263105631361175557
1263105794641293321
1263105865906892800
1263106056399409153
1263106090843033607
1263107091448786944
1263107568299323393
1263108350218289152
1263108938662400002
1263109047387029505
1263109386815311875
1263109735059947520
1263110109074341893
1263110444694204417
1263111014809247744
1263111048401477632
1263111222397976578
1263111584534183942
1263111760258662400
1263111856119578624
1263111862847242241
1263111984909881345
1263111989112516616
1263112080535805957
1263112408710746112
1263112650789175297
1263112780418297860
1263113264382304256
1263113379767390209
1263113381378060289
1263113382871183360
1263113575998140416
1263113626707038208
1263113853572976640
1263113979699826688
1263114084901367811
1263114536535691269
1263114547566698497
1263114779633364995
1263115399459147781
1263115539238486025
1263115654992924673
1263116029712007168
1263116034648739840
1263116840475209728
1263117328100790274
1263117411462479877
1263117414146863104
1263118052419350528
1263118152612950017
1263118267914346496
1263118346888728577
1263118555240894466
1263118697503342592
1263119463139999745
1263119639065890816
1263119881517453312
1263119883732234243
1263120019300507648
1263120434913964032
1263120565092544512
1263120740016173059
1263121057298305024
1263121059621957633
1263121109819568134
1263121530302672896
1263121742404497409
1263121938743914496
1263122419218354177
1263122846013743104
1263123190647328768
1263123315612364801
1263123896930373632
1263124044339126272
1263124487568084994
1263124654014824448
1263124830477574145
1263125081951174656
1263125081951174656
1263125089790291968
1263125118601093121
1263125477654396928
1263125572944900096
1263126322773139458
1263126573970055170
1263126886370033664
1263127058475102211
1263127283403042818
1263127477167128576
1263127477599100928
1263127841031557128
1263128001140547585
1263128219282108418
1263128903763312646
1263129155278761995
1263129501036355584
1263129539540107265
1263129850518425600
1263130261056864261
1263130447590146048
1263130701236502531
1263130733012324352
1263131519364800519
1263132826083475459
1263132853170290688
1263132883880947714
1263133014537539584
1263133265113812993
1263133327134990337
1263133328330428418
1263133462560636929
1263133579351150594
1263133654135554049
1263133662515732481
1263133697911504896
1263134301778071553
1263134332815904768
1263134478488293377
1263135152827273217
1263135157868826630
1263135466615975936
1263135498438131713
1263135503584497664
1263135526325977090
1263135526908911616
1263135829964267522
1263135938986688513
1263135940492627968
1263136284911992833
1263136383113342976
1263136609240616963
1263137413691555840
1263137573502943241
1263137607636193281
1263138225943719936
1263138324933300225
1263139008500072449
1263139136212307968
1263140134708527105
1263140138969939968
1263140207706222592
1263140279525220355
1263140412207894528
1263140600829882369
1263141188091215873
1263141276947546113
1263141416475283456
1263141417725108229
1263141456262373376
1263141662479593472
1263141681630601216
1263141858668052480
1263142118903754753
1263142183361671170
1263142204014559232
1263142577026433025
1263142583980756994
1263142967684063232
1263143402268393473
1263143477245861888
1263143699770421250
1263144085788872704
1263144169742237696
1263144182496915457
1263144209311305733
1263144217385357316
1263144460151652359
1263144489364926464
1263144710551539714
1263144878168514565
1263144937127731200
1263145344449347585
1263145347112722432
1263145509797183493
1263145525072855040
1263145596950589442
1263145875322425349
1263145903533293570
1263145937687412739
1263146212565356546
1263146312373080070
1263146579466256384
1263146661443969026
1263147304938172416
1263147446160498688
1263147534446444544
1263147726943944704
1263148800891326465
1263148866989424642
1263148876405637122
1263149237551824896
1263149312596459523
1263149368208773121
1263149370964209669
1263149372100886528
1263149569300402176
1263149617547554818
1263149752255787010
1263150670649135104
1263150775888478210
1263151166785011712
1263151481303306242
1263151760794767360
1263151817996636160
1263151963014914049
1263153024668700676
1263153180411641856
1263153499946319872
1263154126080421889
1263154326278717446
1263154347258642434
1263154514120622081
1263154588619685888
1263154847689236481
1263155072768389124
1263155153907015681
1263155159724634112
1263155176636059649
1263155307087355904
1263155333733679105
1263155542480084993
1263155832650231809
1263155851327610881
1263156085646438401
1263156177476747267
1263156618675585024
1263156786678333440
1263156799152275458
1263156951099334657
1263157050118455296
1263158090486120449
1263158114171355136
1263158179975663618
1263158841522499585
1263159337503076352
1263159440959778816
1263159711744000000
1263159714126475265
1263159858691485696
1263159952937381888
1263160182961434625
1263160222287302656
1263160222257987586
1263160315568697344
1263160826224992257
1263160830725513216
1263160867375460352
1263161051127971845
1263161287778893824
1263161385061679105
1263161726905864203
1263161835651502083
1263162017210384384
1263162126601981954
1263162340909780992
1263162449789935619
1263162466441351169
1263162468035149824
1263162469419290625
1263162512234688519
1263162664747859968
1263162737804402690
1263163371345633280
1263163422335741952
1263163550001963008
1263163580725309443
1263163964097089536
1263165117077782533
1263165600119115777
1263165711234588673
1263165874967662593
1263166008426143745
1263166087459463168
1263166154417360897
1263166312911601665
1263166420361363458
1263166705649549312
1263167123372867584
1263167323692826628
1263167485672673282
1263167588139483143
1263167692011450368
1263167696125870080
1263167869543735298
1263168026649726976
1263168098800226308
1263168119348105218
1263168227477159938
1263168243046526978
1263168279826194432
1263168333035290627
1263168608156426240
1263168609880346625
1263168668189540352
1263168767728680961
1263168832014888962
1263169186517450754
1263169224173932546
1263169589871022080
1263169634838040576
1263169641288892416
1263169643243601921
1263169919635591174
1263170482855124993
1263170593530228736
1263170671930150912
1263170674471903238
1263170761478504449
1263170785407119363
1263171301700706305
1263171404595429376
1263171537324199936
1263171916170317825
1263172329800073217
1263172506128711683
1263172809779380224
1263173119205916679
1263173888978178048
1263174349441437696
1263174593801588736
1263174654488805376
1263174741659209731
1263174857367273472
1263175009033351168
1263175233298747392
1263175400076836865
1263175449573818368
1263175483237244931
1263175514199646215
1263175716193079298
1263175782601560079
1263175883331973123
1263175943918665729
1263176538779836416
1263177181015883776
1263177204168613888
1263177216134918144
1263177436549672960
1263177872207904769
1263177996896219143
1263178474501607426
1263178761689759748
1263179053332299779
1263179068196950016
1263179188607111168
1263179351916494850
1263179555772215301
1263179870579941381
1263180200872775682
1263180613508632578
1263180958779363328
1263180959383355393
1263181110055485445
1263181193152995331
1263181444756541440
1263181631344476161
1263182345621798912
1263182717140602881
1263182936314007552
1263183187699695620
1263183219219787776
1263183239541256192
1263183792342171648
1263183924152414215
1263183940094955522
1263184016469098496
1263184170643124224
1263184220400128000
1263184351824617473
1263184521945481217
1263184614970896385
1263184691357716481
1263184742784086021
1263184985865011202
1263185380247044096
1263185533729193984
1263185702033829892
1263185722703577089
1263186043647426561
1263186368110317569
1263186472116641792
1263186606967738368
1263186791089278976
1263187497024094208
1263187515000922112
1263188085568872450
1263188804820594688
1263188912618573825
1263188978242670592
1263189004196839424
1263189416992034818
1263189963530735619
1263190065963888640
1263190603082412032
1263190904199774208
1263191146873778176
1263191155010949122
1263191512025903104
1263191540723339264
1263191783330197505
1263191985277591554
1263192401797136385
1263192410160390144
1263192643430907907
1263192741275561984
1263192909878353920
1263192912747286529
1263193009715326977
1263193032830017536
1263193081412587521
1263193497227743233
1263193860714516481
1263193961641979905
1263194037932048384
1263194330405244930
1263194920338087938
1263195197451767808
1263195512913760266
1263195725384613888
1263196120697708545
1263196176075165697
1263196691622060032
1263196778830065664
1263196863295033345
1263196900540526593
1263197241872994305
1263197647789338624
1263197665980043266
1263197890022985732
1263197976400445446
1263198002103177227
1263198074639351808
1263198095871029248
1263198100023398401
1263198276423204867
1263198399916113921
1263198668812963845
1263198735296839680
1263199349321809920
1263199382184353792
1263199824427585536
1263200041499529217
1263200337210404865
1263200908848095233
1263201050615480323
1263201065631133696
1263201257503817730
1263201512152539136
1263201895520391170
1263202022318317568
1263202056262889472
1263202113867386882
1263202325373636610
1263202545251606533
1263202599903297537
1263202713317171200
1263202742962618372
1263202849220997120
1263203163420553216
1263203318454554624
1263203417997996032
1263203428563591169
1263203486117826561
1263203694033633282
1263203994501070848
1263204089065877504
1263204472722993154
1263204559742070785
1263204757977681920
1263205064463642624
1263205247650074625
1263205282064338952
1263206047633690629
1263206664704008197
1263207022209744897
1263207097866600449
1263207142561124353
1263207211397939200
1263207388800258048
1263207588960886787
1263208113391513604
1263208679295184896
1263209149321678848
1263209174558801920
1263209182796419074
1263209191474450432
1263209297200189441
1263209704353705986
1263210031585075200
1263210106759544838
1263210154000109576
1263210163294658566
1263210365124399104
1263210641445261314
1263211035843952646
1263211081255837697
1263211302291464192
1263211594114351105
1263211793524146176
1263211876671991816
1263212382295293952
1263213157058740229
1263213415687806976
1263213532038025216
1263213717262675969
1263214197552361475
1263214274366881793
1263214307447275520
1263214638373756928
1263215161722232835
1263215795104108544
1263215812653068288
1263216391274008579
1263216582903451652
1263216680286605312
1263216719516008448
1263216861682044938
1263216905566982146
1263216944578269185
1263217009136893975
1263217395516289025
1263217563841880064
1263217670301913089
1263217844810022912
1263217880591556608
1263217980441153537
1263218105234456581
1263218378690433025
1263218909865443328
1263219031550525440
1263219445297799169
1263219525870391296
1263220028486418435
1263220035553763329
1263220085994524675
1263220514098745346
1263220526836744192
1263220588123951105
1263221264744931328
1263221277126467590
1263221466075725825
1263221505988661254
1263221924190203904
1263221934520705025
1263222247361216514
1263223551919820801
1263223640079958021
1263223950936428546
1263224437567963136
1263225051765190656
1263225092617703425
1263225693862801414
1263225869356728327
1263226127645937665
1263226523340988416
1263227010660413441
1263227229129052163
1263227322678816768
1263227395567349762
1263227593588957184
1263227749390565376
1263227856970285057
1263227889429831680
1263228720711680006
1263228768547598337
1263228771034779648
1263228773542985728
1263229524982018048
1263229958664617986
1263231310811860994
1263231533717975040
1263231843626778631
1263232281180884993
1263232568251559937
1263232690943377413
1263232751240572928
1263233046775357441
1263233355178315777
1263233680182358017
1263233823602548736
1263234366865436672
1263234579701420032
1263235564750491650
1263236045186822144
1263236599111806976
1263236748211085312
1263236762454724608
1263236960572903424
1263236960983879681
1263237015551737857
1263237546827530240
1263237803598438401
1263238369825509378
1263238576021467137
1263238687871176706
1263238828069969925
1263239038745657345
1263239122518528006
1263239351191961600
1263239460176621568
1263239574215692288
1263239930798583808
1263239994841403393
1263240334433280000
1263240473650401281
1263240541933907969
1263241037385957376
1263241563808956416
1263241913253101576
1263241981712650242
1263242149358907394
1263242169592184834
1263242547939475456
1263243220391247873
1263243450780188675
1263243499408969730
1263243621161025536
1263243629545418752
1263244121663328256
1263244241871888384
1263244271139926017
1263244386235752457
1263245314300932096
1263245314821103624
1263245504705712128
1263245890086555648
1263246038665695232
1263246087336443905
1263246275513810946
1263247005498957827
1263247146192703495
1263247471255445504
1263247517304582144
1263247522480271360
1263247956754358272
1263247980771106817
1263248085620121600
1263248279925489668
1263248363907985408
1263249071583698946
1263249157134958599
1263249718915858432
1263249798481809408
1263250130834272262
1263250208839872512
1263250508820643843
1263250727272697858
1263250877026099207
1263250928439889920
1263250967220432903
1263251103958925314
1263251160569348097
1263251166193840128
1263251312575238145
1263251460705435648
1263251547594555393
1263251566796189696
1263251673708986368
1263252115855556609
1263252301252382720
1263252581234683904
1263252801456492544
1263252825968173062
1263253355180294146
1263253874300686336
1263254230485385219
1263254476414226437
1263254889293066240
1263255273273200646
1263255617747202048
1263255888158130176
1263256047931854848
1263256411586228224
1263256659494711298
1263256691736547329
1263256788968882182
1263257042929823745
1263257325470539777
1263257905291317251
1263258079757565952
1263258217284546560
1263258931205472259
1263259014055460864
1263259082414346240
1263259184159584258
1263259205881827328
1263259438103830538
1263259640395182085
1263260138531631104
1263260346439077888
1263260488994967552
1263260672240074753
1263261012989526018
1263261093369176064
1263261126403526657
1263261235333738496
1263261481346334721
1263261521309827072
1263261584693977089
1263261667758047236
1263262300766691331
1263262303962742784
1263262804347219968
1263262830679265280
1263262830859554817
1263262886396416008
1263263265213186048
1263263466300866565
1263263519245467649
1263264017122054146
1263264558686318598
1263265131850391552
1263265499250667522
1263266170746142721
1263266241537589249
1263266395669835776
1263266842098962433
1263267591822495745
1263268221966262273
1263268320771522560
1263268421359136769
1263268451218452480
1263268464786989057
1263268743339220992
1263269534015778816
1263269660897640450
1263269984467378176
1263270187970826241
1263270548663971840
1263270627844161536
1263271397461237762
1263271528009027584
1263271836575465473
1263271840098762755
1263271867403640834
1263271912211460096
1263272142063443969
1263272611502592003
1263272882798505984
1263272952767922180
1263273338295771144
1263273714617106432
1263273762818002944
1263273813506232326
1263274173645959168
1263274346660888577
1263274409193885701
1263274466123153408
1263274581344825344
1263274640581025792
1263274677226651648
1263274704451833861
1263275201308971015
1263275201942323200
1263275245705846786
1263275271806910464
1263275988445736962
1263276138425655296
1263276227361533952
1263276402507501568
1263276867009855491
1263277092332089344
1263277094567653378
1263277202709401600
1263277352907411459
1263277552950534144
1263277901941743620
1263278369111601152
1263278804115558412
1263279720243892224
1263280043071021056
1263280112612581376
1263280193390739459
1263280283731857409
1263280963963850754
1263280974625861632
1263281045673259008
1263281328419737600
1263281662403764229
1263282208728588290
1263282283445776384
1263282460411887616
1263282500253573120
1263282515944620032
1263282873928257539
1263282878743363584
1263282879666114561
1263283271154229253
1263283722289319937
1263284061235286022
1263284156521418753
1263284311060631553
1263284643056541696
1263284760526241793
1263285273065996289
1263285292028452866
1263285513508786176
1263285617540169728
1263285639518334977
1263286246631182336
1263286395910656000
1263286535451029506
1263286610558218240
1263287902328545281
1263287913753702400
1263287955772358657
1263288292285571072
1263288354138984450
1263289324319236097
1263289793816834048
1263290546430279680
1263291704024563712
1263291857188130818
1263292005938982912
1263292059483467776
1263292061677088768
1263292134863572992
1263292174386573313
1263292374551343105
1263292442482221058
1263292641028050944
1263293115441590273
1263293214200664066
1263293447840112644
1263293630044934144
1263293826329980928
1263293847196631040
1263294107520303104
1263294188008996866
1263294323032031232
1263294962730283009
1263295704744824833
1263295790983917569
1263296088619941888
1263297641095413760
1263297661773459475
1263297828899692546
1263298299836149760
1263298329733201920
1263298387165753345
1263298840930799622
1263299038654365702
1263299113287929857
1263299701111246849
1263300399286513664
1263300614068613121
1263300653566365697
1263300703956676609
1263301145864343553
1263301632365821953
1263301654650159104
1263301695163039745
1263301899916320769
1263302001573736454
1263302135288135680
1263302299839090690
1263302324128268289
1263302499949297665
1263302695148011535
1263302791784615937
1263302947246682112
1263303112766488576
1263303203397001216
1263303312046202880
1263303511971786752
1263303536806375425
1263303898892128256
1263303972594438145
1263304232914030599
1263304327126487043
1263304747370442752
1263305077231620097
1263306367231823874
1263306959350050816
1263307652504981504
1263307813754998785
1263307987386540034
1263308349874950145
1263308961601773572
1263309144855056385
1263310291757969408
1263310396095684608
1263310709959655424
1263310975631048709
1263311140228157440
1263311440871673856
1263311895316094978
1263312450033725443
1263312537946165250
1263312589238476802
1263312813046423552
1263313373166538752
1263313707267997698
1263314495243501570
1263314917270175745
1263315278458433538
1263315403373260800
1263315622013911041
1263315832916127744
1263316346957258753
1263316365621985282
1263316470949437441
1263316575731347456
1263317580250583041
1263317713163821056
1263318149220519941
1263318335179153408
1263318495439343617
1263318513801924608
1263318640956407808
1263318977008328709
1263319539900657664
1263319783392579585
1263320026070777857
1263320683381219328
1263321274069200896
1263321612968800258
1263321638457815041
1263322330496856064
1263322559732494336
1263323109190492160
1263323262890774528
1263323380385636352
1263323694287421441
1263324401556238341
1263325582684639232
1263326162559873025
1263326164363497472
1263326187444678662
1263326201566900224
