1264410493223124992
1264410973969854464
1264411439009345537
1264412334975574022
1264412595471163392
1264412693055901696
1264412767185973248
1264413014742241287
1264413233240133634
1264413951565029377
1264414587400663041
1264415594104963072
1264415835885453312
1264416133245009920
1264416208520126465
1264416409876140032
1264416626679721984
1264416807470936064
1264416816295747589
1264417017593028609
1264417050702774274
1264417356593446913
1264417746768596992
1264417823612383232
1264418411523837953
1264418924759678977
1264419388469448704
1264420386839674880
1264420465650483200
1264420559640768512
1264420696651948033
1264420850025062400
1264420888700649473
1264420904085393413
1264420913799405569
1264421972542476288
1264422186925899777
1264422205225439234
1264422408695488512
1264423215373443072
1264423546350174209
1264423683277369346
1264423808464826371
1264424309403127809
1264424814762172416
1264424930776682497
1264425258943119360
1264425921735516161
1264426915890368512
1264427169603780608
1264427386684297216
1264427434096701440
1264427608969588738
1264428069223358464
1264428939549736961
1264429026388697090
1264429788002844672
1264430066097958913
1264430452636516352
1264431477040852992
1264431509928378369
1264431959083814912
1264432051534434306
1264432632068218881
1264432740335788032
1264432915464597508
1264433468185939968
1264433661677453313
1264434978718351360
1264435271682187264
1264436089705631744
1264436494086868993
1264436846098100224
1264437091624054784
1264437202894888960
1264437285132668928
1264437375553470471
1264437420608630784
1264437466737459205
1264437585126084614
1264437671637725185
1264437816362176513
1264437833344995330
1264437939909656576
1264438133518721024
1264438293434978304
1264438527980376064
1264438725918023681
1264439305327566853
1264439562207727616
1264439582042529792
1264439617757069312
1264439817544314882
1264439856945483777
1264440160604819457
1264440383129350145
1264440487760531458
1264440513811361792
1264440580353990656
1264440757466927104
1264440984512815104
1264441336230563842
1264441345269100544
1264441536181235712
1264442114768846849
1264442337993916417
1264442672292548609
1264442816190693377
1264442860734238720
1264442944347672576
1264443197008142337
1264443408426254338
1264443541519917058
1264443618116333568
1264443951890587653
1264444055326543872
1264444105171636225
1264444231797608450
1264444944636313600
1264445108616716288
1264446195881123840
1264446929653694464
1264447170377326592
1264447874278068231
1264448311668473857
1264449330921926656
1264449577085571072
1264449724901404673
1264449943261118465
1264450180788740097
1264450434615275522
1264451102092800000
1264452948052099074
1264452966926483457
1264453209378246658
1264453680755064832
1264455090242543617
1264455116364681217
1264455317246615553
1264455798614380544
1264456230703071232
1264456234444312576
1264457038102507522
1264458042281791489
1264458145918783489
1264458624094531585
1264458625499590658
1264458783251726338
1264459561970302977
1264459723530788864
1264460452072960001
1264460651617017856
1264460948850585602
1264460966705590273
1264461066693640192
1264461476565221381
1264461532378861575
1264461654059819010
1264461775455637512
1264461820674400257
1264462229233164297
1264462658587234305
1264462797691371521
1264462918592032768
1264463682400116737
1264463987569238023
1264464053591781376
1264464160647045121
1264464174073155585
1264464414155182080
1264464848613552128
1264464979023015936
1264465076603498496
1264465181591076871
1264465420926550016
1264465516959338496
1264465530372702208
1264465572672278534
1264465770052026378
1264466081969778690
1264466249897119744
1264466836805914625
1264467185759432704
1264467192684466176
1264467454115434497
1264467621640048640
1264467695610793984
1264468044509822976
1264469177139695616
1264469667231522823
1264469792586694656
1264469892784361472
1264469923440492545
1264470200830787584
1264471201453400064
1264472227480772608
1264472486256599040
1264472664418258944
1264473080719716354
1264473196197220352
1264473726323585024
1264473998966095873
1264474106709397506
1264474169879789568
1264475104542588928
1264475752839417856
1264475889124831237
1264476340507443203
1264476418806693888
1264476757660504065
1264477856052187138
1264478165428137985
1264478199746093056
1264478887993581569
1264478978011783168
1264479757141372929
1264479816251854848
1264480194452246528
1264480288169746432
1264481138082549760
1264481297684221953
1264481397324034053
1264481951622324224
1264482395316793345
1264482539747504129
1264484085147328513
1264485201989771264
1264485288967094272
1264485558224592901
1264485649882718209
1264485700851941382
1264485826005794816
1264485831512858626
1264486618901221378
1264486674182156294
1264487076768202752
1264487666986426370
1264488006737702913
1264488342093168645
1264488564714360833
1264488844335951872
1264488885901549568
1264488948606414849
1264489095788662789
1264489637034287110
1264489831972954113
1264490082733563905
1264490343703236608
1264490691180273665
1264490819446341634
1264490893727408128
1264491165136687107
1264491308476846080
1264491390949634048
1264491864771768332
1264491972988776450
1264492099644391424
1264492260772773888
1264492360232247296
1264493212753944578
1264493350662533120
1264493369193095169
1264494302962614272
1264494508340908032
1264494813702914048
1264494924214546432
1264495360409550849
1264495587048730625
1264495920978300928
1264496123139387392
1264496736027979778
1264496893188542464
1264497141453651971
1264497552952418305
1264498304731267073
1264499745160146945
1264500189819219968
1264500417741959169
1264501074620305408
1264501268439093248
1264501605480595457
1264501699953246209
1264501802197757959
1264502192972673024
1264502929681252352
1264503166655016960
1264503167741423616
1264503354954113025
1264503439310102529
1264504720883806208
1264504970507935745
1264505749763428352
1264505942596628480
1264506125073948673
1264506448794525696
1264506575701639168
1264506713341857792
1264506912881565696
1264506952421462016
1264507022990544897
1264507930054758401
1264508292228931584
1264508320209088513
1264508326156529664
1264508390975258624
1264508801182584833
1264509217043611648
1264509474234142720
1264509631839305729
1264510252583616513
1264510296376442881
1264510985093517312
1264511103603793921
1264511573302956033
1264511681729683458
1264512138598629376
1264512209524326400
1264512490819510272
1264512565335527426
1264512724974919680
1264512734630219776
1264512976960327680
1264513973183041536
1264514046914691073
1264514496720252929
1264514519499304961
1264515003782225920
1264515511729045504
1264515651160256515
1264516015695826945
1264516560825311232
1264516687438794752
1264516754316890112
1264517124971692037
1264517521652121601
1264517659363770371
1264517796928634882
1264517922480930816
1264518085622497280
1264518157261246464
1264518263595098112
1264518265990197248
1264518306591113216
1264518539773448193
1264518791360393216
1264518881428885506
1264519732381855751
1264520038188552194
1264520480884756480
1264520759793184769
1264521042678165505
1264521700819034114
1264522055329906688
1264522092843859968
1264522310607831042
1264522547263045633
1264522588145045511
1264522648765243392
1264523509239291904
1264523786940026887
1264523836306882560
1264523873426554880
1264523897082347520
1264524570779934720
1264525573067399168
1264525579451281408
1264525688016711680
1264525842232807426
1264526079995326465
1264526422497951744
1264526722692612098
1264526874627264515
1264528025175154689
1264528150136061954
1264528357586337793
1264528582271008768
1264529171977515011
1264529354530398208
1264529618792517632
1264529841199575042
1264529869217636358
1264529942378921984
1264530138395545600
1264530248374325248
1264530314476449793
1264530610254680065
1264531289534799873
1264531314767790081
1264531469994729472
1264531651910139905
1264531788803817472
1264531831409475584
1264531831409475584
1264531953719619584
1264532208896835584
1264532282913800199
1264532941230821377
1264533130704228356
1264533154968285185
1264533539661459456
1264533629763563520
1264533744418840576
1264534133142884354
1264534209374433288
1264534568574517250
1264535020871585792
1264535522808119296
1264535543452446725
1264535878640140290
1264536120882315264
1264536572466208768
1264537098788405248
1264537679821234176
1264537903507570689
1264537949452087296
1264538279564673030
1264538898887303169
1264539170061668360
1264539562942087168
1264540568790675456
1264540677620338690
1264541083121233920
1264541633317670912
1264541707170799617
1264541728545157120
1264541840033775619
1264542051422687232
1264542103297757184
1264542679477575682
1264543284464168960
1264543387400749062
1264543697112358913
1264544049144516609
1264544508290707456
1264544623629869056
1264545070532845571
1264545206583656449
1264545333129834498
1264545508154015744
1264545712685174785
1264545830880583680
1264546008098373632
1264546351225987074
1264546513620959232
1264546595925884933
1264546973471866882
1264547902195675142
1264548053379190786
1264548062711754753
1264548706193457152
1264548753626796033
1264549145999814657
1264549405039919104
1264549777691328513
1264549791243153408
1264549988601905153
1264550065592393728
1264550479998193664
1264551328635813888
1264551574136897537
1264551630609027072
1264552362254970885
1264552382337187840
1264552440436834305
1264552634377277440
1264553061319675904
1264553197550665728
1264553343822823429
1264553656021667842
1264553717812137984
1264553747700690946
1264553756710113280
1264553810636275712
1264554463479697413
1264555201035407360
1264555533241106432
1264555751185489920
1264555910371909632
1264555971914821639
1264555985689022464
1264556073228230656
1264556128232488968
1264556192011091969
1264556673169068034
1264556678688768004
1264556733902585857
1264557421499944961
1264557520154132481
1264557596545036288
1264557609220222977
1264557732239212545
1264557794432151554
1264559186664251392
1264559247699869696
1264560118387146762
1264560560663867400
1264560646001250305
1264560703324684292
1264560746119098370
1264560829862514688
1264561250303762433
1264561430507872257
1264561804107288586
1264561948051542016
1264562386004033537
1264562463170797570
1264563575559000066
1264563669062635521
1264564253635174401
1264564652400185347
1264564785141735431
1264565074582138881
1264565074741485569
1264565112230350849
1264565491210891265
1264565663282212865
1264565787102261259
1264565820723691521
1264565860502573057
1264566274438205440
1264566948815306758
1264567213383725056
1264567214524338176
1264567359743954944
1264568077699735554
1264568805168160768
1264568954800033795
1264569258664759296
1264569357436424192
1264570220057952263
1264570501160148994
1264571290364588033
1264571365790814209
1264571418081144833
1264571423785279488
1264571491397455874
1264571702006210560
1264571752979537920
1264571935641546753
1264572730550235137
1264573058586722305
1264573059521867779
1264574005190832128
1264574050287980545
1264574305951723520
1264574439741480960
1264574528249831430
1264575263842504704
1264575577899642880
1264575673009672194
1264576007966785536
1264576008298000385
1264576312557142017
1264576354122596352
1264576394677411840
1264576605621534720
1264576727054979074
1264576770218561536
1264577008597708803
1264577411011825668
1264577883109875712
1264578497311211521
1264578554273992705
1264579480695246849
1264579682487406593
1264579780495753219
1264580236487901194
1264580427441938436
1264580602864570368
1264580647148011520
1264581322313478144
1264581344807522304
1264581467151241216
1264581708269182976
1264581709590401024
1264582030131695622
1264582192107143173
1264582267566985216
1264583337022119936
1264583442727133185
1264583894478868480
1264583969783320576
1264584302312017922
1264584540154028034
1264585076194623489
1264585229982814215
1264585277554688004
1264585731638353920
1264586454275174400
1264586517344710658
1264586878474469378
1264586882899476481
1264587082934022145
1264587203927212040
1264587586451968000
1264587635504316418
1264587711681376256
1264587798314733568
1264588046911115270
1264588429016338432
1264588444640174081
1264588703260987398
1264588755119341570
1264589065497821195
1264589564024442880
1264590312057573376
1264590370437951489
1264590723560636419
1264592164513865729
1264592165386309637
1264592236119044096
1264592569335312384
1264593139140112386
1264593549925982212
1264593597732728832
1264593646738964482
1264593864066846720
1264593982069387265
1264594214278627340
1264594401029996555
1264594551571972101
1264594723672592386
1264594845970169857
1264595286720159744
1264595916113281025
1264595918696992768
1264596436534079489
1264596531358752768
1264596595472912384
1264596628213825537
1264596677622710282
1264596994464419845
1264597131429441536
1264597346941308935
1264597373004713985
1264597663770570752
1264597849200889856
1264597853273575426
1264598242140008449
1264598428060958720
1264598667014463488
1264598865988247552
1264599320810094593
1264599383531798530
1264599816773840897
1264600018167705600
1264600449405026309
1264600456803823616
1264600523874983937
1264600655827800066
1264601452300902400
1264601808137306115
1264601947002167297
1264601950479245312
1264602127789424640
1264602286397022208
1264602596276240384
1264602607022211081
1264602656409964545
1264602895158317056
1264603139577122817
1264603167683198977
1264603746522271745
1264603946682900485
1264604545319079936
1264604943215968261
1264605160904499202
1264605503511986179
1264605598760435712
1264605806890291201
1264606132120813568
1264606266539859978
1264606330133843972
1264606363327569920
1264606486086537220
1264606796511162374
1264606925200789504
1264607184844980229
1264607185255968778
1264607707207794688
1264607744750948352
1264607966063398912
1264609146847944705
1264609434434539522
1264609744716693510
1264609904960008192
1264609983578152960
1264610075873812480
1264610204508753920
1264610306514472961
1264610325036318721
1264610536332935170
1264611106128924673
1264611127268225024
1264611165449129991
1264611228393123841
1264611611827896321
1264611745244557312
1264611897078317056
1264612546046300165
1264612894660071426
1264613047131353090
1264613146787893248
1264613196951957506
1264614117853331457
1264614173952094210
1264614461681303557
1264614474843131908
1264614639335362560
1264614705630412800
1264615063358525440
1264615124452720640
1264615609083584518
1264616036801757185
1264616632468439041
1264616638512615424
1264616791961038848
1264617003806978048
1264617063341076481
1264617118760345600
1264617330895716353
1264617519568093185
1264617608185368576
1264617613889466368
1264617718214320128
1264617766000250880
1264617846748975108
1264618235204440065
1264618552952344577
1264618844590682116
1264619277660966918
1264619433408057352
1264619675721359361
1264620675081424896
1264620827066105856
1264621163797286913
1264621514877534208
1264621555876839434
1264621681634672645
1264621770503606277
1264622856668958723
1264622945013567493
1264623015649837056
1264623425567539204
1264623542219530245
1264625239574679552
1264625771324325892
1264626014853959680
1264626239375126529
1264626287160823808
1264626331280535552
1264626505205927937
1264626831321378817
1264627168945901568
1264627708258144256
1264627747718078471
1264627862914494465
1264627930296131587
1264628865130999810
1264629103266799616
1264629297597288458
1264629683150368771
1264630359309930496
1264630406764208135
1264630458144501765
1264630612079587329
1264630774285897728
1264631009485688832
1264631634877222913
1264631635921649664
1264632021210607617
1264632204929511426
1264632374127669252
1264632443916611584
1264632462132629504
1264632651215970306
1264633396807884801
1264633400041734144
1264633400255631360
1264633403246145536
1264633501003010048
1264633927496544260
1264634043020296192
1264634258527838210
1264634839648501766
1264635030527045632
1264635174719021057
1264635865529270272
1264635908650758144
1264635962866483200
1264636177904214017
1264636527709061120
1264636592531992576
1264636672102158341
1264636675377881088
1264637800474763266
1264637810226716672
1264638026585686024
1264638283553832962
1264638348855070722
1264639025035513865
1264639437704704002
1264639855813853184
1264639877460746241
1264640315878596608
1264640841123082245
1264641175077769218
1264641336558391299
1264641735369637894
1264641823714226177
1264642082582466560
1264642300384284680
1264642441799483400
1264642473588121600
1264642627141541890
1264642639833387008
1264643645841575937
1264645497752600576
1264645661477257216
1264645858563325952
1264646119142850560
1264646289410719746
1264646344590766080
1264646357899292672
1264646561503510529
1264646772338552832
1264646821084790784
1264646880614629376
1264647228536295424
1264647655378092038
1264647915181608960
1264648943172046850
1264649032355454976
1264649240543969280
1264649597508558863
1264649841671626754
1264649942770958336
1264650270077845509
1264650429708660736
1264650562735345664
1264650605114556417
1264651720258457600
1264651833659863042
1264651885262393346
1264652378457939968
1264652655261036545
1264652789621325824
1264653251263291392
1264653431794470914
1264653467932557313
1264653523658117122
1264653665878638599
1264653747419938816
1264653908984520704
1264654023635894272
1264654177306914818
1264654374409830400
1264655003941306372
1264655387359404033
1264655436269129728
1264655520012656642
1264655595682123778
1264655848841723909
1264656016806993921
1264656107420688385
1264656110717489154
1264656180544233472
1264656381463932932
1264656591493771271
1264657205120376836
1264657366538170371
1264657620612206592
1264657639180513280
1264657774803288064
1264658123484213255
1264658277155188736
1264659081199063040
1264659138312900608
1264659397231415297
1264660415444910081
1264660503449817088
1264660852352876552
1264661288543756291
1264661461411889152
1264661463454498816
1264661470047952896
1264661734373167104
1264662356715544577
1264662665881927683
1264662667731615744
1264663021206425600
1264663350128107520
1264663606924173312
1264663900135600128
1264663906699665408
1264664238511054853
1264664518908674048
1264664950032797697
1264664998627991557
1264665030206853121
1264665396134793217
1264665627798749185
1264665811723091973
1264665889624010760
1264666409621217281
1264667204559220737
1264667264080580608
1264667550329298944
1264669366190329857
1264669419432804353
1264669857619955712
1264669992190005248
1264670079721111554
1264670085781893121
1264670834809016320
1264670981655687168
1264671244034748416
1264671408317227018
1264671527611633669
1264671561283493890
1264671938779234306
1264672112268111872
1264672440057200643
1264672934439686145
1264673347054559233
1264673453216497666
1264673593423622144
1264673971548684288
1264673984597164033
1264674157750444032
1264674450890305536
1264674464211636225
1264674810459762688
1264675237280571398
1264675459314450433
1264675507511099394
1264675566470549507
1264675663182733318
1264675748037746689
1264675800189550592
1264676685565145089
1264676686915756034
1264676688631197696
1264676689121968128
1264676847947780097
1264676977308508168
1264677249913106432
1264677651735855104
1264677742089469958
1264677763224649728
1264678064853835776
1264678658423349260
1264679009637580806
1264679377675010049
1264679699525099520
1264679822254432256
1264680842615545858
1264680929840300033
1264681518615724044
1264681541273354243
1264682638792708096
1264683618355601408
1264683814560968709
1264683852984967168
1264684018554961920
1264684137841131528
1264684619481440256
1264685222152601602
1264685274530844674
1264685808885219328
1264685978192695296
1264686431269785613
1264687492839735296
1264688932366712832
1264688934954528769
1264689076730384385
1264689403936423936
1264689433397338114
1264690092444090368
1264690306303381504
1264690409332080640
1264690718708285440
1264690984220229634
1264691328576884738
1264691356901027841
1264691534995156992
1264691535943065600
1264691542167519239
1264691719695712256
1264691845558304777
1264692020687200258
1264692090849689601
1264692284932718592
1264692346945445895
1264692387470770181
1264692387470770181
1264692554332848132
1264692561807015942
1264692737074507783
1264692838501167104
1264693097763606530
1264693179774885888
1264693188280762368
1264693282136903681
1264693701080543232
1264694103431938050
1264694107819184130
1264694184142872577
1264694185610940426
1264694511286079488
1264694745986732035
1264695760647532559
1264696592059138048
1264696642185420801
1264697647249661952
1264697699862970374
1264697750513496065
1264697875767930880
1264698478011265027
1264698652456615936
1264698773906882561
1264698971647283208
1264699153759813634
1264699202812157953
1264699240015634433
1264699332202135553
1264699629930639360
1264699922101743622
1264700366475743232
1264700366584778752
1264700457051660289
1264700755677573121
1264701290493497353
1264701336618139648
1264701412744757248
1264701687161290752
1264702201529761794
1264702331855286273
1264702496875753472
1264702860190789632
1264703818442440704
1264703848645525513
1264704406311796743
1264704657986912256
1264705075366297600
1264705365683339266
1264705710857822209
1264706160772481026
1264706254393405440
1264706257262243840
1264706289025851393
1264706541388587013
1264706704165363712
1264707325291646976
1264707486084366336
1264707505495568384
1264707581756481536
1264707617483624448
1264707638761152518
1264707739168710659
1264708635311198209
1264708719692087299
1264708798335406081
1264708881680392192
1264708915427753987
1264709162904231936
1264709185746472964
1264709407306219522
1264710050872004609
1264710175660953606
1264710198121259008
1264710198901592068
1264710407685410816
1264710415122075649
1264710586623016968
1264710972230578179
1264711797044543488
1264712570075832329
1264713242326323200
1264713353722658816
1264713369522548736
1264713378842456065
1264713419715944448
1264713916623605760
1264713956863676416
1264714076577574922
1264714305800409091
1264714725415440384
1264714855065534473
1264714921767510017
1264715289440256003
1264715472676753408
1264715951867600901
1264716814166212608
1264716814489128973
1264716991971106820
1264717005619433472
1264718231413182464
1264718283271438338
1264719101722648577
1264719165618745344
1264719199156477952
1264719219213643777
1264719662060888072
1264719852008116224
1264720100315107328
1264720150651158534
1264720253168365568
1264721074740178944
1264721117597429761
1264721226720702464
1264721230336192512
1264721611728527373
1264721779127275520
1264721919871520769
1264722194439028736
1264722291516211210
1264722407954112513
1264723216452509704
1264723660209664000
1264724216483586050
1264724374701043713
1264724744235974656
1264725425533653004
1264725488892817408
1264725948236169217
1264726775399174144
1264726818847940609
1264726960510386177
1264727191688011776
1264729208481361924
1264729290639360000
1264729735155929093
1264729943495397378
1264730538734055424
1264730555784073220
1264730570573086720
1264730598008127489
1264730608355487744
1264731135822696449
1264731209952886784
1264731243419037696
1264731341343555585
1264731370804449281
1264731409006186498
1264731461481050112
1264731802121277440
1264732076290519040
1264732095701647362
1264732234583609345
1264732371947065344
1264732625681494017
1264732754874335233
1264732847723732995
1264733543453929491
1264733817043947521
1264733818046435328
1264734169793363969
1264734302606102535
1264734517354467328
1264734704084844546
1264735090195591169
1264735156113305600
1264735248006275072
1264735282458513408
1264735341111582726
1264735535567982595
1264735536591273984
1264735689188532227
1264736121633857540
1264736326823206912
1264736328089915395
1264736329188773888
1264736330237403136
1264736812687376385
1264737185300910080
1264737276413775872
1264737596481187841
1264737862311907334
1264738407592402944
1264738556758507520
1264738607274659840
1264738684655583237
1264739123971096582
1264740102435037184
1264740614169649152
1264740728586059776
1264741140181381120
1264741363838574595
1264742192247197699
1264742281917186048
1264742831865958400
1264743692448997377
1264743808576733184
1264744376896499718
1264744473982091266
1264744682053083136
1264744844326510594
1264745146530365441
1264745180063817728
1264745256878309376
1264745319457337344
1264745723423309825
1264746228924981249
1264747032306167810
1264747172962144262
1264747279019159553
1264747874484699138
1264748031922012161
1264748235849162761
1264748453856493577
1264748526338277377
1264749388192235527
1264749506085543936
1264749628823465984
1264750256006275077
1264750959403634695
1264751007088742400
1264751015032754176
1264751121882468352
1264751226618474496
1264751271669620742
1264751399885254656
1264751611399684096
1264752233071235078
1264752288406568966
1264752592430796811
1264752777110020097
1264752801965629441
1264752981486026752
1264753411552972800
1264753420629610497
1264753588431204352
1264754526776631296
1264754746029637632
1264755087534145537
1264755226634059778
1264755850758942720
1264755854663995392
1264756093382733824
1264756438435418113
1264757122694287361
1264757175760687104
1264757611699884032
1264757650870452227
1264758557779558400
1264758810184318976
1264758822750621702
1264759267409747968
1264759435173470209
1264759902863572992
1264760049102131201
1264760443530166274
1264760794274828289
1264761419100233729
1264761429732843520
1264761567024943105
1264761953156845569
1264762252042911744
1264762587348115456
1264763031105519619
1264763279513202688
1264763562939109384
1264763891541778437
1264764238545014786
1264764318828032000
1264764376780804099
1264764665017614336
1264765019952160768
1264765243433066500
1264765432717889542
1264765865683070976
1264766248904261632
1264766398384844800
1264766793983430656
1264766870131019776
1264767145294135296
1264767320104284160
1264767874670956544
1264767876722036741
1264769384947433472
1264769548512899072
1264769922053201921
1264770043784675328
1264770198642417665
1264771354320125958
1264771838623846400
1264771855023554560
1264771949605117953
1264771971901878272
1264772029871542285
1264772054437564416
1264772184800518144
1264772186348257281
1264773000634736640
1264773500226732038
1264774575474249728
