1266223646336524294
1266224467958812672
1266224627711463426
1266225347860803584
1266225378537897985
1266225431449083904
1266225545722855424
1266225574009360384
1266225894768640006
1266226082874822662
1266226360470704129
1266226817020510209
1266226853355847680
1266227618916864000
1266227620624162817
1266228352387432448
1266228994325741568
1266229096415035393
1266229269484666880
1266229336190750721
1266229505590353920
1266230174472863744
1266230918508761089
1266231005498814464
1266231109194416130
1266231210579079169
1266231234641850368
1266231502787887105
1266231905994764294
1266231993735327744
1266232182860738560
1266232184387469312
1266232185540886529
1266232305560858626
1266232306739474435
1266232309927170048
1266232582603042820
1266232686571470859
1266232851076386816
1266232855136362498
1266233127006957574
1266233270582140928
1266233648295997440
1266234162513510406
1266234726542532609
1266234833379852289
1266235109356695555
1266235541609050113
1266235600048279553
1266235960645173251
1266236319501414403
1266236809366781952
1266236964723765254
1266236965931724802
1266236966992900097
1266238053183447040
1266238142522130443
1266238333451026439
1266239139277443076
1266239345914077187
1266239514378334211
1266239561165725701
1266239709732237319
1266240413540597760
1266240484768280578
1266241220830851072
1266241476503105536
1266241626965327872
1266241642878480385
1266242024178503692
1266242264608595969
1266242679035199492
1266244436352090113
1266244537036369928
1266245035005116422
1266246219036155906
1266246546418368514
1266246839910588417
1266247030176837640
1266247032894709760
1266247040658362369
1266247162683260929
1266247475410526208
1266247487989243907
1266247530951528448
1266247533426176002
1266247911186169861
1266248625476132867
1266249083099856902
1266249259868844033
1266249368081854465
1266249520016326660
1266249669710999552
1266249853476036608
1266251709543677953
1266251968118325254
1266252052541272064
1266252107998355456
1266252198729547778
1266252566276395009
1266253580920426499
1266254096077447169
1266254205041270784
1266254267653820419
1266255339604701185
1266255432156213248
1266255751246344192
1266255872306503680
1266256917577428993
1266257011542351872
1266257122829860864
1266257775362887681
1266258066380427264
1266258484732952576
1266259011415887873
1266259307630223360
1266259314726952960
1266259430313619456
1266259453721997312
1266259638791503873
1266259658529886208
1266261169641119744
1266261259118243841
1266261884077928450
1266261885197799426
1266261889564078082
1266262385553100800
1266262421385052166
1266262493615108096
1266263024593072128
1266265138308366343
1266265870294118400
1266265909196283905
1266266702766960640
1266267053888958465
1266267093483155458
1266267201801076736
1266267749954678784
1266268520918089728
1266269363264344067
1266269902458941443
1266270268109975553
1266270359835164672
1266270473962139648
1266270560360656897
1266270579260141569
1266270631860953088
1266270634775990272
1266271492146229248
1266271568251904000
1266271976336666625
1266272389702144002
1266272406332567553
1266272829072216066
1266272841827119106
1266272921216942082
1266273144223838209
1266273696932483074
1266273741203361794
1266274257106948097
1266274533851320321
1266276097814978561
1266276990878793729
1266277480144367616
1266277482400854016
1266277483466256386
1266278263636193283
1266278469022781440
1266278989745668097
1266278990932668416
1266280143816802306
1266280423329390592
1266280425401364480
1266280844475293705
1266281007709208577
1266281461008621569
1266281757625643012
1266281760943292419
1266281946788671488
1266282156612964352
1266282358770032641
1266282445705326599
1266283132270940161
1266283666424000518
1266283803183476736
1266284227739308037
1266284303555543041
1266284542874144768
1266285141095116802
1266285474429059077
1266285542641033216
1266285704750874630
1266285768294625281
1266287540652236801
1266287925316083712
1266290377469816838
1266290589542146048
1266290808992362499
1266291019005362176
1266291843030867971
1266292215254380546
1266292217053802497
1266292219159298048
1266292818542120963
1266292891573354497
1266292936175570944
1266293263578787840
1266293312270434306
1266294540228386823
1266294734693097472
1266294795669876737
1266295891293401100
1266296172143980551
1266297858287779841
1266298907434184704
1266299551058522112
1266301131824615425
1266301333742555136
1266302357689692164
1266302492536483842
1266303299650641923
1266303596481572865
1266303738219687937
1266303822709665800
1266304229175590912
1266304343227039744
1266304660555493376
1266304788058173440
1266305108414881794
1266306061407051776
1266306512172929024
1266306530770550786
1266306536411987978
1266307060599148544
1266307062708895748
1266307745218732033
1266307766211293184
1266307894456324097
1266307931907055617
1266308360372183049
1266308408053059584
1266308649175130113
1266309080408186880
1266309334142799873
1266309688783667202
1266310012739223552
1266310423919255554
1266311425347256320
1266311531005960193
1266311602476908545
1266311662312833025
1266312104560263168
1266312738822688768
1266313080658694145
1266313215379562500
1266313307180408832
1266313465347571712
1266313727491469313
1266314256984743936
1266314313016328194
1266315322363125762
1266315685824802818
1266315727239290881
1266315867979038720
1266315871481294848
1266316295022112769
1266316508298244099
1266316946817024001
1266317182977392640
1266317231958433792
1266317961083736064
1266318631568375808
1266318852297818117
1266319226358374402
1266319665988591617
1266320113927585793
1266320712446488581
1266321218027884546
1266321912772222976
1266322025607499779
1266322027356418049
1266322029138997248
1266322030288187392
1266322031542366215
1266323561213558786
1266323649725947905
1266323662036140032
1266324229160648704
1266324409930805249
1266324486934024193
1266324559298310147
1266326555174727680
1266326747449982977
1266327238636564480
1266327511392120832
1266327622914621440
1266327699502649344
1266327973248020480
1266328225204092928
1266329531192836097
1266329639556993024
1266330772513964032
1266330774573387777
1266331341215469569
1266331776554852352
1266332787310821378
1266333130073522176
1266333474547433472
1266333849023401987
1266334257120718848
1266334501225062400
1266334900166299649
1266335081326678017
1266335329474285570
1266335608412278784
1266335627982729222
1266336120775852032
1266336188299907072
1266336936484122625
1266337013428400128
1266338569037242368
1266338938488315905
1266338985242173440
1266339019870408705
1266339104024940544
1266340122871705601
1266340599592075264
1266340618705534978
1266341308282667008
1266341491384999937
1266341952510984192
1266342003731599361
1266342317696397313
1266343073308643328
1266343135417978881
1266343204531703809
1266343436514361347
1266343501060603904
1266343517326057472
1266343578013401090
1266343592949362689
1266343734322569217
1266343881911738369
1266344017408778241
1266344049436512258
1266344198975954945
1266344335014060033
1266344468502007813
1266344637507284994
1266345393207549952
1266345634828881920
1266345734795784194
1266345821714472960
1266346049137934336
1266346302209695744
1266346449853280256
1266346558699835394
1266346563665686528
1266347051140501506
1266347066805989378
1266347133218816000
1266347292350693377
1266347327901569025
1266347570139328513
1266347623449088002
1266348584586424322
1266348829789622274
1266349290273701889
1266349314546323457
1266350349880827905
1266350598720491522
1266350678378758145
1266350902035853313
1266351034458349571
1266351096441778177
1266351655051763713
1266351846148505602
1266351848920768514
1266351851881947136
1266351855598100481
1266352154455035904
1266352310533455873
1266352725291339777
1266352812411236352
1266352827300851718
1266352980128743424
1266353850547687426
1266354446197501953
1266354470134452225
1266354660530704391
1266355340804632579
1266355584632225794
1266355966762721280
1266356374679715842
1266356490090229763
1266356514056548352
1266356744789336064
1266357880296480773
1266358072559185920
1266358074463457282
1266358344861863938
1266358749448585217
1266358772403892226
1266358969146257408
1266359192618663937
1266359680001093632
1266359972503248896
1266360949201530887
1266361183684096002
1266361209688780803
1266361451603771392
1266361879808671745
1266362509969195009
1266363054356389888
1266363447417032704
1266363887395303424
1266363893175029767
1266364067440136197
1266364090563387394
1266364233085845504
1266364384978169862
1266364423901306887
1266364528314314752
1266364698875715584
1266364861023260672
1266365613322231808
1266366195504082944
1266366364899397635
1266366547041193985
1266366693002993668
1266366819734032384
1266366887367081987
1266367074042970112
1266367079160020994
1266367080653131777
1266367160428838915
1266367450108399620
1266367455397507085
1266367756716273665
1266368257373507587
1266368277996957698
1266368294027554817
1266368807422930947
1266369163229945857
1266369221144932356
1266369736863911938
1266369994050306053
1266370466324705282
1266370571404627970
1266370573011058699
1266370581080862722
1266370582519545861
1266370714493304835
1266370727688589313
1266371100587380736
1266371267852025863
1266371267524870145
1266371443148730368
1266371453596794880
1266371564498382849
1266371667393048576
1266371670459052036
1266371833386811392
1266372023007105024
1266372056616103940
1266372398284075009
1266372655143284736
1266372746172223492
1266373156228313090
1266373156568096769
1266373380791431169
1266374247024177152
1266374248991342594
1266374571927547913
1266374585353560065
1266374625195249671
1266374664483254279
1266375026011336711
1266375507832008704
1266375923923709952
1266376154497179660
1266377000391815178
1266377064141086720
1266377732046245889
1266377779370618887
1266377886073712642
1266378049672613888
1266378049928302594
1266378507300376576
1266379116053487616
1266379364876333061
1266380621435338752
1266380885739409409
1266381237163134976
1266381707336392704
1266381891822854144
1266382199001174024
1266382305666330624
1266382312226226182
1266382318962237440
1266382396586221568
1266383051094802432
1266383430138261504
1266383694085922819
1266384061569945600
1266384097963921411
1266384232299081729
1266384496263417858
1266384538495836161
1266384896034918401
1266385035579588608
1266385067661615104
1266385196246499329
1266385355349114881
1266385531887378432
1266386062730903552
1266386906280943616
1266387336365047808
1266387594985631748
1266387621242118144
1266388171111182338
1266389063625515009
1266389127316017159
1266389257486135296
1266389485400608771
1266389626660573185
1266391597068910592
1266391704535363591
1266391741768388610
1266391916427513863
1266392017866838020
1266392037345157120
1266392683162947584
1266392740075454464
1266393069483687939
1266394029777924096
1266395115100221443
1266395494474854403
1266395522434301959
1266396224988622854
1266396266470076416
1266396533056036866
1266396556183257089
1266396752057376769
1266397138185007104
1266397393500598272
1266397394855276544
1266397402031968256
1266397403357143042
1266397754684846085
1266397755142004736
1266397846774976517
1266397880467816449
1266398136572018688
1266398152841723906
1266398237075877890
1266398473626230788
1266398552579850245
1266398620770803712
1266398937042345984
1266399075450204160
1266399898943045632
1266399979519782915
1266400131785555968
1266400134440591361
1266400147820470273
1266400226463678464
1266400317568094210
1266400895253782534
1266401021527375872
1266401044013121536
1266401081946447872
1266401298997563392
1266401491247489024
1266401567688753154
1266401718448906242
1266401936019877892
1266402435133816832
1266402999158689794
1266403809342955521
1266403929111162881
1266404173081448448
1266404230459535360
1266404298566631425
1266405006145581058
1266405095077380096
1266405762064154624
1266405926728318978
1266406168831815681
1266406515856084998
1266406588337750018
1266407173732683777
1266408312544903169
1266409045361078272
1266409459519090688
1266410019353853960
1266410501145313281
1266410895216762880
1266411042357346306
1266412372928819200
1266412381548109824
1266412677930397705
1266412954657964032
1266413500898959360
1266413784450695169
1266413832177582081
1266414071496179712
1266414694539149312
1266415732037955585
1266416124960407563
1266416774842511360
1266416803774775296
1266417012840022018
1266417110487429122
1266417806603685889
1266419042459324416
1266419302741291008
1266419602516516867
1266419627539804166
1266420152331100160
1266420687033585670
1266420776309309443
1266420779937181697
1266421302383923200
1266421401436803079
1266421692978659330
1266421804911992835
1266421818618982410
1266421981974614016
1266422132571078664
1266422503259455490
1266422552659976194
1266422596838531072
1266422622495150081
1266423087307747331
1266423600954867712
1266423601579937794
1266423610085912579
1266423830186061824
1266424395020546049
1266424492974206977
1266424601887703040
1266424606966964225
1266424835443490816
1266424864329601027
1266425195457318917
1266425307474595841
1266425846958563332
1266425978848493571
1266426333648826369
1266426373024870400
1266426504432541697
1266426590910656512
1266427221222125568
1266427224325935104
1266427225554837504
1266427235826913284
1266427313740222466
1266427349257641984
1266428030374891525
1266428980699299840
1266429448909283328
1266429467796406280
1266429501963206657
1266429544388583427
1266429581763817472
1266429745920606208
1266429765428424704
1266430270661591043
1266430477201739781
1266430834992574466
1266431728442376192
1266432051319902211
1266432857213468673
1266433031830560769
1266433392087687168
1266433484857446400
1266433536162181122
1266433645147033600
1266433766748086272
1266433833823604736
1266434463686418436
1266434701805395969
1266434722273599489
1266434815978397697
1266435012003577862
1266435820564680705
1266436154502438914
1266436328859852801
1266436422346715138
1266436519931326466
1266436642996453381
1266436888388395008
1266437231650017286
1266437412495880192
1266437611373150208
1266437839652360200
1266437951011069960
1266438327139536913
1266438380377825281
1266438502062972928
1266438533062877184
1266438678521483265
1266438766492868608
1266438807777210368
1266438866959024128
1266439680087605248
1266439997323988993
1266440075522592776
1266440336408219651
1266440836201537548
1266440942736887818
1266441380857098241
1266441466999529472
1266441716581699584
1266441744360579076
1266442016965132291
1266442130538586114
1266442155033321481
1266442300433076225
1266442321328930816
1266442561327112195
1266443045731434497
1266443048520683521
1266443049514815489
1266443104405594118
1266443983363940357
1266444354824085515
1266444736400781312
1266444736736436226
1266445080023490562
1266445524791689230
1266445563328897025
1266445669478420486
1266445826382950400
1266445967886299136
1266446065181560833
1266446493663330305
1266446513946968067
1266446726245675008
1266446934199406594
1266447687450333190
1266447701870346245
1266447951888556035
1266448008855474176
1266448040342310916
1266448330047074314
1266448572247093253
1266449013362098187
1266449205524148225
1266449430137503747
1266449703794872321
1266449807226306560
1266450410866442242
1266450709819645954
1266451007283671040
1266451115622752257
1266451244006211589
1266451381889556480
1266452064529498115
1266452152702164996
1266452319203401734
1266452746623909888
1266453082579308544
1266454003895992321
1266454062754680834
1266454063694184449
1266454064663072768
1266454066701402119
1266454067678765058
1266454072061759495
1266454124607885313
1266454438283218948
1266455445260115974
1266455501254135809
1266455700290637836
1266456035549605889
1266456184204206080
1266457418889695238
1266457422207438849
1266457424187150337
1266457442784890881
1266457492625768456
1266457623538393094
1266457987683700736
1266458212041138181
1266458966357348352
1266459238819401728
1266459347414142981
1266459434772951042
1266459438073835520
1266459697583812609
1266459922075713537
1266459979508318209
1266459988244992001
1266460198832615425
1266460708654460930
1266460776262447104
1266461280493240322
1266461320779460608
1266461361116196866
1266461366749212674
1266461617736343553
1266461647461330946
1266461705959354369
1266461823210885120
1266463106919587841
1266463869804969987
1266464473809743872
1266464590889512960
1266464746263339008
1266465178960314368
1266465291342675972
1266465296111542272
1266465836639936512
1266466054987022357
1266466113308758018
1266466223967125505
1266466671117688832
1266467283506835457
1266467735795449856
1266467808042459136
1266469172936089600
1266469177063243783
1266469359167385600
1266469632824803329
1266470479805775873
1266471259849842689
1266471289029525509
1266471625823866880
1266472162497564683
1266472516190531584
1266472517599784960
1266472977299845121
1266473155847229440
1266473236797296641
1266473326324494336
1266473598375641088
1266473636686413826
1266473761144033285
1266473911450992641
1266474082318585856
1266474307334688772
1266474389316526082
1266474402566287364
1266474614575689734
1266474628152807424
1266474660545196032
1266475217225949184
1266475546180874240
1266475748300328960
1266476479778631681
1266476552641863680
1266476681000292358
1266476752475500544
1266477124472451072
1266477286867570688
1266477862997155842
1266477887260987393
1266477947013259269
1266478306582335489
1266478356280770563
1266478421728731136
1266478457011286017
1266478600062001152
1266478901003419648
1266479060160479232
1266479181917040647
1266480425075122181
1266481789679386625
1266481837913899022
1266481996890615813
1266482452756942849
1266482707636326401
1266482932698488832
1266482983957127168
1266483126395711489
1266483239427940352
1266484105052655616
1266484606850805760
1266484838204391425
1266484881682583553
1266485043104530434
1266485818530635781
1266486160018288640
1266486251319951361
1266486281707675653
1266486284274536451
1266486431515639811
1266487102553931776
1266487209399640065
1266487365469528065
1266487549909925888
1266487627060072450
1266488122721918977
1266488165881307137
1266488296336773141
1266488466721984518
1266488468965916672
1266488576750960640
1266488981895688193
1266489068336136192
1266489120806842375
1266489184421842944
1266489278554468352
1266489298259509249
1266489588882698240
1266489995680002048
1266490169689079816
1266490265604222977
1266490467585347584
1266490637488017409
1266490638662381568
1266490797047910402
1266491199319429122
1266491307138052096
1266491337173381122
1266491686701559809
1266492365381885953
1266492399859073024
1266492463851737093
1266492499499126784
1266492850079805441
1266493352805105664
1266493754640224256
1266493874194825216
1266494360205565972
1266495534623264768
1266495745806315520
1266495951780352002
1266496183247257600
1266496392186322944
1266496424092381184
1266496488445788161
1266496840654032897
1266496895515492352
1266496936363864064
1266497384546136064
1266498796177035264
1266499195407437824
1266499278907871232
1266499316702564352
1266499494012768257
1266500158298165250
1266500160206536707
1266500582807703552
1266500646762680320
1266501087667924993
1266501247131140096
1266501497602347008
1266502030476050433
1266502148113813505
1266502203977670656
1266502211153956864
1266502211267223552
1266502214073192449
1266502714130870278
1266502840626839552
1266503062660808707
1266503077596708867
1266503772324294658
1266504017032540160
1266504156367503361
1266504193281384449
1266504223874670592
1266505088937443328
1266505429028347905
1266505698952740868
1266505800153010177
1266506073319583750
1266506395970658315
1266507250849517572
1266507251138695169
1266507377450332160
1266507485961170947
1266507487840219138
1266507690001326080
1266507692010467330
1266507873795756032
1266508280530038786
1266508469693222919
1266508585481142277
1266508766041735168
1266508848455733249
1266508862099787776
1266508908983652355
1266509051950759936
1266509079003922432
1266509908616364032
1266511398705623040
1266511704218677250
1266511791787585537
1266512031810797568
1266512322589229057
1266512654601863169
1266513554049503232
1266513817598599175
1266513886204899329
1266513892571779074
1266514006581395457
1266514087212703745
1266514106707841024
1266514790869950464
1266514828501438471
1266514976123965440
1266515891174412288
1266516016420597760
1266516996440588289
1266517051557982210
1266517061447999490
1266517310824685574
1266517541993828355
1266517576441569280
1266517791366152194
1266517934358355968
1266518533938253824
1266518698300526592
1266518898050031621
1266518958137638914
1266519487722983427
1266520012350783489
1266520417126289410
1266520438336872448
1266520438336872448
1266520519509237760
1266520570918821890
1266520654259671042
1266520868345217030
1266521569964130304
1266521716664274945
1266521771773251586
1266521808175599616
1266523004302962690
1266523462924976131
1266523704613191680
1266523990769561600
1266524245548400640
1266524403824721921
1266524556262506498
1266524824429645824
1266525039035404289
1266526078941700103
1266526100085071872
1266526133090021376
1266526552168124416
1266527440345673733
1266527674853400576
1266527824032272384
1266528229893959681
1266529698726772738
1266529895301222400
1266530131708833795
1266530779783446530
1266531160999542784
1266531351009738753
1266531537518055431
1266531972387659782
1266532017962995713
1266532159101104130
1266532211446239233
1266532540501893123
1266532548966076427
1266533079331614720
1266533330461306886
1266533334269808640
1266533860885409793
1266534498348515328
1266534762694524930
1266534857821298688
1266535055117021184
1266535283224346624
1266535564314054656
1266536401954201600
1266537062653734912
1266538426058395649
1266538785036218373
1266539181448155137
1266539498445443073
1266539874091503617
1266540217206558720
1266540268683214854
1266540844460339201
1266540913117011968
1266540920649871360
1266541570834206722
1266542491005857792
1266543567901790209
1266543611354787840
1266543668351193088
1266543896022126593
1266544029459677184
1266544401200951297
1266544561263906821
1266544655753195527
1266545078337712129
1266545163209506816
1266545230976819201
1266545469804560384
1266546041605652480
1266546205875736576
1266546491159719938
1266547326220414976
1266547390179233792
1266547392272203777
1266547393161342977
1266547395040473088
1266547595612164098
1266547617669971968
1266547678441345025
1266547724230496258
1266547950391627781
1266547961351278593
1266548267854123008
1266549095382036480
1266549586350338049
1266549711600836610
1266549996758974464
1266550164631826434
1266550631336157184
1266550677272231944
1266551004109078531
1266551224230449152
1266551253460553728
1266551405797670912
1266551456850677765
1266551722983505921
1266552442914852867
1266552469368291328
1266553101080604673
1266553162355392512
1266553845355876355
1266554294918152200
1266554447775309825
1266555122718515208
1266555930495397888
1266557160315596806
1266557950124003328
1266557993937776641
1266558037776576512
1266558137164869633
1266558214180487174
1266558362914820102
1266558424642445312
1266559072553381890
1266559136575246336
1266559962366578688
1266560073427496961
1266560507802193920
1266560594091663360
1266561123010203648
1266561498224168964
1266562239810715650
1266562360484888576
1266563483270811656
1266563660534747138
1266563918396350468
1266564218914058241
1266564394978164736
1266564706136973315
1266565612605669377
1266567462780317697
1266567835020599296
1266568336709693441
1266569297612111872
1266570648266170374
1266570955985489921
1266571224341270530
1266571292288802817
1266571349256024066
1266571774227107840
1266571902564405250
1266572007434485760
1266572514622242816
1266573062520147969
1266573224923615232
1266573309656944646
1266574514940493825
1266575237187067904
1266575823257194497
1266575953603506177
1266576293396709378
1266576463257427968
1266576751506927616
1266576950178373632
1266577902109437952
1266579008885407745
1266579272694726656
1266579708503904256
1266581564663771136
1266581642312847360
1266581914217037827
1266583289403527169
1266584613855457280
1266584638601990145
1266584735700189184
1266584906806644736
1266585325788332034
1266585433225474048
1266585892379975680
1266586019194900481
1266586292042600451
1266586821129093121
