1263326820247703554
1263326843526135808
1263326915684896769
1263326923700219904
1263326959515439120
1263327224343732224
1263327235169308673
1263327292714971137
1263327925945991169
1263328221799555072
1263328428742389768
1263328573072400384
1263328889734074374
1263329187672330240
1263329635431067648
1263330312320401411
1263330656647512065
1263330822779699202
1263330825623527429
1263330901355712513
1263330942254374912
1263331288351727618
1263331289857273857
1263331625871577089
1263332632173174785
1263332828470603776
1263333207509839872
1263333733718994944
1263333746087997441
1263334344732471296
1263334407802359811
1263334661348044803
1263335653972103168
1263335849942347778
1263335851133558784
1263336697510744065
1263337164743548928
1263337463348703232
1263337596333297665
1263337739375828993
1263337959811624960
1263338687091392512
1263339331630006272
1263339832857841664
1263339885106266112
1263340343812067328
1263340476595396609
1263340763863285762
1263341405172371457
1263342069092843522
1263342397787799556
1263342398840565760
1263342656748470273
1263342742891114496
1263343381322891264
1263343667567161344
1263344286671798272
1263344496567345153
1263344574925344769
1263345025083232256
1263345328176205825
1263345631193636865
1263346293990133760
1263346548857098241
1263347057097609217
1263347562003693568
1263347657289981952
1263347732317638656
1263347896495325185
1263348148795174914
1263348274024644608
1263348278701125632
1263348524583997443
1263349119164256256
1263349257836232705
1263349317286481921
1263349367748136961
1263349659248066563
1263349977839013889
1263350066041012226
1263350339308322816
1263350791517151232
1263351226449739778
1263351261941940227
1263352468207009793
1263352974622879747
1263353078465679360
1263353349140811776
1263353543148388352
1263354205001089024
1263354410027159552
1263354430180777984
1263354521004109824
1263355110656221185
1263355389220978688
1263355619823824897
1263356363662594048
1263356866060521474
1263357422543998981
1263357492660105216
1263357556354887684
1263357719131705344
1263358498055675904
1263358617295749121
1263358643766013952
1263358906966867969
1263359510581665793
1263359617222021120
1263359776920125440
1263359917261348864
1263360143477149702
1263360512248754177
1263360887668146176
1263360999656247297
1263361401722200064
1263361749668859904
1263363623973502977
1263364068892704769
1263364211964551170
1263364216913899520
1263364260542980096
1263364493498896384
1263364783933394944
1263364834462228480
1263365179003322368
1263365399875330048
1263365420188196865
1263365424910970882
1263365790067232780
1263366046985183232
1263366679410728961
1263366928736882688
1263368261904879616
1263368349515423750
1263368368092037120
1263368694056407042
1263368951221846016
1263369349034893312
1263369736206852096
1263370840386572291
1263370859043074048
1263371036181049344
1263371830796210182
1263372113588760577
1263372187576066053
1263372401276051456
1263372728914108418
1263373394097197057
1263374317754212353
1263374491025051648
1263375467912089605
1263375624976175104
1263377510642974720
1263377534344970241
1263377662959071234
1263377967893426176
1263378016580894720
1263378822734512128
1263379099675963392
1263379112934113280
1263379586060091392
1263379639818313728
1263379821243117568
1263379931578261504
1263380272541659136
1263380641145663490
1263380888093519876
1263381014757339136
1263381036672544768
1263381348628205570
1263381529075437568
1263381623078346752
1263381856033992704
1263382129389580288
1263382186151022592
1263382315675389952
1263382357337231360
1263382568591740928
1263382846921748481
1263382871575719938
1263382963384995841
1263382972033650688
1263383844515803136
1263384887895248901
1263385201264201729
1263385679335002112
1263385820049833985
1263386307457409024
1263386836547837954
1263387073349734401
1263387816471531524
1263388068729348097
1263388203408596993
1263388564068450307
1263388600382693376
1263388791345221635
1263388978948067329
1263389087421149185
1263389252601044993
1263389310851723264
1263389312109948928
1263389510722879488
1263389790675898368
1263390120851509248
1263390251109801984
1263390524658061312
1263390562318761984
1263390604433731589
1263390614521098246
1263390959842127872
1263391049009037313
1263391297542459392
1263391611435782146
1263391878604443648
1263391948750061568
1263392319996338177
1263392875649347584
1263393844420382720
1263394129746317312
1263394694312210432
1263395110806409216
1263395111913656320
1263395348875284481
1263395636109545474
1263395675439542273
1263396088289071104
1263396175371276288
1263396418607144961
1263396607028015104
1263396959773024256
1263397144041570304
1263397227176669184
1263397319027777536
1263397415849164800
1263397901058879489
1263398179770454017
1263398262150590464
1263398866633793536
1263399053582372864
1263399218506588172
1263399319073370112
1263399603308724228
1263400071745417219
1263400152682782720
1263401038066974720
1263401172175642626
1263401667808165888
1263401678151303168
1263401929360760832
1263402090132619274
1263402290116845568
1263402342952681472
1263402459671732224
1263402709320941570
1263403314521288705
1263403508566548480
1263403681216675840
1263404180515049473
1263404197933805569
1263404333112143874
1263404512338800640
1263404668111241217
1263404694732496900
1263405307142668290
1263405460197199878
1263405627591798789
1263406129230393344
1263406245190545408
1263407824555528192
1263407857426247680
1263408403118002176
1263409618090291200
1263410096316518400
1263411460841050112
1263411892451790853
1263412020109406209
1263412264335552517
1263412599057715200
1263413000012279808
1263413123127619584
1263413156510158848
1263413189007405064
1263413857336393728
1263414371579035648
1263414523714813952
1263415072094912512
1263415300055281665
1263415616003850240
1263415947496509441
1263415953347547136
1263416070645440513
1263416428843143168
1263416446987784192
1263416502805393408
1263416682791546882
1263416714164932608
1263416794410373121
1263416906469556224
1263417511707504640
1263418017913823232
1263418272323690496
1263418279135232002
1263418655133532161
1263419263496237056
1263419563456118784
1263419602349981697
1263419774249218048
1263419776258342912
1263419781136429056
1263420268564938752
1263420279012749312
1263420280237522945
1263420288567476224
1263420375351857153
1263420709042360321
1263420740780646400
1263420783960838144
1263420794400636930
1263421019555016704
1263421059367198721
1263421259226009601
1263421315416981504
1263421330327842816
1263421603641245696
1263422306250080257
1263422989384769541
1263423110360952835
1263423115952037890
1263423539412996096
1263423813703925762
1263423856217337858
1263424262448308230
1263424359026184192
1263424442702663680
1263424593894813699
1263425122913914881
1263425187875131393
1263425282939203586
1263425569364074496
1263426018301186049
1263426852619784192
1263427015371296769
1263427050691416064
1263427845495369731
1263428110407663619
1263428177084379136
1263428631549935617
1263428697102540800
1263429611527995396
1263429973810884609
1263430061157421058
1263430204615262208
1263430286550937600
1263430411029549056
1263430452045545473
1263431176020254722
1263431226716643334
1263431368710803457
1263431461505585154
1263431732218527749
1263431869334503424
1263431879983759362
1263431915316613120
1263432587533602817
1263432662301245440
1263432949405548544
1263433241324859393
1263433449421111296
1263433830272249857
1263433955560357888
1263434118337044480
1263434135177236482
1263434573842714625
1263434725999300609
1263434889652813824
1263435224240852992
1263435254880034817
1263435255551270912
1263435256331288577
1263435478474227713
1263435886374477825
1263436167330123776
1263436174980497409
1263436484834713600
1263436552039837697
1263436763785093121
1263436841455431681
1263436990449479680
1263437158544793600
1263437167721758720
1263437179331710976
1263437573499891712
1263438901336834049
1263439213384683522
1263439229754974208
1263439315150884864
1263439423909363719
1263439467928522755
1263439708564197377
1263440485537976320
1263440709912350722
1263440733249449984
1263441492271644673
1263441818945011714
1263442321451839494
1263442400674013184
1263442477358493696
1263442907836477440
1263443202281017344
1263443208429883392
1263443622248296448
1263444402158080002
1263444948625641472
1263444957412634624
1263445510217760769
1263445984119488526
1263446218165891081
1263446255012896773
1263446394121138176
1263446906497306625
1263447063959941122
1263447161666232322
1263447367317098498
1263447476729716736
1263447494832410624
1263447747333550081
1263447763565543424
1263447838316322816
1263448031287861248
1263448072903892992
1263448718382170113
1263448874443665410
1263449178245672961
1263449223397343232
1263450181942407168
1263450345017094145
1263450477611511814
1263450493998829570
1263450494464405504
1263450841459183617
1263451055037300736
1263451453387157504
1263451526212628480
1263451714927165445
1263452262787158027
1263452554450464768
1263452560918220801
1263453646307635202
1263453718395011073
1263454133001977858
1263454365605679104
1263454536628404224
1263454554282242048
1263454554672312320
1263455051391004678
1263455503461613569
1263455615814418439
1263455732558635009
1263455917888155648
1263456249116590081
1263456502460944384
1263456706903719936
1263456921643896834
1263456985024004096
1263457212699152385
1263457687536381952
1263458043620143104
1263458248675516416
1263458356582326272
1263458436290920453
1263458681338892289
1263458728545857538
1263458886851235841
1263458910326808579
1263459151184830466
1263459413609701377
1263459497550516226
1263459732452446208
1263459751553368064
1263460048413446144
1263460048807669760
1263460055543803904
1263460072266649600
1263460423036174336
1263460585724878849
1263460635758735360
1263461012486811648
1263461021328572418
1263461033643069443
1263461227503681536
1263461261741785088
1263461452318420995
1263461755197493253
1263461828295712768
1263462056294039554
1263462167489241089
1263462904680022019
1263462911474675713
1263462949403758592
1263463063103041536
1263463579367419904
1263463949661425664
1263464141152571394
1263464148706496515
1263464416420470791
1263464780527960064
1263465299665473543
1263465313909211142
1263465420884869120
1263465585599369216
1263465598077546508
1263466011774332930
1263466549005910016
1263466875914199040
1263467154474754060
1263467428958396424
1263467587171688450
1263468185514397697
1263468418818281485
1263468562141925376
1263468913343508483
1263469326591569929
1263469660806303744
1263469757895974915
1263470128030797827
1263470360537825285
1263470415760052238
1263470505878786062
1263470589047640064
1263470813002563590
1263470851653087233
1263471083312775175
1263471335562448902
1263471569696931846
1263472000279945218
1263472151593705476
1263472450261659656
1263472496742981632
1263472513662832641
1263472649520525312
1263472757712486400
1263473171459702784
1263473461063811072
1263473528130633728
1263473678139916290
1263474171549487106
1263474261303451651
1263474431747334146
1263474638862106625
1263474643148701698
1263475017813233668
1263475022385078272
1263475139607494657
1263475253101113348
1263475614507548675
1263475634698944513
1263475846595194881
1263475992363970560
1263476053919633410
1263476107912916998
1263476331142152193
1263476485219930113
1263476496544522242
1263476786182094848
1263476858953367554
1263476878930849792
1263477218098974722
1263477260994174979
1263477337397571586
1263477599688372225
1263477912394772481
1263477927083155463
1263478033148715008
1263478075649597443
1263478124181889024
1263478180817653762
1263478225054961668
1263478430831644672
1263478566219649030
1263478767470739459
1263479074640494596
1263479404396785665
1263479903078486017
1263480074482876421
1263480084066942978
1263480427169198081
1263480432319852546
1263480679234502666
1263481098652311557
1263481582901432322
1263481954797838337
1263482462908354561
1263482951779655681
1263483069282938882
1263483837474115586
1263484059780448256
1263484201631875073
1263484207977938945
1263484367474757639
1263484466128969728
1263484528804282369
1263484929083572224
1263484973920763906
1263484995995303938
1263484999820402689
1263485578412163075
1263485587677417472
1263486388030312448
1263486501301739521
1263486643337453568
1263486773876781057
1263487168292372481
1263487206745923585
1263487421334913029
1263488237861048334
1263488542895935488
1263488624051404800
1263489287481430017
1263489289972670465
1263489558496391168
1263489663945396224
1263489959731834882
1263490003151142938
1263490007118954498
1263490112245112832
1263490480416817158
1263490786475327490
1263491911245082624
1263492575517868033
1263492909883588610
1263492909883588610
1263493012362911754
1263493012362911754
1263493008755843073
1263493544393740289
1263493734945050624
1263494016118784000
1263494096527724545
1263494160797106179
1263494617967865856
1263494620886925312
1263495225999126536
1263495400167620608
1263495401534963712
1263495461262024704
1263495977253683200
1263496497485635587
1263496564212936704
1263496571146178560
1263496726889009153
1263497073820925953
1263498409559949312
1263498556494790656
1263498636194955265
1263498694663471108
1263498871503642628
1263499118275710976
1263499259946688513
1263499602826838018
1263499947422429185
1263500180046798848
1263500290986315779
1263500633472188417
1263500995792904193
1263501336915726338
1263501353437081602
1263501528893198336
1263501721747234830
1263501830991962113
1263502007102554114
1263502074819407873
1263502200346750979
1263502252729384962
1263502569940410369
1263502674080792583
1263502897666560002
1263503126692352003
1263503369378959363
1263503378614632448
1263503618357047297
1263503873911726087
1263503875862118407
1263504370777206786
1263504435801702403
1263504552252375043
1263505215376023559
1263505374092591105
1263505734831976448
1263505779933544454
1263505838200643585
1263505931800846338
1263506056891838471
1263506573176868865
1263507134085554177
1263507138095263749
1263507640266653698
1263507709661515776
1263507867908354048
1263508085575954433
1263508234876248065
1263508239989084162
1263508242275069958
1263508308423405571
1263508379613507589
1263508777124474882
1263508992824877056
1263509280524840963
1263509971188084736
1263510048644435971
1263510250168057858
1263510365251477505
1263510500492455938
1263510672123531269
1263510682038919169
1263511248404131841
1263511382298783745
1263511490025459712
1263511994138673237
1263512231817482246
1263512374339702784
1263512412541591556
1263512825336606720
1263512911793868800
1263513047244603398
1263513135039864832
1263513174999011331
1263513840697868290
1263514157074092032
1263514903345684481
1263514907514818560
1263515086481698817
1263515830861598720
1263516461345185792
1263516658284597250
1263516968965091329
1263517115652493312
1263517177426124813
1263517391662743554
1263517402542850053
1263517450269798402
1263517450492088323
1263517768911073284
1263518008384905223
1263518008359694337
1263518097434193921
1263518311125573634
1263518572506222592
1263518913595310088
1263519284699049984
1263519462948560899
1263519516258177024
1263519530183282688
1263519564496764930
1263519637234483202
1263519823453020160
1263519883767222272
1263520104622501889
1263520139691134976
1263520168313053186
1263520946134138880
1263520959534956547
1263521133606981633
1263521312149921792
1263521465204432896
1263521716703236096
1263521826015072256
1263521996920565760
1263522913057230849
1263522915905081345
1263523167009673222
1263523176493056004
1263523466382213120
1263523467112009728
1263523552898224131
1263523659689451520
1263523867248570369
1263523886160805889
1263524408158797827
1263524505114292224
1263524778738167810
1263525042199150593
1263525347351425024
1263525599274061826
1263525782183436289
1263525810717278209
1263525891407261697
1263525977805725702
1263526055110836225
1263526321432510464
1263526495147954177
1263526538831634432
1263526626110799873
1263527355525599234
1263527478515109890
1263527526749679622
1263527593636171776
1263527826306871296
1263527876512620546
1263528118033068033
1263528716841431043
1263528725125238785
1263528727448870912
1263528730716225537
1263529048724189186
1263529145503531008
1263529197856833536
1263529606314934274
1263529649721745408
1263529659590832128
1263529743149936640
1263529948444270592
1263530054383996930
1263530156028760064
1263530158562123776
1263530513735843844
1263530537718669313
1263530587324899331
1263530642635186179
1263530751376719874
1263531156022145025
1263531334846287873
1263531618783899648
1263532110574284802
1263532323498311682
1263532411372986368
1263532783093215235
1263533347780857856
1263533417477464064
1263534465219022849
1263534694429319175
1263534861404389376
1263534979092488195
1263535016832675847
1263535088098324486
1263535730887995393
1263536058005848068
1263536280282914816
1263536376064114692
1263536562865704960
1263536677043101696
1263536861953351680
1263536925736079362
1263536958053076993
1263537185220853760
1263537302044884992
1263537466071375872
1263537873602650113
1263538186409504768
1263538757829046272
1263538936472723458
1263539260801646596
1263539297820577794
1263539351008444420
1263539839053508608
1263540847586541570
1263540872811098113
1263541087605608449
1263541095868379138
1263541139627524103
1263541144111235072
1263541182929539072
1263541826553884672
1263541991360679936
1263542460849897473
1263542469687304192
1263542491023736832
1263542699577290753
1263542764286902272
1263542778023337986
1263542811762311168
1263543036782485505
1263543382925869056
1263543433324408833
1263543459429974022
1263543644637839362
1263543800632348673
1263543978978193408
1263544083458351106
1263544152949583872
1263544304179441664
1263544359074639873
1263544384240455684
1263544661207142400
1263544781474594818
1263544819751645184
1263544954430857216
1263545126082605056
1263545132986576897
1263545147121438720
1263545290109444096
1263545480958615552
1263545482778775552
1263545595563737090
1263545616946388992
1263546017305296897
1263546018450288640
1263547412301242369
1263548041367183360
1263548084807782407
1263548178218901504
1263548841221029888
1263549087540039680
1263549250497060865
1263549320495878146
1263549688764137472
1263550216436883458
1263550228810158080
1263550282031493120
1263550381209948160
1263550522763522048
1263550595912339457
1263550845750087682
1263551018140237824
1263551063556308993
1263551140639064064
1263551143923159041
1263551147350077441
1263551290451341313
1263551396814770185
1263551413604540416
1263551596752969730
1263551623210680322
1263551940904062976
1263551949158453248
1263552122123149313
1263552431041855491
1263552675389595648
1263552729324101633
1263552960920985601
1263553130114908160
1263553166563438592
1263553169457479681
1263553418095931393
1263553460521381896
1263554326414450688
1263554612319129600
1263554919405170688
1263555040888754176
1263555043485052928
1263555390521905152
1263556126471323650
1263556534132506630
1263556551878545409
1263557002241945602
1263557074140749824
1263557309130665984
1263557484964466691
1263557706495021057
1263557941396791296
1263558286319722497
1263558403751923712
1263558428036927488
1263558681096065026
1263558759944720390
1263558828316078080
1263559103466659842
1263559166582493185
1263559192092295168
1263559956856528904
1263560078096871425
1263560081603391489
1263560339544772614
1263560419412594689
1263560980816171009
1263561015515590657
1263561111124742148
1263561243769667585
1263561323079544832
1263561449332510723
1263561780086874112
1263562892542128130
1263562952990474241
1263563155420196865
1263563337687842828
1263564003198058502
1263564398314041344
1263564490311970816
1263564741370241026
1263564791429414917
1263565574954790914
1263565993147842566
1263566530257866753
1263567069825716224
1263567274809667586
1263567375435206656
1263567616007946243
1263567811240251397
1263568006786908160
1263568008162668544
1263568009559343105
1263568541464309760
1263569118306996224
1263569143309033472
1263569208882970630
1263569505105649665
1263569878344241153
1263570146896932865
1263570621977505795
1263570712931061763
1263571322564730880
1263571426520547333
1263571552286773248
1263571567440736256
1263572411401805826
1263572493593391111
1263572511465320454
1263572555979464705
1263572868152999936
1263572918228987906
1263572947547144200
1263573202921492481
1263573408551448584
1263573455783501825
1263573834478817280
1263574328320364544
1263574485405282305
1263574525314285575
1263575047295299584
1263575788890329092
1263575946805653504
1263576127920115712
1263576445017866242
1263576515528331265
1263576766653833221
1263577243739140097
1263577245282639876
1263577330850635777
1263577612204609536
1263577614423404544
1263578290339512321
1263578396317167618
1263578465762070529
1263578568249896961
1263578632850567168
1263579238755471362
1263579336218566656
1263579531035570176
1263579862226350080
1263579891691171846
1263579945818681344
1263580162404134914
1263580945782898688
1263580975646179329
1263581396066381826
1263581493168713729
1263581540250005505
1263582256733384707
1263582489798250496
1263582713140797440
1263582808078864385
1263582890715013123
1263583094457548800
1263583106734276608
1263583653898014724
1263583926318034945
1263583964456816642
1263584436936781827
1263584490602917890
1263584830882635779
1263584993466396679
1263585133421981702
1263585331502170113
1263585519662821380
1263585555842887682
1263585802245689344
1263585912258060295
1263586150372917248
1263586203514793987
1263586309437747202
1263586651898384384
1263587524225560576
1263587834935439362
1263588555537870850
1263588929195761665
1263589192296099842
1263589386026803204
1263590028388601857
1263590075893313539
1263590117265956871
1263590167664660482
1263590260560150531
1263590674848342017
1263590747229483010
1263590771594125312
1263590975990988800
1263591470784643075
1263591673390526473
1263591923446476802
1263592509726314497
1263592667964796943
1263592674637910016
1263592882729963521
1263593552195358721
1263593586852950022
1263593800842149901
1263593872715726850
1263594194167201794
1263594467459690496
1263594912626339840
1263594993228251136
1263595182676566026
1263595453649567744
1263595491842912257
1263595500751613958
1263595526911655936
1263595541910351874
1263596064772243464
1263596224076079106
1263596357576581127
1263596409573396485
1263596736498397184
1263597024055869440
1263597511287209984
1263598020274216961
1263598049579790338
1263598178034520064
1263598578078908419
1263598650921385984
1263598699646799872
1263598750280249350
1263598849869799433
1263599007890202625
1263599924861636610
1263600092256169985
1263600094068142081
1263600147566477313
1263600213966630912
1263602105480175616
1263603044874403840
1263603055963992064
1263603611818291200
1263603619225497600
1263603787047948289
1263603877187813377
1263604015130001408
1263604204351959044
1263604479892561920
1263604702106865664
1263604985473822725
1263605124296933376
1263605125458694144
1263605358284754946
1263605539017232385
1263605872216989699
1263606080359157760
1263606121782181890
1263606510430621702
1263606757374361600
1263606938333413377
1263608124650467328
1263608873845391360
1263609417842470913
1263609640048381952
1263610062276308994
1263610150415466496
1263610182879322118
1263610326513340418
1263610416435007489
1263610502984413190
1263610646215696385
1263610679245889536
1263610856715231237
1263610951216971776
1263611004761620482
1263611033232572416
1263611087951405063
1263611121535266816
1263611265706070022
1263611587807543298
1263611796998377472
1263611919728021504
1263611997037514753
1263612050477068288
1263612896212398081
1263612984376668160
1263613160474521603
1263613313281404933
1263613337822208001
1263613463752032259
1263613518168932354
1263613621814296578
1263613695059427333
1263613702294536192
1263613871551590403
1263613959602688001
1263614351627304961
1263615163191590915
1263615316086550529
1263615317265145858
1263615318624108544
1263615362043650050
1263615710070267905
1263615734074224641
1263615822540537858
1263615922566299648
1263615999418544129
1263616176200048647
1263616195539820545
1263616292499709952
1263616354705461249
1263616530954301445
1263616707274387456
1263616795577065474
1263616834059845633
1263616868776062979
1263616957250768898
1263617793448083456
1263618214879277056
1263618569725718528
1263618657751613440
1263618743613169664
1263618834608635904
1263619010622558212
1263619187055919111
1263619363531304965
1263619414827700225
1263619473044537345
1263619539494993921
1263619627424374784
1263619853354663941
1263620096297013253
1263620097555542019
1263620125154041856
1263620285057708032
1263620378561216512
1263620771856998401
1263620902752845829
1263621199797633025
1263621200728727553
1263621401782685696
1263621469210378241
1263621498247446528
1263621674370576385
1263621851546365952
1263621876175138816
1263621906743377921
1263622028298510338
1263622052029837313
1263622205059063809
1263622236767834112
1263622381924425730
1263622437759004672
1263622469870669825
1263622687903100930
1263622733281157120
1263623059187130368
1263623322216079362
1263624244711370754
1263624320355569664
1263624332879769600
1263624347887034368
1263624509367738368
1263624522068082689
1263624685327134720
1263624861148164101
1263624888696410114
1263625037548007425
1263625214623170565
1263625302854578183
1263625384953667585
1263625512800452612
1263625563543146496
1263625734704312320
1263626344681869313
1263626428500914176
1263626881137610752
1263627076495704066
1263627082933907456
1263627171114954755
1263627215587225603
1263627290371555334
1263627347825168385
1263627399410974721
1263627524187324419
1263627700423589889
1263627761115160580
1263627876995403776
1263627942262865920
1263628054527524864
1263628085959720961
1263628142981324813
1263628195569549313
1263628220861210629
1263628765814456322
1263628815978414080
1263629342896201730
1263629676116766720
1263629921676595201
1263629965981081600
1263630009979351041
1263630161259323392
1263630162593103875
1263630186047774727
1263630336367497222
1263630362317598720
1263630538398674944
1263630715255734273
1263630788249235466
1263630891559063555
1263630989496107008
1263631044571328512
1263631121780289538
1263631241804382208
1263631444641034247
1263631625805615105
1263631856345505792
1263631884023717890
1263631927195529216
1263632027133317120
1263632213750530051
1263632616332369920
1263632765800546306
1263632854342348812
1263633032906526720
1263633144831410178
1263633210749194241
1263633386796658690
1263633520540483584
1263633568087134209
1263633664535134208
1263633678137163780
1263633744189108225
1263633832269549568
1263634045038182411
1263634156149510144
1263634350400090113
1263634567522668546
1263634943793487872
1263635358488629251
1263635528659775489
1263635661569040389
1263635827071913989
1263635899793002496
1263635981909069825
1263636245957292034
1263636257445421062
1263636305172455425
1263636345441996801
1263636457035493380
1263636459686256643
1263636521816666112
1263636697906057226
1263636800758833156
1263636874297475073
1263637051049742336
1263637219169808385
1263637227353124868
1263637315748007938
1263637588608335874
1263637705939980288
1263638150338969601
1263638479180902400
1263638715710222348
1263638848388677632
1263639090374889478
1263639104400404482
1263639105495130112
1263639153704493056
1263639179184881664
1263639355190587392
1263639531410071552
1263639707734466560
1263639884054618112
1263640060034981899
1263640148522283009
1263640239576408064
1263640271293685762
1263640529037938690
1263641038931066881
1263641280866902017
1263641365688262658
1263641371614707712
1263641717623922688
1263641757763473408
1263641768656089088
1263641787815641090
1263641927452364800
1263641958980947969
1263642017831280640
1263642197804683264
1263642377966813186
1263642558397329409
1263642585647714310
1263642622414864384
1263642738328842250
1263642918516031488
1263643008597180418
1263643077786382336
1263643936079450113
1263644202082152448
1263644347049730048
1263644523898396672
1263644788336791552
1263644837858836480
1263644878073925638
1263645014317338624
1263645015265341440
1263645058311622657
1263645238289149953
1263645418325508097
1263645598206636040
1263645867795517446
1263645889081434112
1263645942961647616
1263646614729744384
1263646946675302404
1263647021178576897
1263647022172667905
1263647167379582976
1263647169866801165
1263647600906993665
1263647647841366017
1263647736903217157
1263647912971689984
1263648088910159878
1263648198620520448
1263648265293135879
1263648264768946177
1263648441047158787
1263648526438936578
1263648618529071104
1263648706789871618
1263648926646878209
1263649473101795328
1263650016331214849
1263650142298800131
1263650342744530944
1263650423430242304
1263650424483049473
1263650481081122816
1263650569341882368
1263650620935979008
1263650745489993733
1263650921856327681
1263651098411360256
1263651275146739712
1263651451609526276
1263651539983511553
1263652053634686977
1263652636869394437
1263652950024609794
1263653276035186690
1263653314601922562
1263653315243438080
1263653402606739459
1263653578754965510
1263653629858164736
1263653702281224192
1263653704290443270
1263653742269943813
1263653755012231170
1263653931177082880
1263653959799132163
1263654107484733442
1263654258253185024
1263654988972281858
1263655218291630080
1263655598257770496
1263655617555845120
1263656108578791426
1263656142397304832
1263656578567323648
1263657090075242496
1263657606893072384
1263657657057136646
1263658012696285184
1263658140106711041
1263658466641694722
1263658659596427264
1263658659655139330
1263658669499191297
1263658733076467718
1263658826630197248
1263659185847316482
1263659359160147979
1263659773553250307
1263659913546362881
1263660093872254977
1263660282590658561
1263660910289321984
1263661064258011136
1263661090308796417
1263661304608415751
1263661406085189632
1263661428499558401
1263661442357702656
1263661646142111745
1263661792972201984
1263662116067840001
1263662390513729537
1263662439549329414
1263662481995636742
1263662505655746561
1263662722182496262
1263663053280735232
1263664048056553472
1263664395130986496
1263664539729637381
1263664619845009408
1263664771351457792
1263666278021070853
1263666428093386753
1263667497581940737
1263667668432936965
1263667880614297600
1263667980002627588
1263668123082854402
1263668767005069312
1263668834898251777
1263668912509550592
1263669135424323584
1263669655593537537
1263669679991787523
1263670118787231744
1263670176727392258
1263670254124716032
1263670547809878016
1263670787455795208
1263670893449932801
1263671324553228299
1263671701948239880
1263672111987666944
1263672357207539712
1263672377428389890
1263673543386169344
1263674165745332230
1263674171785125889
1263674234795995140
1263674254735937537
1263674577168871424
1263674942186536960
1263675171006808069
1263676028192468994
1263676106219024384
1263676248036950027
1263676638711230464
1263676990487486471
1263677277319188480
1263677861631856640
1263678824803336196
1263679225325912065
1263679242912641026
1263679328795217920
1263679618369744897
1263680099334778880
1263680150165770240
1263680281430671365
1263682203172704256
1263682633663254529
1263683662836649985
1263683974888591365
1263684585898020865
1263684774222278656
1263685164393259009
1263686001823748097
1263686590926213120
1263686847282253824
1263686853481443328
1263686967327326213
1263687160659468291
1263687410044620801
1263687554819338242
