1264775747740340225
1264775787502342144
1264775849875832833
1264776685884497920
1264776862728945665
1264776908459425792
1264777028483592192
1264778187097194496
1264778476915175424
1264778854133977088
1264779384898101249
1264779492423335943
1264779596840554496
1264779623705051145
1264779814726184960
1264780501941989379
1264780674415853568
1264780711015432192
1264780716514082818
1264780762412224513
1264781089060671488
1264781480456261632
1264783156290486272
1264783295952363530
1264783304655622144
1264783395332202496
1264783441318608896
1264783761012486145
1264784053674401793
1264784623864877056
1264785666313015297
1264785992487260165
1264785996467617792
1264788043187146752
1264788352357859328
1264788450290601985
1264789248068247558
1264789494580084736
1264789547331788807
1264789882926489602
1264792126157664257
1264792902175272965
1264793508294033409
1264794118594662406
1264794212618436608
1264794536779317248
1264794846830759937
1264795550609739776
1264795933335830528
1264796447410544642
1264797007991824386
1264797659895906304
1264798309480349696
1264799490617180165
1264799976749772806
1264800009750446088
1264800162330939392
1264800720009736192
1264800995055480832
1264802473006428161
1264802668943413248
1264802914540965888
1264804342256844800
1264804792309874688
1264805017795559425
1264805112041611265
1264805332427198464
1264805580566380545
1264807013256658944
1264807533597929473
1264807660261650437
1264808038155931648
1264808238547177477
1264808349805273088
1264808979751940096
1264810059910934528
1264810373783355392
1264811196412280834
1264811572934979585
1264812029828837376
1264812069536313344
1264812393932165125
1264812472109760512
1264813572774912004
1264813882599751680
1264814020059684864
1264814714862792705
1264814765056147457
1264814777303515137
1264816712848990208
1264816805522165760
1264816996476043269
1264817234020425731
1264818196990681088
1264818962354900993
1264820637756821504
1264820687539187712
1264820694925402113
1264820874705809413
1264820987457126400
1264821825290330112
1264822358289891330
1264822608123609090
1264823007954026496
1264823192914452480
1264824053120016385
1264824307148038144
1264824546034581504
1264825266217668608
1264825495272722432
1264825531633205248
1264827139586764801
1264827870360358913
1264828549615063040
1264828673968017410
1264828879233077248
1264829819012907008
1264830583844282370
1264830629314772998
1264830814497452034
1264831979398352896
1264832181547028481
1264833442291695616
1264833730688028672
1264834660854632448
1264835373940776961
1264835376725753861
1264836409426186240
1264836865062043650
1264836963171028993
1264836992275079169
1264837141693108224
1264837362196111360
1264838210015965185
1264839232343945218
1264839521230827520
1264840278856347649
1264840653931859968
1264840759271972865
1264841040084828161
1264841110075162624
1264841325653954561
1264842092335058944
1264842092292997120
1264842970949390338
1264843403063201793
1264843994695114752
1264844361197641729
1264844476545146881
1264844666995798018
1264844994478825472
1264845043954663424
1264845044084686848
1264845044923502594
1264845255955881984
1264845814800801794
1264845850045550592
1264846103066877953
1264846232121466880
1264846934629650433
1264847045506093056
1264847064627843072
1264847312544817152
1264847496305692672
1264848091892510721
1264849710453530625
1264850045544906752
1264850600052867072
1264850972502888448
1264851290082942979
1264851532144574464
1264851538838728706
1264851808662564866
1264852032642519046
1264852461828935680
1264853111052668934
1264854089684434944
1264854353074151424
1264854383935787009
1264854615297855489
1264855590339325953
1264855665304055808
1264855752570818565
1264855849287266305
1264856974245744641
1264858421687390220
1264858852652011520
1264858957333528576
1264859061557899264
1264860144262733826
1264860146292817921
1264861072802164737
1264861134412230656
1264861925445447680
1264862812490420224
1264862997509484544
1264863471797260290
1264863493683064832
1264863996877967360
1264864109545299969
1264864547363532800
1264865354054074370
1264866849566720004
1264867257202679808
1264867406662467585
1264867594076672000
1264868399282368514
1264868771468107776
1264868792867467264
1264868874316627970
1264869785785061376
1264870161020080128
1264871661637177344
1264872384613449728
1264873936220753920
1264873996190965761
1264874201330188289
1264874584580354048
1264874708471885826
1264875137465225219
1264876251707211777
1264876372729659392
1264876455143641089
1264876630285090822
1264877525156499461
1264877562624385025
1264877751242305536
1264878756730150912
1264878894345158657
1264879218665676803
1264879491299581952
1264879866119442432
1264880102204203008
1264880870554402816
1264882222554853376
1264882236110897152
1264882325260693504
1264882599874478080
1264882747316883459
1264882926598139906
1264883509891653632
1264883676837486592
1264884030174101504
1264884424535158784
1264884754345865216
1264884992116547585
1264885377501990914
1264885622168334338
1264885877471354880
1264886120652947461
1264886226550771713
1264886620983042050
1264886704600567810
1264886832065634305
1264887003759296512
1264887400075014145
1264888206413246464
1264888216366145537
1264888823315660805
1264889233455697921
1264889404998520832
1264889435797291013
1264889435797291013
1264889598934646787
1264889716047876097
1264890178113605635
1264890242831659009
1264890509241143296
1264890518464495616
1264890568108380160
1264890596004704256
1264891153738072065
1264891580705636355
1264891906208804864
1264892960220475394
1264893568679886848
1264893753514491904
1264894225902194690
1264894385424121856
1264894772570927106
1264894783681691648
1264894929094029312
1264895149617942528
1264895705639825409
1264896176312049666
1264896333443239936
1264896335427354630
1264896428687732741
1264896491480588289
1264896559143170049
1264896946378063875
1264897192583737355
1264897570561822727
1264897870634741760
1264897934623195143
1264897984204062721
1264898025404674054
1264898137740771330
1264898270985240578
1264899260396507139
1264899465397313538
1264899548993871873
1264900020748390404
1264900489075986432
1264900612627537921
1264900842840363009
1264901020976664580
1264901382676545536
1264901642413113344
1264902089425158147
1264902711339859968
1264902715928272896
1264903382323650570
1264903471775600640
1264903577815916545
1264903732870946816
1264904099990048768
1264904643282436098
1264904799700615168
1264904939081359362
1264905166538575872
1264905453126987777
1264905866219851776
1264905964953784320
1264906145417789442
1264906420241051648
1264907350797889538
1264907425947189250
1264907673692262406
1264907916844371968
1264907941762805760
1264907991867891712
1264908030841405450
1264908326732812292
1264908483901755392
1264908552801587200
1264908611731566592
1264908964723978242
1264908965919350784
1264909018205732866
1264909170396090368
1264910117012746256
1264910464363958274
1264910601517760512
1264911094704996352
1264911328088645635
1264911409378402308
1264911546192465920
1264911627180298243
1264911700647690241
1264911846609424384
1264912155226365952
1264912305445310464
1264912713978908673
1264912737039200256
1264912818857443329
1264912878232047617
1264912880517779458
1264912885442121731
1264913036948709377
1264913388234248193
1264913555012362241
1264914153279455232
1264914242593009664
1264914344195825671
1264915006090391553
1264915378750345216
1264915534778335233
1264916342999842816
1264916762853867523
1264916862573383681
1264917305366061056
1264917309140992000
1264917581946851329
1264917893399142403
1264918080930689026
1264918427069820936
1264918628790669315
1264919175044067332
1264919283345223681
1264919295169122306
1264919352454897669
1264919448764416002
1264919581359046656
1264919681762238466
1264919682584399875
1264919817489920001
1264919876705177602
1264919930253856768
1264920247875760128
1264920458257993732
1264921246581604352
1264921301778681857
1264921374054912003
1264921653034848259
1264922545003925505
1264922656442368000
1264923437497106433
1264923872601812994
1264924214945026050
1264924236478586881
1264924569925595137
1264924573817991168
1264924669355925509
1264924843172118531
1264925194960941057
1264925333020688384
1264925398116204544
1264925438259929093
1264925505020727297
1264925959179755520
1264926006726574080
1264926348520435712
1264926358381236224
1264926566502617089
1264926843808997376
1264926876767784960
1264926905226100741
1264927099548303360
1264927359297347584
1264927525278560258
1264927699035881472
1264928020097232896
1264928043258314753
1264928264197292032
1264928996656992262
1264929244653563905
1264929564280721409
1264929882309607425
1264930224392802304
1264930295477919747
1264930350679162888
1264930456023085056
1264930456547536898
1264930687259480065
1264931606411632641
1264932069232324613
1264932113645744129
1264932203018039302
1264932530094059522
1264932602571558912
1264932621261258752
1264932761024049153
1264933078545436673
1264933133671071745
1264933199253245953
1264933294300422145
1264933433035223042
1264933458373115905
1264934304943087616
1264934656056721410
1264934884038017031
1264935126259073024
1264935197600092162
1264935549237944322
1264935587833942017
1264936047387033600
1264936343324569601
1264936611554512899
1264936639111012354
1264936866287177730
1264937076845350918
1264937507273261064
1264937785322070016
1264938268300390400
1264938629492768768
1264938788972683265
1264938791246032896
1264939527417798662
1264939800278241280
1264940092059246593
1264940888553381889
1264940934963310593
1264940970375774208
1264940989111832577
1264941048964382721
1264941539312074752
1264941651073646597
1264941774960840704
1264942340575297537
1264942722089132032
1264943176659296256
1264943338794426369
1264943393232347137
1264943404812812289
1264943478506770434
1264943668429021187
1264944232562921473
1264944391426203648
1264944441619410944
1264944811339132929
1264945111366086657
1264945338428862464
1264945616125333504
1264945841690669056
1264945874817282049
1264945960712454144
1264947424306569216
1264947461044363264
1264947848111480833
1264948154916646912
1264948471884386304
1264948725044187138
1264948761639497728
1264948959400923138
1264949235503386625
1264949372422361090
1264949902502768640
1264949938888335362
1264949985465921536
1264950482453184512
1264950678130012160
1264950695959998464
1264950783990214657
1264950888025796610
1264951332001189889
1264951973331316736
1264952221025865728
1264952330006302720
1264952846144778240
1264952846564417539
1264953011199193089
1264954317854957568
1264954335261319168
1264954537795780613
1264954596482580481
1264955414233440256
1264955518994591747
1264955666067853314
1264955827657379841
1264956093035413504
1264956708725678084
1264957335820214273
1264957342770216968
1264957410730545152
1264957591852945414
1264957922838056966
1264957998486749190
1264958090119647234
1264958177306705922
1264958193073037315
1264958369120636931
1264958566512955392
1264959213505257472
1264959982178406406
1264960136671608832
1264960456948699136
1264961503939006469
1264961527460831232
1264961820646916097
1264962188151869445
1264962197743996930
1264963273625133056
1264963587849752577
1264963608066297858
1264963826249859075
1264964048308908032
1264964075911409664
1264964241645285376
1264964517156487168
1264964536693665792
1264964594470092800
1264964594822451203
1264965003297411078
1264965350501888000
1264965755877175296
1264965797916610562
1264966217162461184
1264966457353539584
1264966458963972096
1264966890537041921
1264966976050520065
1264967111744593920
1264967355001602050
1264967355391713280
1264967584107188227
1264967633889263616
1264967658165997571
1264967962605338630
1264968110500728832
1264968991543644160
1264969077648474112
1264969232757985282
1264969368330477570
1264969492993540099
1264969498030936064
1264970258181509127
1264971128403091457
1264971277426741253
1264971750330286084
1264971838763012101
1264971957025378307
1264972212865503232
1264972942695424000
1264973169288450049
1264973359890206722
1264973390257033222
1264974108288221185
1264974166408609793
1264974233865793538
1264974236390617088
1264974236667559936
1264974279285673984
1264974376618917895
1264974379374579712
1264974531086766082
1264974767586566145
1264974911837294593
1264974978551668741
1264975152682590215
1264975186362851329
1264975619856580608
1264975811276308486
1264975916964483072
1264976158199656448
1264976162066804738
1264977057076989952
1264977478985977857
1264977538054406144
1264977976354955266
1264978214113460225
1264978399283548160
1264978459664793601
1264978536248590336
1264978688166281217
1264978962712797185
1264979035517521920
1264979057709637639
1264979133295198208
1264979307849560065
1264979313788624896
1264979522610479105
1264979630534033408
1264979770728734720
1264979976417415174
1264980089374216192
1264980182655365120
1264981203393957890
1264981520013496322
1264981821265195008
1264982173595156480
1264982499266093056
1264982735191302144
1264982782532616194
1264982832679489536
1264982964569624577
1264983243335573504
1264983865602392064
1264984087594295300
1264984372048003073
1264984384823853056
1264984395817107456
1264984432764768257
1264984669747064832
1264984818980249601
1264984837984673792
1264984857542832128
1264985451259211777
1264986176504487936
1264986423242960901
1264986741469065217
1264986850596274176
1264987926179397632
1264988005141557251
1264988367986593792
1264988378392600576
1264988428015489025
1264988852407672833
1264989583072210946
1264989832662614021
1264990025877520384
1264990255205224452
1264990791904178176
1264990860590092289
1264990879388819458
1264991450762293248
1264991507276165121
1264991632648069125
1264991768308744195
1264991819936550912
1264992227215974401
1264992683451441156
1264992812229169153
1264993035865055238
1264993095998943233
1264994002379714566
1264994033920811008
1264994215207079938
1264994379330203648
1264994476617056258
1264994564756115465
1264994726807310337
1264995109973757952
1264995475628982278
1264995687948746754
1264996028761194497
1264996097535078400
1264996538691903492
1264996540378013700
1264996634024386566
1264997789727166465
1264998532047495168
1264998859274547200
1264999044130144256
1264999076740956160
1264999092364742660
1264999479175938049
1264999548210024450
1264999743329091590
1264999986841993219
1265000818383761410
1265000896813051905
1265000993172922370
1265001228846731264
1265001236966920198
1265001242687873031
1265001300711755776
1265001359788650497
1265001471617220614
1265001576273293312
1265001757706465280
1265002346867765248
1265002681757765632
1265002709733670912
1265002835420368897
1265003016186445824
1265003025225199617
1265003144062345216
1265003225222205445
1265003280150810625
1265003687954518018
1265003719332110337
1265003803583135744
1265003808444350465
1265003883107155969
1265004861202071553
1265005189163102216
1265005241306669057
1265005600003493890
1265005848603930624
1265005951117123586
1265006007291457536
1265006182281986049
1265006467465256960
1265006687813013507
1265006869019373569
1265006975064125442
1265007047667527680
1265007078097260545
1265007812981260288
1265007853414371329
1265007990198996994
1265008202233643008
1265008265278210050
1265008328553398281
1265008451916349440
1265008584859029506
1265009215954915335
1265009324272869380
1265009431860961283
1265009837164945410
1265009983273553926
1265010042635522050
1265010338858180608
1265010553291976704
1265011344488542213
1265011445504315393
1265011768465805314
1265011831703252993
1265011949684903937
1265011962536173571
1265012194904870912
1265013244386775041
1265013684692307973
1265013715730137088
1265013864216788995
1265013957036855296
1265014091250143232
1265014474441994241
1265015192951435264
1265015203181273089
1265015400317796362
1265015544333266944
1265015578739212291
1265016954169024512
1265017203860127745
1265017459310039041
1265017485218033666
1265017886705418242
1265018156185157632
1265018319637295106
1265018476667772930
1265019080693735428
1265019162319093760
1265019752226926593
1265019844660994054
1265020223301844999
1265020700185595904
1265020701322301440
1265020702400208896
1265020828355305477
1265020923293380609
1265021201639968768
1265021306854129667
1265021905746132994
1265021984951451648
1265022494098034702
1265023606238609409
1265023673867677696
1265023783431278594
1265024041460498432
1265024124503670784
1265024611370127363
1265024733155864584
1265025227706249223
1265025318009671685
1265025442584682496
1265025614584541184
1265025896303464448
1265026231541653504
1265026387854974984
1265026423586197506
1265027025733025794
1265027612121972738
1265027808331304960
1265028109197344768
1265028235856879618
1265028418011377665
1265028591240318977
1265028771289186311
1265028927266922496
1265029363344510976
1265030053231984647
1265030079182262272
1265030748614131714
1265030858311897090
1265031071894290434
1265031210117533698
1265031583863640067
1265032518903967744
1265032719605604355
1265033047130464257
1265033294481108994
1265033306032287751
1265033807171932166
1265034080686608392
1265034937176121349
1265034975641956352
1265035297747693568
1265035369864507398
1265035552052719624
1265035831472947203
1265035927279157249
1265035928583602176
1265036118665375744
1265036152773455873
1265036170167279628
1265036317349511169
1265037176745721858
1265037335785332739
1265037446573506560
1265037493809803265
1265037809250861056
1265037948044685313
1265037949516865538
1265038252727324672
1265038260943847431
1265038286948577286
1265038569850241025
1265038621427539970
1265039226074251267
1265040138448572416
1265040434381889543
1265040458004041730
1265040578938470400
1265040719321812992
1265041156490084352
1265041350006800385
1265042055962726404
1265042446943166464
1265042717026836480
1265042780247805952
1265044527989080066
1265044781861928968
1265044981976350720
1265045021260120070
1265045094312312832
1265045291041988612
1265045598694248448
1265045812259610624
1265045817573900291
1265045907785101314
1265046291408658433
1265046621017915393
1265047136128978945
1265047262176202752
1265047288705093633
1265047944505458690
1265048092736454660
1265048320139018241
1265048818372001792
1265049363673427974
1265049390986608642
1265049969351970834
1265050236294225921
1265050432419889153
1265050531015188480
1265050723743653888
1265050900768276480
1265050902131380224
1265051526290190341
1265051759266979851
1265051897158938629
1265051978029240320
1265052219033911298
1265052441277538304
1265053034733764615
1265053452784238594
1265053849179557891
1265054434318520321
1265056260380033025
1265056315627405316
1265056686605246465
1265056826531471369
1265057032027156480
1265057949963051009
1265057950995013634
1265058010654740480
1265058177969786880
1265059079170535425
1265059905725227017
1265060352087252992
1265060483414978560
1265061053878108161
1265061624412602372
1265061848237240320
1265062109915856900
1265062476988575744
1265062822695796748
1265063311642701824
1265063512314982400
1265064503122833409
1265064505433874435
1265064629673345024
1265064817531879426
1265064945345073152
1265065015050145792
1265065269300428801
1265065359511617538
1265065602705764353
1265065604685365253
1265065824466939905
1265065869274574848
1265066425695305733
1265066790956273664
1265066905221713921
1265067127351934976
1265067520685494272
1265069199761825794
1265069272797077504
1265069487734341644
1265070344399982593
1265070411840176128
1265070485966147586
1265070527787364352
1265070750593093632
1265070817475530753
1265071018890203141
1265071220254543873
1265071500723228672
1265072397629239297
1265072398342033410
1265072457095897089
1265072958588039168
1265072965852565518
1265072982793338881
1265073491226906627
1265073496553488385
1265073633698996226
1265074091960045568
1265074261254983680
1265074308050833409
1265074437155622912
1265074453026873344
1265075000240824320
1265075208794394636
1265075577737940998
1265075742209126400
1265076056077279233
1265076324240064512
1265076337728864256
1265076436806893569
1265076770530889729
1265076960603934721
1265077485915574272
1265078461909086208
1265078944526630912
1265079226740412416
1265079642773389314
1265079897262895104
1265080219947413509
1265080221847486464
1265080223781003266
1265080533605892103
1265080733975998464
1265080736501112834
1265080914868162564
1265080917669941248
1265080989673553920
1265081223422062592
1265081260415709184
1265081360647098368
1265081373615886336
1265081623302848513
1265081803179622400
1265081885119713281
1265081988198825985
1265082063302078465
1265082279384231936
1265082313601429504
1265083704642330626
1265083720006021120
1265083788348010496
1265084093559197701
1265084187851337728
1265084246407827457
1265084411932020737
1265085081070288896
1265085164931039232
1265085171902091265
1265085259021815808
1265085274192822273
1265085391557844992
1265085641026658304
1265086133873963008
1265086346013573122
1265086423381803008
1265086577350451201
1265086622498009089
1265086715737395201
1265086765683146759
1265086826882138112
1265087009527226368
1265087067333308416
1265087176389332994
1265087569936687113
1265088765074247680
1265089311650832384
1265089654954524673
1265089783128371201
1265089816179458049
1265089828607197184
1265089944768282625
1265090274319126528
1265090474022301697
1265090565277802497
1265091259548532738
1265091411709505536
1265091600323141634
1265091760075747328
1265092100447776771
1265092234329849856
1265092846861893636
1265093331937263617
1265093398865874945
1265093614637547522
1265095569321541633
1265095572328812544
1265095573268385792
1265095575143190532
1265095576980353024
1265095948482404353
1265096069848784896
1265096260756750341
1265096602303135744
1265096658926415872
1265096732146307072
1265096947016372226
1265096985079623680
1265097407265677312
1265097532255993857
1265097533564563457
1265097608508440577
1265098179923632128
1265099148501680128
1265099275089907717
1265099546251722752
1265099602270838785
1265099626782351360
1265099845599064064
1265099846978899968
1265099972661276674
1265100514569719810
1265100920540540933
1265101032448823297
1265101643047145473
1265101811649859586
1265103895602356226
1265104056550412300
1265104302219104256
1265104432641069056
1265105561571516417
1265105629976420352
1265105637295353856
1265105638708805632
1265105640227106816
1265106401355075584
1265107421741101056
1265107611155935235
1265108259024879618
1265108694766891008
1265108787762995205
1265108797665587203
1265109072849887235
1265109460592312322
1265109600531107840
1265110057341063177
1265110979714695168
1265111245624971264
1265111259541897216
1265111484599881728
1265112062922862593
1265112330435731456
1265113059443408899
1265113613473382406
1265113771737047040
1265113871024566274
1265114037760618497
1265114083629699073
1265114238822973440
1265114242811863041
1265115072495419393
1265115251005153285
1265115349793398784
1265115451782320129
1265115693726515200
1265116445173846016
1265117326669516800
1265117488750235648
1265117984227352576
1265118893988855808
1265118991313448964
1265119045453443072
1265119351100899331
1265119424316674048
1265119921928880130
1265120579503509504
1265121040717344769
1265121368649146368
1265121759168286720
1265121795352539138
1265122039347556353
1265123369130905601
1265126410265427968
1265126716546170882
1265126917809856516
1265127183590227970
1265127943828840449
1265128225820356608
1265128242513657857
1265128308401934336
1265128413825765376
1265128630050578432
1265129586729328640
1265131052340670464
1265131306259755008
1265132009329917955
1265132187659022336
1265132783040638976
1265132829366681600
1265132915916144641
1265132962561097731
1265133282515181569
1265134038349643776
1265134059514212357
1265134169912422400
1265134364679114753
1265135744143720448
1265136073929342978
1265136195761254400
1265136474737049602
1265137318207225861
1265137360410308608
1265137405994184706
1265138156581670913
1265138569200332800
1265139110106279937
1265139192440504321
1265139441351503872
1265139743978741760
