1265501604888948740
1265501742751453187
1265501795801071617
1265503299127726085
1265504093562380288
1265504322835677194
1265505035712106496
1265505217250037766
1265505802443522066
1265506251921817600
1265507236329160704
1265507278872088576
1265507748697038848
1265508078738386952
1265508080223162369
1265508088804671494
1265508322062544902
1265508528971747329
1265511314715262979
1265511810704252931
1265512552219529223
1265512999424532480
1265513490200092674
1265513727782268929
1265514588503760896
1265514598188408832
1265514641028984833
1265515963912462341
1265516203671523330
1265516389865054210
1265516577262317568
1265516709391327233
1265517212946894848
1265517398209241091
1265517989668978690
1265518200567013378
1265518271337500673
1265518624711860225
1265519177374334977
1265519295645220864
1265520161202855938
1265520169964777473
1265520464052568064
1265521318046437380
1265521530815078413
1265521768879587332
1265521961620340737
1265522106307133441
1265522278739165184
1265522504518549504
1265522734714490881
1265522977489248257
1265523323376713730
1265523767503183872
1265523992309399552
1265524017286516736
1265524232680804352
1265524277631225856
1265524373060030465
1265524625322246149
1265524665717530631
1265524832650833921
1265525062792290309
1265525446113886208
1265526141865123843
1265526428155760640
1265527322729426945
1265527572986765314
1265528032858648581
1265528251520352258
1265529268362186754
1265529845515202562
1265530125195587584
1265530329378557952
1265530622207983621
1265530888844185601
1265532073139417089
1265532111064358912
1265532205775888385
1265532700724789250
1265532950432624640
1265533584271724546
1265533586205290498
1265533965559103491
1265534135252254720
1265534336692084736
1265534798933696519
1265534973127413762
1265537675865571329
1265537948696657920
1265538456433942531
1265538614479466502
1265541440479858689
1265541443483054086
1265541661951692800
1265542007470075911
1265542138168774661
1265542211191611394
1265542834205200388
1265543235096764417
1265543366068113409
1265543771200028675
1265543940377317378
1265544013601538048
1265544331160621061
1265544450585092099
1265544653752975360
1265544661323649024
1265544665190871041
1265544709201702915
1265545061070180354
1265545415295995907
1265546231641767937
1265546430686560262
1265546770517549056
1265546885072408576
1265546915376181248
1265547456659456000
1265548037067288577
1265548602220429315
1265548841706799104
1265549495514869762
1265549937825189888
1265550448490172416
1265550452357320704
1265552262698610688
1265552404302487552
1265552444743966723
1265552740312322048
1265553174213152768
1265553213656387584
1265553797872566273
1265553969365032960
1265554011958247428
1265554091872333827
1265554317924327430
1265554423176212482
1265554472568315917
1265554568064241664
1265554602604232707
1265555397999550464
1265555476605022209
1265555506933923840
1265557078359379968
1265557095082070016
1265558373652672512
1265559034465222660
1265559254230077441
1265559788613763072
1265559883585380358
1265559885460246528
1265559887393718272
1265559899695702016
1265560172476407809
1265560429583048704
1265561134305861635
1265561450229174272
1265562296316841985
1265562371340337153
1265562622071619590
1265562983020859392
1265563046241501187
1265564060843741185
1265565388898816000
1265565541256830985
1265565807175753739
1265566389475123200
1265566676952760320
1265567213194547200
1265567406883299331
1265567744264724482
1265567744541556738
1265567868277723137
1265568676192956419
1265569436544761857
1265569420115656705
1265569566425583621
1265569568828899333
1265569770428129283
1265569948233015297
1265569983100268547
1265570026842701824
1265570049558970373
1265570140759916544
1265570258741583875
1265570736783142914
1265570967042035715
1265571020439728128
1265571095651979264
1265571411411849216
1265572099751632902
1265572344552136704
1265572555311718400
1265572558428045312
1265572754646085632
1265572912666468352
1265573120452300812
1265573472182337541
1265574505344307200
1265574544204587008
1265574601955950594
1265574603834953730
1265574730834345984
1265574990981869569
1265575604860190722
1265575675278303235
1265576373294432257
1265576898471628800
1265577076503072768
1265577233831378948
1265577400026497027
1265577884548239361
1265578060025339905
1265578223909421056
1265578813628518400
1265579818940317696
1265580090991284224
1265580522987753472
1265580523314970625
1265580546119393280
1265581085599117312
1265581327769886722
1265581386649518080
1265581398666162176
1265582462270410752
1265583030791364609
1265583597471313920
1265583767424364544
1265583818821570560
1265583854405980161
1265584057733259264
1265584292563951616
1265584996103925761
1265585462149873666
1265586341523468288
1265587215796768768
1265588084378386432
1265588488730222593
1265588901374279683
1265588953249394688
1265589059851870208
1265589148368474112
1265589547754274816
1265589747881259009
1265589765413494784
1265589832291680256
1265590412741353473
1265590496824627200
1265591691219570688
1265591783595085825
1265592105075965952
1265593671535284225
1265594403047051265
1265594718206877697
1265594753682374656
1265594985526652929
1265595625933926401
1265595628014366720
1265595864019537927
1265596121067532291
1265597040517619712
1265598033212907520
1265598667211206657
1265598792214155266
1265598980496424960
1265599442297724933
1265599513567260672
1265599514779324422
1265599515798589440
1265599628172378112
1265599784154476546
1265600030167248896
1265600174296117249
1265600645547130881
1265600707585085441
1265601339574218755
1265601838553980929
1265601915536109569
1265602821447127040
1265604181617852417
1265604204015620097
1265604505674137600
1265604551752720384
1265604706082177024
1265605187110080512
1265605214687522816
1265605214800928768
1265605309785157632
1265605372242526209
1265605486079905796
1265607011741335552
1265607580514213888
1265607835901190146
1265608913925308416
1265609015482032128
1265609125276368897
1265609372425695232
1265609775607418880
1265609834801631236
1265609969858158594
1265609999868399616
1265610024543571978
1265610265967628293
1265610792218615809
1265610850280357889
1265610914935562241
1265611411373219840
1265611887963758593
1265612438558380039
1265612537523064832
1265612658532929538
1265613866702118912
1265613867415207936
1265614043018145795
1265614482597916674
1265615407043444737
1265615413343289344
1265615948297302016
1265615983558881280
1265616073354813440
1265616177230905345
1265616304523878400
1265616393916960768
1265616637224353792
1265616710046035969
1265616989487276032
1265617063063756800
1265617158987411461
1265618332813844483
1265618644932780035
1265618785383395328
1265620227578048512
1265620366367612929
1265620576493809665
1265620952240599040
1265621795098390528
1265622047780151304
1265622533149200385
1265622565193687040
1265622580448432128
1265622841220890626
1265623409838493696
1265623526389821442
1265623667381350401
1265623691934785536
1265624127190249473
1265624161357049856
1265624222300241920
1265624543181365253
1265624639918813189
1265624679269535744
1265624910077943814
1265624964368986118
1265625033432535044
1265625403600842752
1265625814877552641
1265625900495908872
1265626513552048130
1265626560381452288
1265626675490029568
1265627315003895808
1265627513042190342
1265627740167954432
1265628492215062528
1265629248976371725
1265629280928706560
1265629503386275841
1265629505835749377
1265629905104011266
1265630447549251589
1265630475462180870
1265630485021065217
1265630864458821632
1265630997871316992
1265631028074471428
1265631317053583365
1265631411664453637
1265631436125597696
1265631615742435334
1265631855434440706
1265631926058090497
1265631956366221315
1265632128676626439
1265632144295989248
1265632219567177733
1265632572253536257
1265632612435013634
1265632612330074114
1265632873257807872
1265632875950403585
1265633664035160064
1265633786471108608
1265633822516920321
1265634144379236352
1265634469232300032
1265634831175692294
1265635195316813825
1265635214493171712
1265635311758880768
1265635342373146624
1265635503782543361
1265635952745164800
1265636312771637254
1265636330698149889
1265636446989365250
1265636640564736000
1265636652493312000
1265636885101191170
1265637094136918016
1265637307274735617
1265637337553387521
1265637399914180610
1265637404888596485
1265637485570404352
1265638010638516224
1265638111347904512
1265638317070090240
1265638511471927296
1265638980000919552
1265639240114696192
1265639349301006337
1265639368078897152
1265639370666762240
1265639430334959625
1265639780613623810
1265639916131823619
1265640392717774849
1265640556341997570
1265640660960305152
1265640663208521735
1265641011369463808
1265641090650161152
1265641789605711874
1265641852830724097
1265641855808667651
1265642045504401409
1265642173665599489
1265642497151250434
1265643132286369793
1265643181305032710
1265643800346546177
1265644285250191360
1265644316652953602
1265644527173410817
1265644547398406144
1265644570488066048
1265644773978902528
1265645267220652032
1265645483097235461
1265645666862346240
1265646321047867393
1265646423904784386
1265646589890170882
1265646886087806976
1265647152740655106
1265647171103264768
1265647498477146112
1265647679910150146
1265647956440514561
1265648177388101632
1265648222187352066
1265648276898041866
1265648396985143296
1265648470515257344
1265648471664545799
1265648472759209985
1265649673311830021
1265649924395413504
1265649976660631553
1265650026107338752
1265650170387103744
1265650395268997121
1265650598688493569
1265650649234051072
1265650727629623296
1265650937990975489
1265651199052840962
1265651222993940481
1265651450681659397
1265651634459336706
1265651773487886337
1265652108860092416
1265652109044846593
1265652110059696129
1265652234169323520
1265652499802927104
1265652584724996101
1265652998602141697
1265653278903328768
1265653336302399489
1265653513465597957
1265653519895285760
1265653567236583425
1265653569413353474
1265653882014904324
1265653925727875079
1265654278678556672
1265654318176374785
1265654421674962944
1265654562079334402
1265654637778153472
1265654700151640066
1265654782750048256
1265654889184661504
1265654931501068289
1265655085247295488
1265655191749169152
1265655213635112961
1265655253619245057
1265655285026258946
1265655418497503232
1265655770282110977
1265655997835743238
1265656029402091527
1265656355341426695
1265656648447778816
1265657018536189952
1265657398120742912
1265657497664307207
1265657683287445506
1265658362403921921
1265658363850809344
1265658384361144321
1265658913405448192
1265659076526161922
1265659164216512514
1265659284441821186
1265659931862196230
1265660421941243904
1265660777572241416
1265660777572241416
1265661170758762496
1265661433221652482
1265661918347440134
1265662758818897920
1265662877895143424
1265662877983268871
1265663148427632643
1265663170217205761
1265663307358371845
1265663381291233280
1265664418404274178
1265664502974025730
1265664986887708672
1265665427277000705
1265665743259123712
1265665946657550337
1265666022151008259
1265666444030668800
1265666655641837571
1265666792996900870
1265666962656579584
1265667403368796160
1265667885457866752
1265668153050312705
1265668975112978440
1265668987121274880
1265669327287713798
1265669441356017665
1265670122699657216
1265670281378574342
1265670705385017344
1265670772493701120
1265670849971073025
1265671237478445056
1265671246924087296
1265671333360402434
1265671587233058818
1265672116017467395
1265672227942514689
1265672470838669312
1265672565785272321
1265672577839706112
1265672862674845696
1265673021848801286
1265673222755934211
1265673415144271872
1265673888522014720
1265674036010516480
1265674132634681344
1265674173835350018
1265674335424925702
1265674561711779840
1265676257544601600
1265676406526279686
1265677023655141378
1265677429479276544
1265677477147561984
1265678160168775681
1265678314963898368
1265678470685868035
1265678495629246464
1265678590156267520
1265678689947156481
1265678961721380864
1265679128113696769
1265679583950618625
1265679699893784577
1265680029314420738
1265680101586407424
1265680173837348869
1265680244633206786
1265680509889204224
1265681030364659714
1265681051113918464
1265681186678063106
1265682067796324352
1265682229436526594
1265682321811714050
1265682450711302144
1265682754852749312
1265682802655154176
1265683183607185409
1265683283364511744
1265683339903750145
1265683984748630018
1265684043955347457
1265684173588758535
1265684475788353536
1265684848129105920
1265685102803267586
1265685451861561345
1265685663715692544
1265686120702062592
1265686300230811650
1265686644465840133
1265686787395072001
1265686799126536193
1265686904898498560
1265687025744838657
1265687146809249792
1265687405245448192
1265687655251161088
1265687886567006210
1265688100405215232
1265688477133225985
1265688486113193984
1265688824480497664
1265688846563332097
1265689105557422080
1265689161794760706
1265689931671838727
1265690278893170688
1265690371121709062
1265690868675043328
1265691515575140354
1265691613101203456
1265692147233230854
1265692393350868993
1265692429929320448
1265692570111430660
1265692630152884224
1265692675929325568
1265693069204246529
1265693181418573827
1265693427439673344
1265693511107653633
1265693627260469248
1265693914532438016
1265693921889452033
1265694126437253121
1265694140110483456
1265694198034059266
1265694253424029698
1265694451370004482
1265694684740976644
1265694768886984710
1265694775078014977
1265694894716268545
1265695132520722432
1265695224673665024
1265695254587596801
1265695255627792386
1265695282240671750
1265695300775264263
1265695372564770817
1265695376020914178
1265695415292264449
1265695466596990977
1265695610973368320
1265695750278840320
1265695934052253697
1265696091695087619
1265696119037800450
1265696307596967939
1265697155592761344
1265697339240402947
1265697587010691074
1265697717440917504
1265697733043580929
1265697771564068864
1265697798000791552
1265697821250007042
1265697905001689088
1265698410423816192
1265698500983099393
1265698544595300352
1265698559036321792
1265698690624360448
1265698820849045510
1265698900083650562
1265699547734573056
1265699606563872768
1265699687295782918
1265699773899816961
1265699891675791366
1265700304214880261
1265700305481560067
1265700505734569986
1265700593487589376
1265700756092485644
1265700797112897546
1265701333056790533
1265701471913476096
1265701739581276169
1265701885962530816
1265701900311236610
1265702174975242241
1265702196139552770
1265702436792086528
1265702472741457922
1265702824278720512
1265703118517538817
1265703219533099013
1265703450177949697
1265703489969291264
1265703800997888003
1265703887031468032
1265704197414141952
1265704225574735872
1265704454525014019
1265704997167251464
1265705030105128960
1265705041215832064
1265705047272366081
1265705213995782145
1265705216118161408
1265705753261809678
1265706062151405569
1265706536770428930
1265706641988751360
1265707487879184387
1265708093540892674
1265708338999943171
1265708699718467584
1265709101247594498
1265709537962725382
1265709819069153282
1265709920156082178
1265710433320742914
1265710700959162368
1265710768332382209
1265710912591323136
1265710943947939841
1265710999866232832
1265711183664988162
1265711213666861058
1265711484430176257
1265711731101368321
1265712878763552770
1265713064692928514
1265713173358948359
1265713252987797506
1265713463331917824
1265713592923574272
1265713868887777280
1265714270840385538
1265714292927664128
1265714522691534848
1265714524532826112
1265715034195472385
1265715653228605441
1265715837719269377
1265716356831424514
1265717200733773828
1265717540568924162
1265717747545247744
1265717876880805888
1265717965003149315
1265718043495272455
1265718540046233600
1265718856393334785
1265719456635981824
1265719816620371968
1265719980919840774
1265720067913691136
1265720141838499844
1265721056385515522
1265721353476411392
1265721617176543237
1265721640895143937
1265721684461604865
1265721951437217792
1265721965064491008
1265722039513407488
1265722455823278080
1265722464010563584
1265723191261003776
1265723311071342592
1265723369774895107
1265723574658068480
1265723593041883142
1265723642924503040
1265723833874554881
1265723881941237760
1265724118441299971
1265724564862111745
1265724593878286341
1265724844424953858
1265724884262498305
1265724891388456960
1265725195681255425
1265725234143002624
1265725311133659136
1265725438799810561
1265725476229853185
1265725586644832257
1265725718538989572
1265725722967990272
1265725882619977728
1265725944603557890
1265726001901756416
1265726884299620355
1265726913391267841
1265726931661737986
1265727685340299264
1265727749525835781
1265728394496552960
1265728417795682306
1265728604933144579
1265728684046065664
1265728953173643266
1265729285702238213
1265729708706193411
1265730345024000001
1265730415278657536
1265730455996960768
1265731087017431040
1265731769820606464
1265731963928956932
1265732141372956672
1265732226068537344
1265732751501729792
1265732774071238656
1265732879079936000
1265732923908476928
1265733109582094339
1265733268038725634
1265733369192747015
1265733499241279490
1265733965542875137
1265733986875211783
1265734219864715270
1265734363645386760
1265734477923471360
1265734682370617345
1265734751673028613
1265734813920755726
1265734816047210499
1265734886461263872
1265735157572493312
1265735656229175296
1265736292668669953
1265736373224509440
1265736394569383947
1265736599079251968
1265737051556593664
1265737115536629766
1265737317001703424
1265737574728908800
1265737714705596420
1265737763749494787
1265738072425140225
1265738276549337090
1265738314516054016
1265738338679611404
1265738635732815872
1265738923638046720
1265739185186467840
1265739187153629184
1265739187430531074
1265739187568783361
1265739224575291394
1265739470910955522
1265740197293027328
1265740619877621761
1265740677683372034
1265740750802673664
1265740785422606336
1265740865403858944
1265740897989169153
1265741270208729090
1265741956673486849
1265742140380000257
1265742820889055234
1265742868934791168
1265742918444183552
1265743468497735681
1265743680545177603
1265743782416441345
1265743987652124674
1265744048784097280
1265744271409364992
1265744942791643141
1265745292760166400
1265745410045460481
1265745856231362560
1265746110456320000
1265746282351603714
1265746700188020736
1265746918388400128
1265747019441803268
1265747212379795458
1265748183461871624
1265748628745969665
1265748691882835968
1265749160776646656
1265749187389460480
1265751016244424705
1265751018748313600
1265751021030199297
1265751148574605312
1265751158640930816
1265751218934161411
1265751764923449348
1265752502550609921
1265752519931764737
1265752776321064961
1265753438949904386
1265753703136534535
1265754111405953036
1265754289864978433
1265754291089760256
1265754292259917824
1265754541481484289
1265754677502754816
1265755022136094721
1265755104117960704
1265755129074122754
1265755178164158466
1265755447388254208
1265755952663453696
1265756425130782721
1265757482313560064
1265757852443893760
1265758096384839680
1265758183278227461
1265758812788502529
1265759476939993093
1265759699477188609
1265759808076029954
1265760109768126466
1265760180698058752
1265760345836130304
1265760878194036738
1265761473365569536
1265762069669908487
1265762099281694723
1265762283692662784
1265762284749688832
1265762433076953091
1265763104853549058
1265763804509593601
1265764221587017731
1265764526819086336
1265764687095848961
1265765424886620171
1265765430104330240
1265765546940870659
1265765648979746818
1265765797106012160
1265765858611060737
1265765861790343169
1265766061338775562
1265766623425617920
1265767100624371719
1265767343294218241
1265767659951423493
1265767737952858113
1265767809197527040
1265767872707485696
1265768233191301127
1265768831638736898
1265768928623702019
1265769143825051650
1265769199043063808
1265769258614534144
1265769801919520769
1265769903165829120
1265769912061968384
1265770160121667585
1265770206439358464
1265770797500678144
1265771111981166593
1265771657789988865
1265771691021647872
1265771856247828487
1265772922435776514
1265772953947508736
1265773518521851909
1265774210745421824
1265774555831898118
1265774648601595913
1265774925656145920
1265775194628657153
1265775219446292483
1265775232758890501
1265775297984487425
1265775634250264576
1265775905517056000
1265776541205700608
1265777642973822977
1265777938911264768
1265778271267979265
1265778331015802881
1265778369372848131
1265778522423013376
1265779032022560768
1265779074342907905
1265779720769220610
1265780342990024704
1265780391987814400
1265780767302574087
1265782286936616968
1265782359842066432
1265782973435002881
1265783220743942145
1265784116487716865
1265784195453980672
1265784689064849409
1265784761726853120
1265785070960480256
1265785212870549506
1265785513971273728
1265785662780911618
1265785713682980864
1265786983403663364
1265787061509992453
1265787430881419265
1265787488137854978
1265787567124987904
1265787883383734272
1265788258883002368
1265788908631187458
1265789020057022466
1265789072397619203
1265789196435890182
1265789769042194432
1265790566186594307
1265790672843538437
1265790979640045568
1265791025378758656
1265791138201513985
1265791278727327744
1265791975434989572
1265792551421763584
1265792581985804296
1265792667826270208
1265792788920037381
1265793186997436417
1265793207666950144
1265793324801069056
1265793327317815296
1265793398667124741
1265793918865559553
1265794047500677121
1265794482303311873
1265794815079452672
1265795035330682888
1265795102246670337
1265795790620016640
1265796553240870912
1265797510058012672
1265797537564250112
1265797664488083456
1265797673195618306
1265797892352159745
1265798071587188736
1265798160095629314
1265798256786898949
1265798844551499778
1265798939246125056
1265799484048584705
1265799546229186561
1265799547894276102
1265799703054123009
1265800027378716680
1265800367356469250
1265801469837611018
1265801969806921728
1265801991210426368
1265802071950983172
1265802330877853697
1265802492396351494
1265802823679213573
1265803382876442624
1265803458252173312
1265803682488242176
1265804393401769984
1265805025164615686
1265805098791337989
1265806034368630784
1265806034590932992
1265806919790452741
1265806934718009345
1265807552425725953
1265807721665900544
1265807824153534464
1265808605296627714
1265809156721819648
1265809156730236933
1265809601200611329
1265809650835849216
1265810006710063105
1265810510169202693
1265810931713540096
1265811181882744833
1265811536120963074
1265811831173591042
1265812687075913733
1265812869163204612
1265813236001255424
1265813242691141634
1265813389575667713
1265813633549950976
1265813806355230726
1265814440500514817
1265814912460140544
1265814985051176972
1265815084863029255
1265815561600024576
1265816135460626434
1265816499744366592
1265816822886076416
1265817023881400325
1265817358716764160
1265817680818384896
1265817773181218828
1265818754786758657
1265819607513944065
1265819673230221312
1265820077594750976
1265820219752120321
1265820315097022464
1265820602234888193
1265820954376261632
1265820979437039617
1265821271151034368
1265821800040185856
1265822401532760071
1265823704287756288
1265823870088433664
1265823874454745089
1265824488345661441
1265825057877753857
1265825276073783298
1265825360521895936
1265825636561620993
1265826311991369731
1265827507300859906
1265827906145705988
1265828112098398208
1265828709099089922
1265828965287067659
1265829257026076672
1265829728952430592
1265830383196798976
1265830574956175361
1265830669856505856
1265830975147294720
1265830999008727041
1265831554921697280
1265832744925515777
1265833816280698887
1265834006886731776
1265834728890028033
1265834925430890497
1265835066237698049
1265835125633200128
1265835142909698049
1265835453653147649
1265835479792005121
1265835535916023815
1265835647824166913
1265836296292925442
1265836995034710019
1265837287402868736
1265838195800854530
1265838265132695552
1265838414156501004
1265838522340118530
1265838627403304964
1265839157483409409
1265839597734572033
1265840006628810754
1265840025763287040
1265840056813654017
1265840631697403904
1265840926695530496
1265840987961798657
1265841745712930816
1265842775926476800
1265843228391211008
1265844118292320257
1265844144666284035
1265844588960309248
1265844693646090240
1265844737686286338
1265844860457676800
1265844992817475588
1265845422003613697
1265845449711386624
1265847175373873153
1265847219648897024
1265847810471202824
1265850123684372480
1265850412155965441
1265850790003879936
1265850915476533248
1265851191214383105
1265851675492839425
1265851844506640386
1265852065856749568
1265852077265293324
1265852559337697282
1265852917447262210
1265852996308439040
1265853275385053184
1265853545758195712
1265853756282998785
1265854294575796225
1265854529582632963
1265855711679901703
1265856057429110789
1265856651992674304
1265857089139732481
1265857281528344577
1265857662308229120
1265857783989186562
1265858026575212544
1265858396458225665
1265858847865835520
1265858848700555265
1265858858624278528
1265859677427924992
1265861178661777408
1265861809791275008
1265862245633884160
1265862499208851456
1265862876851560449
1265862904026484736
1265863912236425216
1265864054070894592
1265864130977808384
1265865645561835520
1265866889944862722
1265868103986098176
