1265140152948658177
1265140540422721538
1265140750401941505
1265141583982333952
1265141883183005701
1265141925755092993
1265141935406227462
1265142237127680001
1265143035324764165
1265144520783642628
1265144893384478721
1265145682031190016
1265145722149756928
1265146005659533313
1265146698600456198
1265147252885970944
1265147402077581313
1265147572320157697
1265147785038319619
1265148008473206784
1265148293480247296
1265148989508288513
1265149582754922497
1265150800218730496
1265151375534522369
1265151894336368640
1265152308847030272
1265152427113791488
1265152931092889601
1265152983760863233
1265153010122047489
1265153035862409222
1265153059535179778
1265153129391239168
1265153650197958657
1265154032370212864
1265154641286909952
1265155291664048128
1265155354964430853
1265155591581732865
1265155592676495363
1265155593116938240
1265155594211581952
1265155643549368321
1265155719512436737
1265156303917383681
1265156596931325952
1265156798086033409
1265158002136489984
1265158085691179010
1265159499024936966
1265159615836291072
1265159993294073857
1265159994359463936
1265159995416408064
1265160789599625216
1265160793437302784
1265161415616352257
1265161505357459457
1265161507433635840
1265161859763765248
1265162387935694849
1265162750097047553
1265163077642747904
1265163079257673728
1265164973929566210
1265165901583826944
1265166212901801984
1265166431362052096
1265166654067138560
1265167132125466624
1265167817718018048
1265168775386673152
1265168807544229893
1265168993008181248
1265169855608754176
1265170189315956736
1265170442161029120
1265171320548913152
1265172832721477633
1265172935851065344
1265173511519252481
1265173677449965568
1265174383330541568
1265174513114853379
1265174711794913282
1265174974538579968
1265175095862910976
1265175109553344513
1265175256840495104
1265175559417577473
1265175986892464128
1265176346340339712
1265176640621027329
1265176750276968448
1265176855511883776
1265176856686284800
1265176958356389888
1265177091101937669
1265177212896120834
1265178870451441664
1265179085786906627
1265179539967225858
1265179623668637696
1265180249572007937
1265180743250173953
1265180983311163392
1265181457967910912
1265181788038729728
1265181911007113216
1265182596192964608
1265183534152421377
1265183625382965253
1265184096906612736
1265184163256287234
1265184287961370625
1265185420729606144
1265185446839156737
1265185497749610496
1265185523171278848
1265185525532626944
1265186180854804485
1265187289749209088
1265188175045169152
1265189085037158405
1265190848347672576
1265191379325632518
1265191435747438599
1265191496308883456
1265191590030696448
1265192121792901125
1265192207176421380
1265192333655502848
1265192371001585664
1265192713319673857
1265192964482936838
1265193902132408320
1265194381935390723
1265195728516771840
1265195770824855552
1265195892182786051
1265197987988373504
1265198214870753280
1265198725431021568
1265198966091796481
1265199886321868800
1265199998720851969
1265200261733036033
1265200617854840837
1265201156399259649
1265201911063601152
1265202367894450176
1265202694651703303
1265204032865554432
1265204445966671872
1265204517789995009
1265205196478693376
1265205198798098434
1265205224194613249
1265205316230275077
1265206678879780865
1265209451885330433
1265210210018299905
1265210441141235712
1265210734226612224
1265212802433716224
1265213353082982401
1265213465813291008
1265214270083661824
1265214305923973123
1265214532609245185
1265214535276822533
1265214665258348545
1265214723785732097
1265214818316845058
1265214850864566272
1265215232588132352
1265215665746505728
1265216168052371456
1265216508512186368
1265217072122023937
1265217443028402176
1265218393214517248
1265218443038658560
1265218504573063168
1265218602334109700
1265219056682119168
1265219243869700101
1265219572698939392
1265219913326739461
1265220043824136192
1265220133695508480
1265220273265147905
1265220738279227395
1265221067259416580
1265221102806208513
1265221216790614016
1265221339847233536
1265221444402896898
1265221807151382528
1265222161616105478
1265222218591670275
1265222550126317568
1265222732016496641
1265222764241268737
1265223528334442496
1265223787273994241
1265224173636517888
1265224195106955265
1265225019187171330
1265226951968673793
1265226994284888065
1265227790749765633
1265228486492520449
1265228718374518786
1265228781775659008
1265228794887094278
1265229281128378368
1265230330773962752
1265230331860271106
1265230450978684931
1265230475506978818
1265230872036376581
1265232015185625089
1265232746886107136
1265232853090131969
1265233473259761664
1265233489357496320
1265233647746953217
1265234268378345472
1265234357859479553
1265235303612235779
1265235946041196546
1265236091159879680
1265236294965383169
1265236416419844097
1265236482526150657
1265236501664800774
1265236506681229313
1265236705067634689
1265236717092483072
1265236982315339776
1265237586227769345
1265238017914007553
1265238334218973186
1265238694753075200
1265238781625581569
1265239176158392321
1265239312179900416
1265239490731421696
1265239886476513280
1265240459791806464
1265241025171329025
1265241107165822976
1265241250200014848
1265241992289796096
1265242254211457024
1265242693006954497
1265242790298083328
1265243321083015168
1265243441186983936
1265244099788955648
1265244134312488960
1265244314923413505
1265244609858490368
1265245177888694273
1265245184440152067
1265245838521053186
1265245949380550656
1265245969437712384
1265246363505299457
1265246830129901569
1265246873201360896
1265247849186578432
1265248325390999554
1265248491837763584
1265248530001793024
1265248624054882305
1265249167313637383
1265249672584671235
1265249828533145602
1265249865375891462
1265250285901012994
1265250674129993728
1265251024777986050
1265251272350932992
1265251534822137857
1265251599208910848
1265252632299483138
1265252861618925569
1265252866480132097
1265252979625648135
1265253157623476230
1265253337613717505
1265253457797226497
1265254267759349762
1265254932036366336
1265254980723920897
1265255764282822657
1265256240537432067
1265256841946243073
1265257069625499649
1265257580890411009
1265257807810637826
1265258034097422339
1265258272317153283
1265258602484436992
1265259363276595201
1265259434256850945
1265260009191071744
1265260024995041283
1265260026018426880
1265260028816023554
1265260031043268612
1265260201646739457
1265260218369421313
1265260401794547714
1265260414583046144
1265260447307051011
1265260762504847361
1265261317755072512
1265261399586025472
1265261953204838402
1265262019286089729
1265262114178043904
1265262180208971776
1265262740345622530
1265262834910363650
1265263009871663106
1265263023243038720
1265263049457364992
1265263206278270979
1265263447547228160
1265264430750654466
1265264586506280962
1265264919613669378
1265264994024853504
1265265319800721408
1265265517352411137
1265265718934876160
1265266492452601857
1265266539651125249
1265266575461871622
1265267123867320320
1265267831475712000
1265268260989272064
1265268262755094530
1265268312268775424
1265268334775332871
1265268627894345729
1265269059207258112
1265269119261249536
1265269629066280961
1265269779549609986
1265270125193814022
1265270147713052675
1265270554963181571
1265270618674434051
1265271099610116097
1265271100721655809
1265271894959362048
1265272568950317056
1265272770210009089
1265272865005371392
1265273315020734464
1265273423774744576
1265273725542375425
1265274003100442625
1265274488750436353
1265274632057298949
1265275270237310988
1265275274515513346
1265275275547258881
1265275276608462853
1265275529952849923
1265275608398917633
1265276047068672001
1265276278875107329
1265276577207603204
1265276711303876608
1265276838923980801
1265277209062883328
1265277518883381249
1265277644666335232
1265277909276725248
1265278588288241666
1265279051951898624
1265279532455456773
1265279566052044801
1265279839805648896
1265279846936125441
1265280503613136898
1265281416482287616
1265281416792666113
1265281418604625921
1265281419661635596
1265281694262874114
1265282104428056577
1265282223399452680
1265282334586216450
1265283084313862145
1265283273648934912
1265283279235821574
1265283476472975365
1265283483989168129
1265283813891923969
1265284614924513282
1265285073659555841
1265285724921827328
1265285804898709505
1265286142708133894
1265286187046121478
1265286211712794625
1265286394357972992
1265286466768375810
1265286601057411072
1265286706032373764
1265287320900698114
1265287439108632576
1265287622039089152
1265287831775313920
1265288311754706945
1265288510443081730
1265288797039874049
1265288863934820357
1265288874022121473
1265289191157620737
1265289319507464192
1265289620658556929
1265289985328058368
1265290225246298114
1265290228501065729
1265290231156072448
1265290232246616064
1265290393412919301
1265290644257247234
1265290681855115265
1265291125818089474
1265291165433311233
1265291240200966145
1265291324577787905
1265291360086773761
1265291713280696320
1265292563440963590
1265292585435684866
1265293101897302016
1265293271070212096
1265293479250407424
1265293544954134528
1265293624310476800
1265294290852421637
1265294662123892743
1265294899684900864
1265295278531362816
1265295320142852097
1265295610728665088
1265295846670848005
1265296950213193728
1265297277243064323
1265297279822344192
1265297479282589707
1265297519724171267
1265297536450953218
1265297742940823555
1265297816550641665
1265297816550641665
1265298154016014339
1265298624373764096
1265298898677096454
1265300462355591174
1265301233327169542
1265301304554864640
1265301698853117956
1265301757107662850
1265302408776888323
1265303036764831744
1265303231892160513
1265303449660305408
1265303586432483329
1265304019326697474
1265304068081291267
1265304421162012672
1265304592809512960
1265304604880719874
1265304644059873289
1265304825681469440
1265305012693094400
1265305147984375808
1265305465417682944
1265305466101313536
1265305755693047808
1265305778602127360
1265305995112329223
1265306807024705536
1265307037925326849
1265307314405457922
1265308019992211459
1265308348930392065
1265308352994611200
1265309127997358093
1265309128500658178
1265309171127369729
1265309328434757633
1265309432872869890
1265309457195642881
1265309499893534721
1265309779532165126
1265309808472793089
1265309918254575620
1265310171678552064
1265310473282637828
1265311007448203266
1265311274570842112
1265311368967680000
1265311829519187976
1265311916320317440
1265312025250586624
1265312928867086336
1265313561590390785
1265314386496745473
1265314712822128643
1265314721923608576
1265314874353164288
1265314978711699461
1265315353862852620
1265315660604768256
1265315687125389313
1265316417987018755
1265316655548133376
1265316896015912961
1265317232046981129
1265317780062175233
1265317773967753219
1265318355776479233
1265318547653382145
1265318615831764994
1265319071018614786
1265319368738639872
1265319482811187201
1265319566785130496
1265319596669702144
1265319611601469441
1265320010982977536
1265320176364318720
1265320271273250817
1265320685901090817
1265321081033814016
1265321449784410112
1265321559389921280
1265322389702938626
1265322565691564033
1265322681018150913
1265322831279271938
1265323596185993216
1265323716235280384
1265324025691045888
1265324814983548928
1265325287920807939
1265325371668430850
1265325586555101184
1265325946934120448
1265326040861245443
1265326218825457664
1265326219886645249
1265326225276334081
1265326242686959617
1265326392847335425
1265326725661184001
1265326759701962752
1265326957111189510
1265327204059222023
1265327536504004608
1265327724031365122
1265327851903074306
1265327960975904768
1265328024985178113
1265328062637490176
1265328402174824454
1265328407996489729
1265328713962577921
1265328989331210247
1265329030754185216
1265329196844421120
1265329235989684226
1265329360921387011
1265329641507770369
1265329698629922816
1265329742682525698
1265329968420093952
1265330134070038529
1265330157872693248
1265330378715418630
1265331156502884356
1265331500070981632
1265331760054894593
1265331899519696897
1265332127933005825
1265332697292926977
1265332722194620424
1265332810555875328
1265333626071367681
1265333972202139654
1265335008161607682
1265335210343911424
1265335338936958977
1265335366963400708
1265335402392502272
1265335501759930369
1265335567920828417
1265335792685072384
1265336041252229120
1265336093517414404
1265336213491367936
1265336282902859778
1265336843404365824
1265337073491415041
1265337260922204160
1265337674249826305
1265337692994383873
1265338100894531594
1265338206851137536
1265338881152634881
1265339428161060866
1265339521769619457
1265339811910479872
1265339822845165573
1265339885940080640
1265341055970553863
1265341283276656644
1265341310992605184
1265341672755429384
1265342036120678402
1265342063010295808
1265342362353573888
1265342559519412224
1265342597112963072
1265342806446538752
1265343570912980993
1265343710599892993
1265344114968723457
1265345430352789505
1265345531934466048
1265345697236373504
1265345917298802697
1265345956830154752
1265346567478956033
1265346668523913217
1265346841551478786
1265347436861689857
1265347630965686275
1265348590316240896
1265348749829832704
1265349871374151681
1265350248337203205
1265350499802345472
1265350500884508672
1265351268098207744
1265351558973308935
1265351745233977348
1265351943762870273
1265351987543015425
1265352130518532098
1265352768119640064
1265353325920292866
1265353423450443776
1265353537644630017
1265353541482426370
1265353549510148097
1265353649825263616
1265353960006639616
1265354377830772738
1265354406289182723
1265354649227325440
1265355064291373057
1265355211163308032
1265355352826089472
1265355663909122048
1265355810923839489
1265355815797633026
1265355847540056064
1265355851403051008
1265356051089625093
1265356358502830080
1265356545023307776
1265356648375357445
1265356710648020992
1265356738850676744
1265356798007095296
1265356962721681408
1265356998675234816
1265357011652415490
1265357311767437313
1265357629720797184
1265358251505393665
1265358448155336706
1265359233450569728
1265359743348080642
1265360070214369281
1265360667609096197
1265361275636326404
1265361348495581185
1265361427537199106
1265361518180384768
1265361720593264642
1265361760032260103
1265361810678480900
1265361851229110278
1265361870657146886
1265362239294332929
1265362264716193793
1265362326925922305
1265362387479040001
1265362595478937602
1265363340890648576
1265363381021794305
1265363960712368129
1265364173258547203
1265364366997639169
1265364428830244875
1265364600444207105
1265364633931702273
1265364691112484865
1265365251861733376
1265365422729240577
1265365473660567552
1265365614706769920
1265366145235910661
1265366656399933444
1265367142708523014
1265367991597830144
1265368638523084802
1265369441694437376
1265369650168123392
1265369882432020484
1265370105875136512
1265370254995267586
1265370413993000960
1265370584738914305
1265370633971486720
1265370754322804737
1265370828524236805
1265370832878125061
1265371012369014784
1265371622233370624
1265371776831426561
1265372072106168321
1265372297889812487
1265372927475802112
1265372960405229570
1265373375448453130
1265373779452182529
1265373847655796737
1265373911811649536
1265374563178819584
1265374801553698818
1265375164017127424
1265375405705498624
1265375457102327808
1265375524127416320
1265375647091867650
1265375664061874177
1265375839119687681
1265375887467347970
1265375956895592448
1265376543045541893
1265376628395446272
1265376698209579008
1265377244643561474
1265377340869300224
1265377418132377602
1265377454375538688
1265377536818794497
1265377553180536832
1265377909046419456
1265377995117735936
1265378593368166404
1265378746661552134
1265379190473461764
1265379190876110848
1265380226537750529
1265380318053142528
1265380319168876544
1265380322515906560
1265380633867702273
1265380854823559169
1265380947353939968
1265380947353939968
1265381302297079815
1265381831089717248
1265381876371341312
1265381915995111430
1265382246418124809
1265382369604915201
1265382506058199040
1265382693606428672
1265382900892971008
1265383135035998208
1265383704169459715
1265384092121460736
1265384346392780801
1265384357838991360
1265384830012846082
1265384888842293249
1265385674817093632
1265385873702449153
1265386314364383232
1265386970336956423
1265387495518167040
1265387504326197248
1265387511033012228
1265387890470801408
1265388664147701762
1265388666177888262
1265389305855307776
1265389542653263872
1265389631933054978
1265389990193709065
1265390846788153346
1265391008818356231
1265391197213917186
1265393218868445188
1265393364251238400
1265393703109169153
1265394573632778240
1265394795406594051
1265395290724421632
1265395295669481472
1265395296785141760
1265395298228027393
1265395301256359936
1265395551325032453
1265396098719498245
1265396401242017793
1265396839555059712
1265396868231634948
1265396884111269890
1265397110335328263
1265397261804212224
1265397295471869952
1265397308063207425
1265398031488184320
1265398380353728512
1265398598126239745
1265398695970955269
1265398706398015489
1265398932315791363
1265398974275616775
1265399471174758401
1265399776180346884
1265399983559213057
1265400022755131392
1265400166309335040
1265400435776598017
1265400842993074178
1265400968474173440
1265401389905313793
1265401519807004674
1265401862225829888
1265402053964312576
1265402322777190408
1265402517954990081
1265402528382046215
1265402596556062721
1265402732883644420
1265402973993046017
1265403403884257280
1265403764846088193
1265403778158809090
1265403904939962369
1265403959252078592
1265404086347800577
1265404162830934018
1265404655124676608
1265404750880821251
1265404857571147777
1265405274250149888
1265405373357359104
1265405654287757317
1265405791718211584
1265405912128208896
1265406390534840321
1265406446004510721
1265406514459602944
1265406893100580866
1265407713602793472
1265407976099188736
1265408102930747392
1265408329284759552
1265408737151508480
1265409188966158337
1265409997258870799
1265410006347927554
1265410014077845505
1265410019316518913
1265410021489143808
1265410068297777159
1265410192893566977
1265410359302578176
1265410586701180928
1265410714921041921
1265410867216232448
1265412009941585920
1265412024244359168
1265412085283987457
1265412204381253639
1265412607432892417
1265412866732994560
1265413169524043776
1265413373614751745
1265414044841721856
1265414419665674240
1265414426938601473
1265414459989909504
1265414545503330306
1265414798084366337
1265415175487623168
1265415704876126213
1265415831170752513
1265416308100866051
1265416310592176128
1265416435788062721
1265416559478046720
1265416785081270272
1265416936193572865
1265417130163556353
1265417920097771520
1265418043615858692
1265418127413821440
1265418193666883584
1265418331055697921
1265418577122746369
1265419097187155968
1265419198446125057
1265419786294571008
1265420159428235266
1265420295214686208
1265421334781333507
1265421591929733122
1265421909887315968
1265421927444815875
1265422081711374338
1265422352722153474
1265422829421424640
1265422997059502088
1265423715518623746
1265423909790285824
1265424612860493826
1265424620586438659
1265424738370764800
1265424741281619968
1265424743450030081
1265424785359568896
1265424864258580481
1265425011680202752
1265425679979446273
1265425702918250499
1265425837362483206
1265425929502953473
1265427055312699392
1265427059053965313
1265427405344301058
1265427612085760005
1265428403957764098
1265428697928159234
1265428807630159872
1265429090456256513
1265429391586148352
1265429601976803330
1265429691390922753
1265429844629827586
1265429859502678019
1265429863600545792
1265429896769056768
1265429919577845760
1265430094857867264
1265430309031628802
1265430651987128320
1265431235943378947
1265431387718344704
1265431531348037632
1265432097751252992
1265432422679789575
1265432499569807363
1265432579156697090
1265432632441081857
1265433073765814273
1265433328100036614
1265433385922629632
1265433408949321731
1265433636075012096
1265434011561799680
1265434098081947648
1265434132181590017
1265434639100936194
1265434756482838528
1265435000578736129
1265435079289044995
1265435532580007936
1265435857441492992
1265436418450567170
1265437107587149824
1265437205251514368
1265437316866174977
1265438015289282562
1265438055541821440
1265438578059948032
1265438740354404353
1265438849150398467
1265439142621700098
1265439458897379328
1265439587209408512
1265439588274716672
1265439589327503360
1265439725973901313
1265441321587806208
1265441958710743040
1265442501164519425
1265443383234920449
1265444300659269636
1265444367528980480
1265444763508961280
1265445474301095937
1265445556920311808
1265445936907595778
1265446241015660545
1265446883972886528
1265447354166992896
1265447537881812995
1265447977096753155
1265448087222394882
1265448239530049537
1265448285055201280
1265448522385522688
1265448693995581440
1265448707333533696
1265449651995463681
1265449911237120003
1265450306789400578
1265450634204966912
1265450898635067394
1265451409413009408
1265451412311306240
1265451500035284994
1265451511925968898
1265451774275727363
1265452126739877889
1265452603384696832
1265452672590557185
1265453764565241858
1265453924603105280
1265454812243431425
1265454820732792833
1265454821726806016
1265454822762766336
1265455336472940544
1265455573451124737
1265455887700897798
1265455963886153729
1265456007033040896
1265456029266919424
1265456377432080385
1265457160173113349
1265457523202678784
1265457575757148160
1265457580802887680
1265457582702907392
1265457583818588162
1265457662013177857
1265457795668643840
1265458755380142081
1265459193278070784
1265459340732960770
1265459409498648576
1265459589127876608
1265460731601797121
1265460734890094592
1265460796638859265
1265462298497482754
1265462452441014273
1265462602827804672
1265462750781648899
1265463446474235905
1265463600753389574
1265463764674961408
1265463770886868992
1265463934091513856
1265466129314656256
1265466205248331777
1265466384902787073
1265466388811886592
1265466785685336064
1265467722034565120
1265468179309948928
1265468220280102919
1265468263032651776
1265468339721248768
1265469449240489985
1265469573353992192
1265469909720461312
1265469914443218947
1265469915491782662
1265469916527747072
1265469939953131522
1265470214625468418
1265470984099966976
1265471168905187328
1265471314254532608
1265471517779001349
1265472638920556546
1265472870286856192
1265472913228079105
1265472931246686208
1265473019423711232
1265473527626567681
1265473811144749061
1265473871584452608
1265474134387146759
1265474610407096320
1265474954557927424
1265475613839757318
1265475673277202432
1265475870581555200
1265476061648900096
1265476967341514752
1265477487590469633
1265477546994331649
1265477647037018113
1265477810468118529
1265478166790803456
1265478320185053185
1265478831181377537
1265479042695696384
1265479666464370689
1265479705618264064
1265480939645394945
1265481251651309569
1265481267425865728
1265481810529546242
1265482073856446465
1265482198741893120
1265484882441986048
1265484885126295553
1265485231060066306
1265485543263125505
1265485843944353792
1265485935623503872
1265486197889040387
1265486626723151872
1265486847586611200
1265486905950470146
1265487438480388097
1265487952353918978
1265487977737670656
1265488883594285058
1265489080957231105
1265489378593267713
1265489745049722881
1265489835281666048
1265490212999835650
1265490293064781824
1265490524611522561
1265491308115709952
1265491551037382659
1265492428150255616
1265492945601470467
1265493077667569665
1265493532946636801
1265493649372168193
1265493813478522882
1265494326387367937
1265495092032417792
1265495367568756742
1265495810340458504
1265496235168980995
1265496789895036930
1265497283589783565
1265497555774976006
1265498180319354882
1265498516601876488
1265499380460773377
1265499607674601472
1265499610878967815
1265499646031519751
1265499739937746945
