1256441293170814976
1256441983717052417
1256442363779657730
1256442938101567488
1256443226367471616
1256443408282943489
1256443485558837248
1256444778679422978
1256446034865278977
1256446492983910400
1256446521211584512
1256446559811776513
1256446901022588929
1256447066181525504
1256447108032364546
1256447553777938432
1256447632278421504
1256447706685476864
1256447881638146048
1256448360652976129
1256448377522446337
1256448468802994177
1256448773015908354
1256449022027616256
1256449188130361345
1256449327020425216
1256449345555009536
1256449957990629376
1256450503204114433
1256450595025612804
1256450721689538560
1256450797149315072
1256451132416823297
1256451792919040000
1256451803232829445
1256451974809206787
1256452271988146177
1256452387436400643
1256452583973171201
1256452624876032001
1256452944930770944
1256453645236871168
1256453821015916545
1256454404821180417
1256454830840614913
1256455115873169408
1256455893207695361
1256456530465099782
1256456700141481986
1256457008473047040
1256457955274350592
1256458296661364736
1256458367259770880
1256459446370230272
1256460414134579200
1256460440114257921
1256460735250681857
1256461076138528768
1256461174700494848
1256461553722773504
1256462569692434432
1256463032533815297
1256463321252986894
1256463596688740352
1256464291772981249
1256464470748037120
1256464821102444544
1256464943500734464
1256465392463155200
1256465862770524160
1256465987546857472
1256466045835055105
1256466266258358272
1256466607360090115
1256466821219221504
1256466964379136000
1256466979424067584
1256467068402221056
1256467215567773696
1256467225331916806
1256467467410571265
1256468018982531072
1256468048166490114
1256468345529999360
1256468415331606529
1256469319338377216
1256469656002576386
1256469822889701376
1256470159650369536
1256470235202433025
1256470459547299842
1256470942106087424
1256471081965191168
1256471222159921153
1256471482022141952
1256471761111130113
1256471819596582913
1256472365447417856
1256472590505447424
1256472858424991744
1256473349439569922
1256473378686472192
1256473647587438592
1256474583906971649
1256475054491262976
1256475780911153153
1256477114649522176
1256477273114456064
1256477462571167745
1256477484838580224
1256477522486865921
1256477622881652737
1256478034078633985
1256478624657682436
1256478697391116292
1256478879843340288
1256479008717406209
1256479336682717184
1256479503699922945
1256479707425411072
1256479799117111296
1256480074028781573
1256480191100190721
1256480647536926723
1256480733490671616
1256481270495772672
1256481769286754307
1256482036769976320
1256483264874917888
1256483423683850240
1256483699496902656
1256484004301242370
1256484030201159681
1256484226515394560
1256484889693732864
1256485174583287809
1256485212550242304
1256485282221711360
1256486466877825024
1256487351733432323
1256488154799976449
1256488776357916674
1256489197315272706
1256489384498663424
1256489532498874368
1256489670256533504
1256490056644202496
1256490335355707392
1256490432978210818
1256490489886326784
1256490744589758471
1256490793444966400
1256491446573514752
1256491578400505857
1256491703307042816
1256491804012265474
1256491864607395840
1256492291277172736
1256492359539404800
1256492479437774849
1256493158290071552
1256493201063661568
1256493307833835521
1256493333964300288
1256493376372867072
1256493730405761026
1256494005703057409
1256494271546322946
1256494271324024832
1256494722895527936
1256494924146581504
1256495182846935041
1256495260772990976
1256495896008818690
1256495904309141505
1256495931891093509
1256495986194681856
1256496674714710016
1256496676723974144
1256497154169778176
1256497470772838403
1256497483011719168
1256497514519412736
1256497901783535618
1256497989503287296
1256498397005131778
1256498453351477248
1256498512398868483
1256498549266636804
1256498691814363136
1256499051471802373
1256499146502086656
1256499364945629186
1256499583380672512
1256499864063574016
1256500454596513792
1256500596380536832
1256500644808019968
1256501526081810432
1256501596130889728
1256501911739486208
1256502256691630080
1256502745391038464
1256502940459847680
1256502951306162179
1256504504486375425
1256504806669193216
1256505136136011776
1256505193950298116
1256505289370730496
1256505950007185409
1256506398810267649
1256507349843480576
1256507637828632578
1256507656539381760
1256507811443474432
1256508414584410112
1256508727978573825
1256508807745810433
1256508885487308801
1256508909801570306
1256508957444788224
1256509496240664578
1256509704450211840
1256509903159676928
1256510376210030592
1256510500969631751
1256510858546610176
1256511097630347264
1256511778780938241
1256511811601473537
1256511900608651265
1256511908905172992
1256512039381540864
1256513090826522624
1256513142714220545
1256513185626161157
1256513317977427969
1256513331453624320
1256513395219668992
1256513488765280256
1256513642272403456
1256513645615255554
1256513689261346816
1256513842387050499
1256514077939073024
1256515847486451712
1256516213368401920
1256516362924630017
1256516419870736384
1256516725748764672
1256516847438004224
1256517098395893761
1256517961193385984
1256518263317692416
1256518278299738113
1256518624191397888
1256518680730460160
1256519005151596545
1256519249188786177
1256519786424668162
1256519876224651264
1256519972806893568
1256519973318488065
1256520068898467840
1256520281826504704
1256520949500960768
1256521326887612416
1256521573676146689
1256521604282155009
1256521892023975944
1256522593429053440
1256522729609662464
1256523385053622273
1256524012253057024
1256524574289772544
1256524737876017154
1256525518796656641
1256525725210836992
1256525726276182016
1256525749223391232
1256526031105777666
1256526631499264007
1256526700743143424
1256526805785329664
1256526939696889857
1256527614493077505
1256527614543409152
1256527616783212544
1256528046980567040
1256528115913732096
1256528920326930433
1256529344400367617
1256529613779603461
1256529632930729986
1256529646373330944
1256530061492056064
1256530143419514887
1256530245131423746
1256530577030709249
1256530723877588992
1256531093907537922
1256531129236164608
1256531192565903361
1256531837326888960
1256531934601248768
1256532085206122497
1256532201623171072
1256532359479844865
1256532560605216769
1256532601638182912
1256533654672531458
1256533883329351680
1256534118210338817
1256534160790958083
1256534330551275523
1256534912909238274
1256534934895853569
1256534958513905671
1256535176986886149
1256535444000563200
1256535678805934081
1256536210727723011
1256536263836028928
1256536533655527424
1256536554471743489
1256536947096420352
1256537051148816384
1256537103695056896
1256537434252357633
1256537550732345345
1256537888201809922
1256537978983383040
1256538344999223303
1256538726144118785
1256538953265614848
1256539019749527552
1256539692264087552
1256539693300121601
1256539876083863553
1256540097421422593
1256540191013076993
1256540305693827073
1256540572472369153
1256541201928314881
1256541287970418688
1256541590522335232
1256541733455900672
1256541733917200391
1256541775801573376
1256542047487447041
1256542238894669826
1256542252572311552
1256542505870536705
1256542709205962754
1256542712435666946
1256542715468115968
1256542716713828353
1256542977763282944
1256543360975863810
1256543622574596096
1256543865823277056
1256543871431041026
1256544113928876033
1256544673667198976
1256545216355590144
1256545313785028609
1256545591921795072
1256545740521906176
1256545940300656640
1256546057317646336
1256546401577775104
1256546444196171782
1256546445248864256
1256546531148259328
1256546856731127808
1256547054370914304
1256547302044585984
1256547910847782912
1256547973615554562
1256548077386727425
1256548771649007616
1256549039249580032
1256549767213207552
1256549871319990273
1256549897282580480
1256550110239981569
1256550215391358978
1256550467791925249
1256550497890242560
1256550998832828416
1256551027647619072
1256551207952437249
1256551891233681408
1256552007932039170
1256552480730763264
1256552582170005504
1256552596933955585
1256553305066569729
1256553411123822594
1256554087446913025
1256554116832202758
1256554137052995584
1256554264333352960
1256554408034234369
1256554607410581505
1256554701895720960
1256554743884681217
1256555022160220165
1256555078682578945
1256555169547837440
1256555349974401025
1256555364176273408
1256555512855814146
1256555665033658368
1256555668640759808
1256555844407308288
1256556362299052032
1256556498987204608
1256556764885069824
1256557182570512384
1256557300312989696
1256557478843736064
1256557561945309184
1256557563094548482
1256557564147331074
1256558021293084673
1256558150292996097
1256558165434531842
1256558452630884352
1256559023228358656
1256559622019842054
1256560161361219589
1256560454429704192
1256560933247291393
1256561319966171137
1256561434932240384
1256561884641312768
1256561932313800705
1256561965368893442
1256562103365718016
1256562482367381510
1256562847741612032
1256563450475618304
1256563559154114560
1256563609938784257
1256563958598770697
1256564185082867712
1256564204724772864
1256564362434744320
1256564366251642880
1256564964430675974
1256564972764659714
1256565079920619521
1256565101202599937
1256565263052369922
1256566559775965185
1256566706652286976
1256566970528522241
1256567020705009667
1256567274481299456
1256567416978649089
1256568105444179970
1256568471241887744
1256568523641565184
1256568812381655040
1256568827862794240
1256568870053298176
1256568993898528769
1256569134189404161
1256569230494818304
1256569252108271622
1256569276905009152
1256569413869936641
1256569482681688064
1256569506157064194
1256569517959979008
1256569654375378944
1256569718066077696
1256569731030663169
1256569969028091905
1256570576929468416
1256570677022392327
1256570737948864512
1256570975497289730
1256571418273333250
1256572303690915842
1256572409823457283
1256572411970912257
1256572540018987009
1256572651532890113
1256572794470629378
1256572833209225216
1256572947730509827
1256573059366113282
1256573323539955719
1256573368519794688
1256573369883013123
1256573524107579392
1256573546886815744
1256573631217500160
1256573655821307905
1256573828303642624
1256574815340814336
1256574939303378944
1256575337464504322
1256575627693621249
1256576336321224704
1256576724940345344
1256577046966415360
1256577125106298880
1256577550781988865
1256577698765443072
1256578163485728769
1256578296017555457
1256578302204149761
1256578402322198528
1256578427009761282
1256578982977458176
1256579118931607557
1256579206517063680
1256579251974930433
1256579317938581504
1256579580879503364
1256579605210726400
1256579715122561025
1256579832139313155
1256580021197643776
1256580774192721922
1256580825933426688
1256580834892668934
1256580847370551296
1256580920372604928
1256581584733581312
1256581817022525440
1256582120086134786
1256582237551824896
1256582482461437959
1256582969013137408
1256583113234317315
1256583570824605698
1256583813347581952
1256583884239749120
1256583926581264385
1256583995225264128
1256584224360013824
1256584404429922304
1256584788577837056
1256584957117562884
1256585017557495808
1256585018564136960
1256585020287922179
1256585163309559809
1256585262303510529
1256585460408868867
1256585721206452225
1256585782812344320
1256585873975422983
1256585874327826433
1256586308241293314
1256586328956973057
1256586360166768642
1256586640396562432
1256586769174274048
1256586856050950144
1256586887365623808
1256586938364104704
1256587060154073091
1256587097638649857
1256587134342856704
1256587135374647298
1256587265582731268
1256587302903648260
1256587551223296005
1256588033341689858
1256588172777140224
1256588518362460162
1256588749481357314
1256588825876406274
1256589130894643201
1256589312096907265
1256589380417921025
1256589529693261825
1256589547619696646
1256589719540051968
1256590101389418497
1256590247179292678
1256590907891085313
1256590974878453760
1256591276746723331
1256591453846896641
1256591832517050371
1256592025199284224
1256592104744275968
1256592131516518408
1256592479782141958
1256592800994344963
1256592945622536193
1256592949049253893
1256593375752585217
1256593572737908738
1256593573086142465
1256593644980776960
1256593929924993026
1256593951441784833
1256594059830968321
1256594333547061252
1256594408453128194
1256594529253298183
1256594555941650434
1256594629954240512
1256594948759134210
1256595028601905153
1256595251633860608
1256595354797117447
1256595360123883520
1256595604597342213
1256595785543643136
1256596060643835905
1256596366584942593
1256596774522945537
1256597025161908226
1256597129243623424
1256597154321190913
1256597326614978561
1256597580261269505
1256597633763688448
1256597694136692736
1256597821920178177
1256597858893074432
1256597878082060295
1256597980624367616
1256598131703234562
1256598723548852224
1256598787511988224
1256598915887104000
1256599024808988675
1256599086138040326
1256599087975149568
1256599360504246273
1256599390870999042
1256600032985268225
1256600209330712576
1256600939508781056
1256601065560199168
1256601085239857152
1256601120119631875
1256601780890165251
1256602193924423680
1256602229739405312
1256602242486087680
1256602439513341952
1256602504642678789
1256602589875052545
1256602599215771649
1256602640206770178
1256602659425079296
1256602726550704129
1256603110908313600
1256603216273440768
1256603362335821824
1256603559132639233
1256603793770283009
1256603938062827522
1256604083236089856
1256604362278940674
1256604376552083457
1256604601614323713
1256604730488430595
1256604917936128002
1256605123750625283
1256605294320332800
1256605464105816065
1256605541541064705
1256605561904398336
1256606394914086913
1256606560358465543
1256606587688488961
1256606839174844417
1256607371566039040
1256607396924755968
1256607472648892417
1256607778401128449
1256608167179345926
1256608216210800640
1256608445354184704
1256608934418362368
1256609485281525760
1256609597290196992
1256609611534217219
1256610039407640576
1256610042008272896
1256610044646313985
1256610762941960192
1256611102181462016
1256611440011751424
1256611449599692806
1256611474115608577
1256611711571972098
1256611824348299264
1256612126329888768
1256612134089359360
1256612163617095680
1256612243837464576
1256612642472497152
1256612897972719618
1256613030713909248
1256613080311701505
1256613157398863874
1256613193553674240
1256613420075347969
1256613437561425920
1256613441562750984
1256613605400875009
1256614026081120256
1256614190334332929
1256614218280980480
1256614334756794377
1256614495713210368
1256614644392898560
1256615098191245313
1256615132962131970
1256615195813662726
1256615220451123203
1256615354815713281
1256615367864090624
1256615467856343040
1256615517324001280
1256615557371174912
1256615574097940481
1256616231903338497
1256616287591174144
1256616761555849216
1256616862210682881
1256617033158012930
1256617175495979009
1256617316755943424
1256617530891874305
1256617631391469569
1256617811876573184
1256618079511097346
1256618161945874434
1256618211321184257
1256618362068762631
1256618504289087488
1256618541878407169
1256618575575560198
1256618684367462401
1256618790101581824
1256618824536854529
1256618862751055873
1256618902043361281
1256619103902666759
1256619142318342144
1256619216985296897
1256619446917050369
1256619779223425025
1256619779726639104
1256619931938050050
1256620108560175116
1256620399753859076
1256620489293942784
1256621348081803265
1256621376611459075
1256621404557983745
1256621418181046272
1256621441027584007
1256621534254206976
1256621677468884993
1256622076766621696
1256622087524974596
1256622146132066304
1256622615910731777
1256622842197745665
1256623168032309248
1256623205067997184
1256623452993323017
1256623618945056769
1256623632568238082
1256623700985741315
1256623973640658946
1256624287039008769
1256624306265772035
1256624393847005184
1256624503443996673
1256624649288515584
1256624749242773504
1256624817404628992
1256625077883371521
1256625359744905217
1256625540544462848
1256626512100540416
1256627039123185665
1256627066063278082
1256627342149070854
1256627375292526592
1256627628511035393
1256627827295821831
1256627899026690053
1256627967465271297
1256627974469804034
1256627982518583296
1256628047203221505
1256628084989714438
1256628247493857280
1256628427693719553
1256628692262031360
1256628767713300483
1256628890791010317
1256629359219220481
1256629612148412419
1256629649033003008
1256629687465455618
1256629697536016385
1256629959336091648
1256630017238249472
1256630128987209729
1256630140366438401
1256630232800509953
1256630338647920640
1256630343932747776
1256630697353248768
1256631145770483712
1256631175520477184
1256631312066023425
1256631478449917954
1256631875713617920
1256632389620695043
1256632418330705920
1256632538547793920
1256632592767598593
1256632594382245888
1256632652528070656
1256632702033375233
1256632771218456578
1256633205697937411
1256633223293042689
1256633321934684160
1256633330784763905
1256633873296953344
1256633918087888903
1256634022106710022
1256634895796965377
1256634905003470854
1256635008921538561
1256635012159602691
1256635553682010113
1256635633927368705
1256635777624178689
1256635912039137281
1256635965243785218
1256636461215932416
1256636546381275136
1256636633551691778
1256636796546490375
1256636812535246853
1256637078353457152
1256637097999360001
1256637343244533760
1256637404582117376
1256637480226500616
1256637570907361280
1256637799454867457
1256637934205169664
1256637950822985728
1256638007429476352
1256638067701620742
1256638139931799559
1256638403614879745
1256638729231400960
1256638842117001216
1256638854146162691
1256638876816486401
1256638948140556288
1256638993757802497
1256639015039705088
1256639089597722625
1256639088356139008
1256639437162889217
1256639509833355264
1256640050223349764
1256640320089006081
1256640360731860992
1256640378553262080
1256640437340831744
1256640979920027648
1256641141962924035
1256641150775185409
1256641222891827203
1256641394015428609
1256641459782127616
1256641546826534912
1256641964067491842
1256642186323640327
1256642656324612096
1256642702655004673
1256642718966710272
1256642747034857472
1256643056759177221
1256643101290004485
1256643328319336452
1256643525518581760
1256644062603612162
1256644137270620160
1256644255327629317
1256644396252106753
1256644438878818306
1256644912856076292
1256645080284266496
1256645088018653184
1256645093605474309
1256645241731416064
1256645247800664066
1256645285889093633
1256645389761077253
1256645576256618503
1256645690358448128
1256645830922113026
1256646064892981250
1256646144458924034
1256646158195310592
1256646202814271489
1256646221843902464
1256646345273815040
1256646595191246849
1256646725026152452
1256646902768156672
1256647080694763520
1256647158385848320
1256647458547027968
1256647707680215040
1256647906657996803
1256647979739602946
1256648039239991296
1256648205070196736
1256648309604855810
1256648430073663489
1256648443314860032
1256648580527316992
1256648802930511872
1256648908626935809
1256648925961846784
1256649103427108864
1256649148591411202
1256649164785684481
1256649654516813824
1256649734174978048
1256649886067548161
1256649927528251398
1256649985975889923
1256650065638293504
1256650491829858312
1256650537220689927
1256650639951704073
1256650666178744320
1256650669336989696
1256650679004868611
1256650725058179078
1256651128877580289
1256651412982898688
1256651543828287488
1256651941364498439
1256651945571430400
1256652102518149121
1256652158684082177
1256652279622651904
1256652301311389696
1256652313755860992
1256652414385557505
1256652768540069895
1256652800173449219
1256652902694883329
1256653194274447360
1256653364210925568
1256653989900357633
1256654167021666304
1256654397410598915
1256654511881572354
1256654607281008641
1256654680173817859
1256654692135960576
1256654762226876418
1256654815280746496
1256654977126334466
1256655292932272129
1256655329166798848
1256655353149747204
1256655393670848512
1256655457092907009
1256655466555375616
1256655499833065473
1256655803479724032
1256655842981687298
1256655925307412480
1256655946622869504
1256655967133093891
1256656304636137478
1256657060961423362
1256657137738100738
1256657175977525250
1256657332186099712
1256657336422277121
1256657594841796608
1256657610163486722
1256657721098551297
1256658021293457408
1256658099185704961
1256658154164826127
1256658278530068485
1256658309328896001
1256658432712757249
1256658539625549825
1256658561511362560
1256659253869281287
1256659333498253313
1256659358168969218
1256659669646323712
1256660057925865473
1256660140041875456
1256660213278609414
1256660279506567168
1256660328924033029
1256660340642918405
1256660488982654976
1256660540123906049
1256660557110935555
1256660636576157699
1256661079989587969
1256661221006344198
1256661681066905600
1256661877230235648
1256661925615804418
1256662081409073154
1256662096101740546
1256662399702065152
1256662447093542912
1256662518308777984
1256662632372805634
1256662744834678784
1256662749175640065
1256663048980439043
1256663126696538113
1256663138839277568
1256663424593006592
1256663737202810888
1256664257883758593
1256664291555651584
1256664488734064640
1256664597437861889
1256664687460089856
1256664735191388162
1256664897623953408
1256665045829931011
1256665080332255233
1256665135810252805
1256665217313931269
1256665352559194112
1256665605718999040
1256665642163417088
1256665643836940291
1256665677244571648
1256665689705852931
1256665802222247941
1256666153067274242
1256666180208730118
1256666346470989825
1256666349444751360
1256666391752687616
1256666518303236096
1256666548862943232
1256666552654594056
1256666820498595842
1256666842753630216
1256666962110939136
1256667175768797184
1256667490538659845
1256667722592792576
1256668091636998144
1256668399234699264
1256668609159417856
1256668700343783425
1256668845244395520
1256668863636410369
1256669296916418581
1256669386464727045
1256669553247096832
1256669564475183106
1256669653583216641
1256669831077810176
1256669871112323072
1256669900908552192
1256670009553805312
1256670186838654979
1256670314387439616
1256670368783380481
1256670534215049217
1256670696408846338
1256670703396372485
1256670723646599173
1256670779388956672
1256671131765026816
1256671161754189826
1256671270642626561
1256671310199095296
1256671444370587649
1256671556987752454
1256671646510768138
1256671772679626752
1256671964359507969
1256672053127716864
1256672231486296066
1256672292060442624
1256672320753676290
1256672445362290688
1256672498772557825
1256672569421205504
1256672587037446145
1256672677592551425
1256672814741979136
1256672865778368514
1256672971101528065
1256673057516802049
1256673090534354944
1256673188483862536
1256673504088297472
1256673592978399233
1256673610036633608
1256673685479571460
1256673798864007168
1256674056738390017
1256674280017928195
1256674309390635009
1256674641621454848
1256674714270998530
1256674908366651394
1256674996874813440
1256675173996154883
1256675327650213889
1256675351629041667
1256675528460980226
1256675730282471430
1256675745100894208
1256675755016290304
1256676100308008960
1256676343078621188
1256676455993479168
1256676487559815168
1256676646133862408
1256676804007518214
1256676973184573440
1256676973855649792
1256676975227187201
1256676975139160064
1256676991736123396
1256677232795402240
1256677314819248133
1256677834506059777
1256678258520793089
1256678302313590785
1256678356906622977
1256679222585823239
1256679312067084293
1256679357051011072
1256679432506540034
1256679461845598213
1256679811906445312
1256679881229942785
1256679969905946624
1256680121974611969
1256680147635372038
1256680236386828288
1256680316762238976
1256680413650698245
1256680592411934725
1256680620207616000
1256680769927462916
1256680841129766912
1256680982163398656
1256681012861550593
1256681014400659456
1256681208378867712
1256682216043827203
1256682382633111552
1256682547578208256
1256682610656514048
1256682636279525377
1256682715006619649
1256682746791034880
1256682814017286145
1256682847106105344
1256682902655557632
1256682947828158466
1256682985291755520
1256683079843885056
1256683178107887616
1256683206734155776
1256683209359843328
1256683257443291137
1256683275411652610
1256683651359813632
1256684187521880064
1256684252533608449
1256684620877365250
1256684812733157377
1256685031906594817
1256685211955445760
1256685499688894467
1256685565564669953
1256685669289807879
1256685742727794690
1256685885615214593
1256685920192995328
1256685983975833600
1256686097570160640
1256686111050661895
1256686297525166081
1256686796953485312
1256686814334681091
1256687019704582144
1256687027111723009
1256687088528809985
1256687262961672192
1256687421896323073
1256687873790787586
1256687948826902529
1256687962353479680
1256688022604713991
1256688139692900354
1256688406559629313
1256688422808412166
1256688583693434880
1256688760613474304
1256689372461752323
1256689386307100674
1256689552585969666
1256689657011752960
1256689664687255552
1256689880744235008
1256690068598722563
1256690192225832961
1256690536683053060
1256690558090776577
1256690625543655429
1256690724004941825
1256690802610356224
1256690946197958656
1256690997393833984
1256691070135676931
1256691247605002240
1256691313526923271
1256691975681646593
1256692578839195649
1256692931236212736
1256693200930177025
1256693289882980353
1256693467369091075
1256693555772391424
1256693610294149121
1256693732889563140
1256693910216290304
1256694044941602818
1256694070828625920
1256694086993612807
1256694087664599040
1256694338295410689
1256694405987213318
1256694457400991744
1256694607318040578
1256694772304973824
1256695339886587905
1256695441174917120
1256695674466271232
1256695862304083969
1256695952066383874
1256696045968543745
1256696129531580417
1256696143112810496
1256696218606014467
1256696396146761730
1256696423392968708
1256696538421694466
1256696573796528132
1256696660811550726
1256696817896562688
1256696998624784384
1256697179416059904
1256697350816280576
1256697610129117185
1256697654416945152
1256697903130783744
1256697975977508864
1256698335538397193
1256698357566881793
1256698371227738118
1256698527163518977
1256698615436902400
1256698793837371393
1256698834908037125
1256698882760814599
1256698963891310598
1256698992492068864
1256698992492068864
1256699026038239232
1256699059731128321
1256699237200527360
1256699414447566849
1256699780476043264
1256699857449951234
1256700055530213377
1256700187529154560
1256700203282939910
1256701039136378885
1256701071759638535
1256701096132829187
1256701190865408008
1256701221647396866
1256701233563303943
1256701279499431936
1256701422894227457
1256701456754921475
1256701545648926721
1256701590884540417
1256701669691326464
1256701674430873602
1256701709163786240
1256701722728300544
1256701741959184386
1256701899820146689
1256701904731738115
1256701921341169665
1256702000575721472
1256702077121765377
1256702386120224768
1256702464004362244
1256702554559451137
1256702565066117121
1256702882277187584
1256702953819422722
1256703451716890630
1256703520482312193
1256703603361886209
1256703642998095873
1256703675520745479
1256703807469355009
1256703853644349443
1256703873210695680
1256703928030330886
1256703942282678272
1256704092300292099
1256704119718457344
1256704208474181640
1256704208457342976
1256704335653662720
1256704385754828806
1256704408299147264
1256704562985123846
1256704739682725889
1256704752794177538
1256705016062238720
1256705147146768391
1256705360062296064
1256705385504870408
1256705746332459008
1256705958195183618
1256706473050157057
1256706600003231744
1256706617371848705
1256706820036374528
1256706856501772288
1256707042078683136
1256707042238029824
1256707117991563266
1256707237155950594
1256707381473378304
1256707577079005185
1256707641390309376
1256707678883024897
1256708262164135940
1256708598006243329
1256708687177019392
1256708864080334849
1256708865938255873
1256708892169510921
1256708955973324800
1256709068733001730
1256709297939124224
1256709301302964225
1256709488712835082
1256709714450083840
1256709734968832000
1256710094328401928
1256710125257060352
1256710379570372610
1256710669677854722
1256710671187816449
1256710694977720320
1256711194179768324
1256711601094307840
1256711774453346304
1256711943940907008
1256712328718036993
1256712391703715840
1256712912095363072
1256712991107620865
1256713163535499264
1256713171928264704
1256713253641768965
1256713318749753349
1256713381958090758
1256713411896856576
1256713466863333376
1256713469925220352
1256713749706297346
1256713823588777984
1256713903360352256
1256714000919932928
1256714124769161216
1256714398971854857
1256714442018099210
1256714651074801664
1256714701880385536
1256714723162116096
1256714750462955523
1256715112745963522
1256715216697438208
1256715246389075972
1256715419861336064
1256715909957324800
1256716069357543424
1256716601585532930
1256716627661520896
1256716774223028226
1256716791667032064
1256716856905195520
1256716989764194305
1256717064225644544
1256717120303325184
1256717320510222336
1256717623443644416
1256717950163324928
1256718118124126209
1256718160444735488
1256718177070919680
1256718237800300544
1256718274366181376
1256718683327664128
1256718933530468354
1256719155325284352
1256719432975556608
1256719597392314370
1256719643042910210
1256719856872767489
1256720004818534400
1256720206375849987
1256720291918573568
1256720430062174209
1256720615307952134
1256721087913656321
1256721510712164354
1256721548871901186
1256721668837462018
1256722018658967552
1256722019804016642
1256722020454170624
1256722021523701760
1256722069066260481
1256722221654999041
1256722549435760642
1256722566863036416
1256722694952718336
1256722729169977345
1256722897059614725
1256723012965056513
1256723238954184711
1256723306482409473
1256723371267706883
1256723652638322688
1256723659919589378
1256723706816204800
1256724336976822283
1256724659371773952
1256724754293239816
1256724773759000578
1256724813269405703
1256725017150156800
1256725068459192321
1256725120770543616
1256725385489920002
1256725739703074821
1256725845252681728
1256725962458312707
1256726148299530240
1256726316650545156
1256726385185480704
1256726438025269254
1256726526487396358
1256726740207931392
1256726793408610305
1256727087559385089
1256727309140328449
1256727539411759106
1256727611226705923
1256727900415422464
1256728093085052929
1256728169190756352
1256728239562731521
1256728488461193216
1256728511424933893
1256729181217415168
1256729227421982723
1256729524701626368
1256730272185364481
1256730744065601541
1256731435236548617
1256731506111733760
1256731546859552770
1256731716481355776
1256731717613891595
1256731944672526339
1256732239494291457
1256732423099990017
1256732450279034880
1256733268914909185
1256733433247694850
1256734031032528898
1256734179582267393
1256734219038007298
1256734287908528129
1256735732091289603
1256735876907970565
1256735924198801409
1256736042570432512
1256736069015535616
1256736099776507905
1256736706708955136
1256736728624357389
1256736792469893120
1256737040873533440
1256737043264274438
1256737061224284163
1256737240643846144
1256737246343921664
1256737257869807617
1256737266061340673
1256737556122734592
1256737751988416514
1256737809379069955
1256738255573139456
1256738309813997574
1256738371398926339
1256738376067284992
1256738570636857344
1256738868071673857
1256738975739449344
1256739321429794816
1256739334004314120
1256739428833378305
1256739615601459205
1256739658890969098
1256739687705776129
1256739876197679104
1256740051813351425
1256740446488985601
1256740497923747844
1256740504030646276
1256740576243875840
1256741026917564417
1256742030270541825
1256742135195471879
1256742145089843200
1256742311310041088
1256742524191936514
1256742552776126466
1256742562582454273
1256742917399621644
1256743184417374208
1256743287118917633
1256744834674630659
1256745308937224192
1256745875046428673
1256746350177398786
1256746514287702016
1256746677903462400
1256746800804794368
1256747044754132992
1256747057584525321
1256747066371473408
1256747079285735426
1256747090799210497
1256747184650809344
1256747309238493184
1256747396660432897
1256747438158815234
1256747887813373952
1256748231465275393
1256748427662315520
1256748443499986944
1256748588241244160
1256748735318700032
1256749018866163712
1256749158653988866
1256749168699326464
1256749189989650432
1256749216879255558
1256749532416823305
1256749723928715267
1256749752403836934
1256749804836790277
1256749955223629824
1256750242990444544
1256750322015514626
1256750544422498306
1256751088050434048
1256751736020185088
1256751848251416578
1256752348996591616
1256752350108106752
1256752439849607170
1256752526713651208
1256752690798919684
1256752698495565832
1256752744712605697
1256753021633138689
1256753268790898690
1256753640032931840
1256754155504275456
1256754182503256064
1256754290863079424
1256754624935137286
1256754992834392066
1256755259076157441
1256755423903965185
1256755499355254784
1256755960602910720
1256756142946103296
1256756742823837696
1256757041605095424
1256757206252478464
1256757307968552968
1256757312494071808
1256757735691038721
1256757810009948161
1256757972862197760
1256758427692351488
1256758464442970117
1256758637474664450
1256759155727249408
1256759186165239809
1256759210177466368
1256759640454344705
1256759642601865216
1256759643704922113
1256759644875141120
1256759647505014786
1256759648813604864
1256759649342119936
1256759678861705217
1256759765520183296
1256760116537368576
1256760233352925184
1256760525192486912
1256760696026562560
1256760706130677762
1256760709150629890
1256760805497942017
1256761022221889536
1256761348186411015
1256761607381831680
1256762273135296513
1256762722701594624
1256762729068724225
1256762933150912512
1256763209404551168
1256763299041067008
1256764125633527808
1256764441342943232
1256764759111852032
1256764826531004416
1256764877705818115
1256764921192353792
1256764924165885957
1256764972895526914
1256764997071405056
1256765544042242050
1256765757175799808
1256765806060470272
1256766032410222592
1256766581935349765
1256767017744568327
1256767020118560768
1256767083234291713
1256767190520348673
1256767194001575936
1256767196157472771
1256767641555021824
1256767962918387721
1256768192330059778
1256768371946860544
1256768881122828288
1256768953411686402
1256768978795532289
1256769320547483648
1256769579084210176
1256769825315135489
1256769996732186629
1256770248537235456
1256770292501839872
1256770298625622017
1256770846527348736
1256771004476489733
1256771134923644928
1256771731106209795
1256771904142290945
1256772041191108608
1256772183357042692
1256772241351720960
1256772777081798658
1256773149770776578
1256773655855538176
1256773766400684033
1256774863622045696
1256775106174517254
1256775174214434817
1256775240970956800
1256775404808998912
1256775518151639040
1256776333268602880
1256776448934887427
1256776520300933120
1256776611329986560
1256776899264745472
1256777344783732736
1256777964949250049
1256778058008313857
1256778190674104326
1256778232092782592
1256778335914536962
1256778460460126215
1256778667868512256
1256778689695580160
1256779386088566784
1256779976050786304
1256780448774205440
1256780907970588673
1256780967374663683
1256781020306735112
1256781084072837120
1256781104515887108
1256781611850510336
1256781715034591237
1256781909591392256
1256781910673461250
1256781911755616256
1256782150264926211
1256782282884558857
1256782487176560643
1256782772531793925
1256783403975872515
1256783730812715009
1256783918889668609
1256784226311077890
1256784464476340225
1256784483858120707
1256784733440299011
1256785253823381506
1256785487127289857
1256785490898030592
1256785594899890177
1256785798260764672
1256785971754029056
1256785990229737472
1256786982409244673
1256787190715162624
1256787276610170881
1256787289243561984
1256787299934887940
1256787844888252417
1256788138829070337
1256788244991291393
1256788405024776193
1256788654573436931
1256788769128067073
1256788925953323009
1256789006504910848
1256789007725481984
1256789176072241157
1256789682408632323
1256790206252015620
1256790267568545792
1256790268898160640
1256790738018471937
1256790910731456513
1256791081930416129
1256791389796474881
1256791412877807618
1256792038227341312
1256792119961882630
1256792501568094209
1256792597655420928
1256792663614881793
1256792981425831936
1256793006507798531
1256793398796791810
1256793492325531650
1256793512273723394
1256793943133630465
1256794320394469378
1256794462530924544
1256794551639048192
1256795385047199745
1256795463665233920
1256795528777646080
1256795881912688642
1256796643208224768
1256796655153635328
1256796657552744449
1256796841686925320
1256797186098171906
1256797408597471233
1256797598574354437
1256797909816926214
1256798053811527681
1256798161684901889
1256798287048425477
1256798288164139009
1256798323878449154
1256798367377735681
1256798679354290176
1256798754306494464
1256799187494109184
1256799675958493185
1256800198229217282
1256800239207538689
1256800314155565056
1256800358032162816
1256800888951386112
1256800947671633921
1256801549164204033
1256801770636029958
