1266587694261587969
1266587714243231745
1266589221030113280
1266589328421117953
1266590210516815872
1266590274169569280
1266590595687960576
1266590967110553600
1266591236397379585
1266591458901078017
1266591508142022656
1266591617797980160
1266591930361798656
1266591961600929792
1266592054336868353
1266592055402233856
1266592056442408961
1266592584584978432
1266592605829300224
1266592883768987654
1266593650508574720
1266593766850408448
1266594781850992640
1266594875060809730
1266595216703852544
1266595242544902144
1266595398690328576
1266596080986120192
1266596202679685120
1266596620860362752
1266599069167882244
1266599906229141505
1266599919118319620
1266600864954777602
1266600927932215298
1266601173668241411
1266601744873607168
1266602048142872577
1266602142913236993
1266602269946122241
1266602633877491713
1266602637064994822
1266603563184160768
1266604239746412544
1266606119465738241
1266606666486857728
1266606903469068294
1266607181723467778
1266607197884203013
1266607274254098432
1266607404143251456
1266607503799922688
1266607577963601921
1266607758855544832
1266610302554124288
1266611362416988160
1266611941147017216
1266612013012103168
1266615379218116609
1266616062935793664
1266617192789016577
1266617914636922880
1266618398529683457
1266618458910973952
1266618484722552833
1266619629323108352
1266619634360430593
1266620028062859265
1266620088209334274
1266620226575036417
1266620391721664517
1266621255605682180
1266621755247915015
1266621881223770116
1266621882859614208
1266622484058603526
1266622650224386050
1266623541090422784
1266623993169264641
1266626117127090176
1266626430466588672
1266626547928227840
1266626791231365120
1266627231708741632
1266627397408796674
1266627458197082112
1266628129675599882
1266628419674136576
1266629032201744384
1266629132479131648
1266629216227004416
1266629951710691329
1266630724913901568
1266630747131121666
1266631059342422016
1266631353132515328
1266632017988509696
1266632353797025793
1266634189304184833
1266634939233075200
1266635787208179712
1266637563391086593
1266637606768349184
1266638020314267650
1266639247798403073
1266639391822315520
1266640596678082560
1266640844876021761
1266641327200051202
1266641884132200451
1266642636351270913
1266642829914365952
1266644483573256198
1266644486698000385
1266645577196019714
1266646107028893696
1266646262268465152
1266646946661511170
1266647349352370176
1266647402590679044
1266647487265333248
1266647800437063683
1266647943953690625
1266648600513114115
1266648778288828423
1266649145185452033
1266649378611216385
1266652416323264512
1266652528227254272
1266652648729653250
1266653026217066496
1266653028817547264
1266653060975165440
1266653204126851077
1266654002244173824
1266654113753903105
1266654220645814273
1266655309889777669
1266655862271197184
1266655907276042240
1266656558416617473
1266656979256213505
1266657243392380928
1266658871432470529
1266658913514131457
1266659185221124096
1266659941840011264
1266660226477981698
1266660632633499648
1266660647552512000
1266660844642975744
1266661685932277760
1266661843302584321
1266661919127228416
1266662336053608449
1266662489779027968
1266663415298379778
1266663614322061317
1266663975468531713
1266664140686405633
1266664333037178886
1266665410457460737
1266665477755023361
1266665672534142976
1266665716733919233
1266666132901158912
1266666167915044866
1266666171757035527
1266666519796133889
1266666833668685826
1266666880900698112
1266667791131828225
1266668423737638917
1266668664654368770
1266669155358564352
1266669755471204362
1266670068932337669
1266670091674038272
1266671732980699141
1266671953718521856
1266673137720217600
1266673363130421255
1266673744191373312
1266674127563378688
1266674306832007168
1266674620624756736
1266674990474240005
1266675230753333250
1266675975045210112
1266676107178201089
1266676108260282368
1266676242771849216
1266676298728058881
1266676372258381824
1266676495042281472
1266676605440733186
1266677227489542146
1266677521744986112
1266677903841832960
1266679087281721345
1266680345333608448
1266680826881871872
1266681272622972928
1266681273671577600
1266681448209297409
1266681768297414657
1266681953077596165
1266682186893127680
1266683084210089984
1266683558296465408
1266683750827593728
1266683771316629505
1266683989772791811
1266684160615174144
1266685527664865281
1266685889431953409
1266686303761870849
1266686362880794626
1266686444992696325
1266686679605063681
1266688624231436288
1266689270904844294
1266689509481218050
1266689548244914176
1266689579664326662
1266689684765151232
1266691089974493185
1266691624450621441
1266692343610191872
1266692785211572231
1266693208001650689
1266694380326289409
1266694847525765121
1266694876105670664
1266694876969787392
1266694877896757249
1266694879712817154
1266694880664924160
1266694884423077888
1266694886281142272
1266695987394830336
1266697126463131653
1266697325428330496
1266697814064664577
1266698008797818880
1266698672320008193
1266699313595498496
1266699343601512450
1266700193589755904
1266700639264026629
1266700995679211520
1266701057268355073
1266701213325766662
1266702057941106690
1266702205731713026
1266702542848884736
1266702563254116360
1266702697165717504
1266702772944150529
1266702773963444224
1266702776756768768
1266702777641828353
1266702856477986816
1266703252864860162
1266703262880849923
1266703317977174018
1266703781212741632
1266704489748324352
1266705393574690816
1266705977535016960
1266706020971302916
1266706334902337537
1266706335808266240
1266706336722583556
1266706381454954496
1266706513097371649
1266706680022290434
1266707219141349378
1266707432731901952
1266707778929901568
1266708179813109760
1266709122860244993
1266709356848054272
1266709507184484352
1266709581742235648
1266709958491385856
1266710131716358144
1266710145343664129
1266710269889314817
1266711870565687297
1266711938391838721
1266712404588716033
1266712430249480193
1266712431142862848
1266712433994989569
1266712435039272961
1266712435999850496
1266712499287732225
1266712807531139072
1266712897964695552
1266713354246258689
1266713606076293121
1266714604521918464
1266714631453790210
1266714792653398016
1266714905274650624
1266714968042475520
1266715450303557632
1266715923999752193
1266716064097894401
1266716126580543488
1266716174303342592
1266716459557957632
1266716701812502529
1266716768778641408
1266716888903626753
1266717034320101378
1266717064770785281
1266717366504706049
1266717882043564041
1266718277914460163
1266718371535413249
1266718377885614080
1266718417316429826
1266718630294753281
1266718828127543299
1266718893575483393
1266719183569596416
1266719299823075328
1266719378038575104
1266719468606103552
1266719493260271618
1266719568858406912
1266719709996744707
1266719913399537671
1266720032882659328
1266720436043296773
1266720532935913472
1266720848032878593
1266720901271183363
1266720902353305600
1266720912298184704
1266720934578225152
1266721071295877124
1266721245552353280
1266721973142511616
1266722251048615936
1266722428065140738
1266722499787739136
1266722566078631939
1266722866340466689
1266723032648814595
1266723229843914752
1266723585810464768
1266723799690620930
1266723859157282819
1266724255397535746
1266724350612430850
1266725015107416064
1266725063270600704
1266725234096377856
1266725337754243075
1266725764139036672
1266725838638243840
1266725937099313155
1266725938315661314
1266725939540406272
1266726206763909120
1266726297184751622
1266726316545585155
1266726414100975617
1266726907762085896
1266727530729529344
1266727933659492352
1266728004950077440
1266728779751317504
1266728833379520512
1266729913417175041
1266730523390427136
1266730780593729536
1266730878920613890
1266730990136778752
1266731309411586048
1266732034686320643
1266732262785273872
1266732280896159745
1266733036068130820
1266733458207969281
1266733548750483456
1266733665675067392
1266733906969137152
1266733935507234817
1266733940968128512
1266734042537435139
1266734806592663553
1266734896921313282
1266734900322983937
1266735024994488329
1266735349390364672
1266735406474723328
1266735679121342466
1266735751351451650
1266735802093940736
1266735883958484992
1266736225181765638
1266736440005873664
1266736622571098112
1266736645887258630
1266736754264084480
1266736846568112128
1266737068039983105
1266737274546511877
1266737291705401345
1266737712113090561
1266737857198206984
1266737891637682177
1266738049398046721
1266738113340194816
1266738213214961665
1266738406626865154
1266738440483323905
1266738794902028292
1266739063555387392
1266739244162338816
1266739492875939840
1266739505018568704
1266739553684959232
1266739797390962688
1266740535424741378
1266740609060044803
1266740809635893249
1266741174196305921
1266741175425236994
1266741312276975616
1266741494968274949
1266741678947225600
1266742089586544641
1266742118166429696
1266742177385889794
1266742240254230535
1266742414397468672
1266742441245175808
1266742446748295169
1266742548497825793
1266743022076731393
1266744018207150080
1266744052948570113
1266744789317361668
1266744819235328000
1266744963834019842
1266745028610674688
1266745224170139648
1266745871582007302
1266745927823429638
1266746153552445441
1266746447426228225
1266746859386699778
1266747066396684288
1266747202518450176
1266747515019370500
1266747522590085123
1266747751829770240
1266748500437610497
1266748554166579203
1266748853535019009
1266749144053321729
1266749539832287233
1266749705213693952
1266749710502711302
1266750120852414465
1266750404093591553
1266750416651538432
1266750765655306240
1266750960002576384
1266750996753141761
1266751413951983622
1266751868614709248
1266752259972571137
1266752503317585922
1266752640072986625
1266753084191133699
1266753137941057536
1266753771121631232
1266753944912637952
1266754781261058049
1266755063843885057
1266755090691522560
1266755615877140480
1266756134674657281
1266756135714828288
1266756136767635456
1266756138743107584
1266756139791704064
1266756269123293184
1266756779830108161
1266756947065405440
1266757106427924480
1266757165169160192
1266757174447026182
1266757502508597248
1266757554765541377
1266757988326539264
1266758108069744641
1266758874599763968
1266759072302366722
1266759659160924160
1266759675774566400
1266759782335217665
1266759782221991936
1266760123457961984
1266760272955359232
1266760580033138690
1266760825752227841
1266760830323810304
1266761276421820416
1266761308789256195
1266761383116496897
1266761759538311168
1266761770288513027
1266761961720688640
1266762543525179399
1266762754775343105
1266762957242994689
1266763232921911302
1266763453982666752
1266763509867700226
1266763563542208517
1266763678751260672
1266763826776682496
1266764138274975746
1266764253500968961
1266765202676232193
1266765664527712256
1266765705657155584
1266766050839924736
1266766054673522688
1266766354683740161
1266766431477288965
1266767044902563846
1266767138246684673
1266767207217934337
1266767328382980102
1266767470267949061
1266767593857265664
1266767721519132672
1266767877346144259
1266767899840167936
1266768191071674368
1266768687190720512
1266768700750921729
1266768872260210690
1266769465930330113
1266769655919763457
1266769918311235585
1266770357421314049
1266770571796283393
1266770823777587201
1266770955759767552
1266771120377573376
1266771121522700288
1266771122743197697
1266772216949030912
1266772536341278720
1266772623985385473
1266772646001209344
1266772676409872384
1266772755279732736
1266773190820364289
1266773298907619328
1266774025952509952
1266774449396674561
1266774553851813895
1266776410498248713
1266776586080194562
1266776592250032128
1266777031381057539
1266777078474723335
1266777230002270211
1266777452803575809
1266777666297802752
1266777797801934851
1266778026349670404
1266778209519128576
1266778261859831812
1266778785761771520
1266778894939623424
1266778932537417728
1266779933659062273
1266779955595182083
1266780084905615362
1266780116551700480
1266780457187893255
1266780622607003649
1266780988337786881
1266780993769345031
1266781266814423040
1266781278751215619
1266781298925813760
1266781369100914688
1266781380308021254
1266781458477318145
1266781586168610819
1266781730796498945
1266781803148226560
1266781984388517889
1266782140508917762
1266782293147947008
1266782580042498049
1266782580638199808
1266782767364411392
1266783481977360385
1266783527904989186
1266783615683383297
1266783864632066048
1266783998015156232
1266784097160085511
1266784181545250819
1266784369747931139
1266784380254650368
1266784517223841792
1266784677039349761
1266784927019864066
1266785279379005440
1266785409054490625
1266785409050251264
1266785433922400257
1266785554395521024
1266785690672599041
1266785981543231491
1266786336934998016
1266786386578898944
1266786657488994305
1266786993733763073
1266787049303990272
1266787166178480133
1266787236340793347
1266787336463024128
1266787723207008256
1266787733059452931
1266787784129417217
1266788163730780160
1266788347336372224
1266788591717552134
1266788978746949634
1266789090810187777
1266789333656383488
1266789362622246912
1266789661000847360
1266789929608261638
1266790370215628802
1266790392378413063
1266790424074547200
1266790477216526336
1266790730292514817
1266791142315737089
1266791363598843908
1266791453667155969
1266791490715598851
1266791655157510145
1266792274266148864
1266792568442028034
1266792851947618304
1266793870593069056
1266794293202685953
1266794876278124548
1266795109322051584
1266795276192362496
1266795496653443074
1266795519268945920
1266795741714014210
1266795819321249797
1266796061588426755
1266797002697986048
1266797162156957696
1266797475349827584
1266797984282480644
1266798289980133377
1266798456741429248
1266798491302596608
1266798680637689856
1266799025963118594
1266799142132682752
1266800929610690561
1266800930135044096
1266800930898317313
1266800931284217856
1266800932014092288
1266800933041614854
1266801487126032386
1266801690344292352
1266802004174802945
1266802524624949249
1266803273480179715
1266803347320946693
1266803445421367296
1266803727383646208
1266804390029074435
1266804660024889345
1266804689351278592
1266804711010664448
1266804852794912768
1266804987050500101
1266806081738682369
1266806462711562246
1266806560182931457
1266806725732114432
1266806785752645636
1266806845974478854
1266807277018808321
1266807359105613824
1266808163728318465
1266808188013211649
1266808693535813632
1266809172617822208
1266809177084760065
1266809183405400064
1266809749368176640
1266810174486044675
1266810498361651200
1266810635045744643
1266810675801862145
1266810759117516801
1266811071983243266
1266811204971884544
1266811674746654721
1266811689892286468
1266811877981515776
1266811957744504832
1266812899735060484
1266813704819159042
1266813924139323395
1266814138501783553
1266814832147402758
1266815365335654401
1266815407467442177
1266815666184577025
1266815730424647681
1266816429770375170
1266817153468170245
1266817229057908737
1266817428941680645
1266818076516904960
1266819055245295616
1266819165349801985
1266819508062359554
1266819872274726915
1266819938506981384
1266820441894793218
1266820503961911298
1266820545460547589
1266820582479454210
1266820794996359168
1266820855000190981
1266821251370270725
1266821489518510080
1266821565787729922
1266821636428312577
1266821825755045895
1266821826740662272
1266821950019682305
1266822102532919298
1266822536660164610
1266822666494844936
1266822867204870145
1266823520777994240
1266823665540349953
1266824373576634369
1266824489897283586
1266824838309482497
1266824839949672448
1266824965468405760
1266824975660400641
1266825669750804480
1266825706740150273
1266825986227818499
1266826167061024775
1266826325865762817
1266826590303879168
1266828043756044288
1266828478000889858
1266828515963437061
1266828775079190530
1266829514329522178
1266829738053697544
1266829788133687298
1266829923831947271
1266830114526048256
1266830229668012032
1266830749254201344
1266830776265474048
1266830808096149504
1266830882628710402
1266830883585060864
1266830884105121792
1266830884579102720
1266831609262673927
1266831672244203521
1266832250496311296
1266832306691608576
1266833023040925697
1266833114833305601
1266833337773101059
1266833397894180864
1266833501451702272
1266833752493379584
1266833802246205440
1266833823888625666
1266833892146847745
1266833903953870850
1266833932302970880
1266833965241053191
1266834026079215616
1266834464136736770
1266834677899419654
1266834681896591361
1266834682907410432
1266834916983156736
1266835458031583232
1266835498825375747
1266835666890969088
1266837638968946691
1266837789309652992
1266837997313568768
1266838223990505473
1266838264369098752
1266838281439723522
1266838520808833025
1266838535245451269
1266839515961921537
1266839696421859334
1266841112762888198
1266841488979382275
1266842199750332416
1266842552893943817
1266842555783745536
1266842713711837185
1266842934336512005
1266843070152220674
1266843292421013508
1266843489175814144
1266843501121028099
1266843819494051842
1266843947936161795
1266844025304334343
1266844189179985920
1266844265386094593
1266845147972734976
1266845725335277569
1266845726408990720
1266845727507968000
1266845728330022912
1266845729378582528
1266846091502186496
1266846491836112896
1266846890936565760
1266847161871994884
1266847253496565762
1266847347516022784
1266847618660999168
1266847645139636229
1266847981107544066
1266848125177810948
1266848272439816194
1266848926776414209
1266848959894556678
1266849036268638208
1266849091784454144
1266849286421184518
1266849728748294144
1266850085155016711
1266850319323009030
1266850767274741762
1266850943162777600
1266851092211462144
1266851243810586624
1266851393954078720
1266851867507789825
1266851929654779907
1266852703159926784
1266852868071424001
1266853023352942592
1266853030386860033
1266853074322276353
1266853268677898240
1266853511498797059
1266853561725485057
1266853803552358406
1266854078417473536
1266854202178965506
1266854539191218176
1266854790878965764
1266855088326422528
1266855092919193607
1266855191753773057
1266855662706966528
1266855751374569474
1266855823655010306
1266856190564347905
1266856451739316225
1266856561240166400
1266856924319866880
1266857164917936128
1266857308270854144
1266857352839471107
1266857656008015872
1266857931334656002
1266858219797970945
1266858229067284483
1266858286676168704
1266858300999716865
1266858962143625221
1266859103953059842
1266859242486665218
1266859399013969920
1266859747812110337
1266860464648093697
1266860674044448768
1266860700548251648
1266860817846349828
1266861235586232320
1266862528010878977
1266863329051639809
1266863353554706432
1266863759265538049
1266863818782601216
1266864084550586374
1266864162354761729
1266864255732613120
1266864588798095360
1266865422638481408
1266865727828623361
1266866435135021056
1266866622196826112
1266866839554007040
1266867328899301376
1266867466082365443
1266868212257480706
1266868236320153600
1266868296244224000
1266868683755978752
1266868963151052802
1266869212204748800
1266869511631761409
1266869722504724480
1266869740305362944
1266870372764434437
1266870790760411136
1266871085141614593
1266871462503251968
1266871721778348037
1266872047336132614
1266872059692490755
1266872076264181760
1266872615341379586
1266872644693098498
1266872913409593346
1266873032414543872
1266873320596819969
1266874781112176648
1266875208146792448
1266875343920680961
1266875555711823874
1266875588305915906
1266875662222217218
1266875718484582400
1266875753716764672
1266875790366519303
1266876134244876290
1266876135805194241
1266876325895290884
1266876349618237440
1266877072661786624
1266877291373768706
1266877296826363906
1266877751992086529
1266877931042848768
1266877936763916290
1266878298505859074
1266878371885207553
1266878550889594881
1266878587271077888
1266878588189638656
1266878615582539781
1266879144379453441
1266879193796669446
1266879301900787716
1266879441323675649
1266879462311964674
1266880041746608131
1266880177239404545
1266880255504965632
1266880611282812934
1266880665280184326
1266881017886814208
1266881330379468800
1266881724786577410
1266882023496581123
1266882118812143616
1266882362526371842
1266882958906048513
1266883172719001602
1266883410603192323
1266883769174294533
1266884126679826433
1266884489294348292
1266885378960773120
1266886002338967552
1266886897940529153
1266887101376757762
1266887151293259776
1266887237880381440
1266887259711774720
1266887496845180934
1266888145481728001
1266888563766984704
1266888637029011456
1266888738292072448
1266888747150381056
1266889242120122368
1266889349309911042
1266889534727479296
1266890760269508609
1266890765520814082
1266890910882648065
1266890964481736704
1266891051194896386
1266893309923995648
1266893367872454658
1266893986444251137
1266894247430516736
1266895181023834117
1266895300666392578
1266895309847891968
1266895422322171910
1266895829786214400
1266895877089656836
1266897051650064391
1266897275286102018
1266898234120843264
1266898555123499008
1266898601764159489
1266898815166144513
1266899432613740545
1266899994881273873
1266900199353405440
1266900237119107074
1266900345592176640
1266900428291219458
1266900739181424640
1266900943691550724
1266901368951857152
1266902709682286594
1266902719249428480
1266903310533099522
1266903318569324547
1266903423766724609
1266903578612043777
1266903861299568640
1266903976659898374
1266904213516320770
1266904254649978883
1266904459197677568
1266904502256283652
1266904602630381568
1266904992373526530
1266905395248988164
1266905620457775106
1266905620650749953
1266905766973394948
1266906100210769920
1266906189213958145
1266906400879411200
1266907018281050113
1266907196169678848
1266908765678383106
1266908804307976194
1266908896989347841
1266908898851606528
1266908960168296453
1266908967059537921
1266909206772363265
1266909426633637894
1266909510712594436
1266910416594141186
1266912044353232897
1266912414014099456
1266912710173884416
1266913195102527491
1266913688772055048
1266914051017379840
1266914466366660608
1266914965723795457
1266914967489523713
1266915091238334465
1266915133445586944
1266915793029259264
1266916118066868225
1266916222597201921
1266916938644627456
1266917362059677696
1266917468720652288
1266917480406056960
1266917496109621249
1266917992023183360
1266918070146211840
1266918248487976962
1266918319254392836
1266918331292016640
1266918456374550536
1266918513375092736
1266919045724504064
1266919070672326656
1266919448868466688
1266919932396277761
1266920062402920448
1266920303810224129
1266920471661969408
1266920607343693825
1266920922440704002
1266921205019430912
1266921731672989699
1266921773855059972
1266921795745189889
1266921907192029184
1266922008710803458
1266922008857772032
1266922149253611520
1266922334700650504
1266922441311498240
1266923168310140929
1266923385696722945
1266923664735436800
1266923957938270209
1266924299983581187
1266924750506323970
1266925045042999296
1266925236689276930
1266925316636901376
1266925595805585411
1266925864157097985
1266926518065942534
1266926585837498368
1266927448265879553
1266927570802671622
1266927606458470407
1266927942740971521
1266928159271849985
1266928263529725957
1266928425283006470
1266929297207549952
1266929312667766784
1266929377255796737
1266929419077201920
1266929659289186307
1266930079499554819
1266930248379183105
1266930678249197568
1266930997641314306
1266931262918361090
1266932016760737798
1266932411792855041
1266932880967634945
1266932929307070469
1266933367548805124
1266933619945287680
1266933803974524929
1266934048045350912
1266934615916179456
1266934816961896449
1266934892232876032
1266935208370044928
1266935291828408322
1266935698327666690
1266935713368551424
1266935762517397504
1266936056949112833
1266936097168392193
1266936298842886147
1266936901845413888
1266937614654898176
1266937816044445696
1266938264986030080
1266938483450556416
1266938688317030400
1266938755245420544
1266939461335576576
1266939673861128192
1266939678466416640
1266940477791784962
1266940619978506240
1266941347765915649
1266942061179174915
1266942124857180160
1266942440117862400
1266942472845955072
1266942512880648199
1266942766732304384
1266942907463929859
1266944479744974850
1266944605561511936
1266944973217267713
1266946203222073345
1266947992894025729
1266948163052744705
1266948543698415618
1266948558869102592
1266948984981118976
1266948988512677888
1266949273033285632
