1256803765232955392
1256804088286711809
1256804646472933376
1256804771052130304
1256805241842020352
1256805323173756928
1256805610118668290
1256806365688987650
1256807672474734592
1256807989333368832
1256808800163557381
1256809102308712449
1256809519142887424
1256809736550273024
1256810099605008384
1256810306984173574
1256810728088109056
1256810741203709952
1256810761734758400
1256814710906912768
1256814878234275841
1256814934836551682
1256816496355008512
1256817263979704320
1256818116488765440
1256818805222838272
1256819094785048577
1256819915773734916
1256820286063812610
1256820911426027521
1256821022583635968
1256821195082805252
1256821346249650177
1256822052541136897
1256822528837849088
1256822736661463040
1256822819989716992
1256823229294968837
1256835969455665152
1256836188880732161
1256836406904713221
1256836605370757120
1256836941821161472
1256838116545003520
1256838192025739264
1256838350767419393
1256838518107766785
1256838563838275584
1256838715374292992
1256839428401762304
1256839682811465728
1256839771516780544
1256840372069691395
1256840479947149312
1256840552953282561
1256840799960158212
1256841145050685440
1256841305256157186
1256841306334130176
1256841471828901889
1256841618382077952
1256841754038468608
1256841890269286402
1256842310442196993
1256842501668962306
1256842543674716162
1256843510134771712
1256843871818039296
1256844176492318723
1256844276677447682
1256844387931357185
1256844732698734593
1256845200443371521
1256845408472576002
1256845589171535872
1256845627062923264
1256845993284456449
1256846125493096448
1256846514661421056
1256846555715448833
1256846699563270148
1256846714444541952
1256846772099584001
1256846841892618240
1256846842278498304
1256847531054632960
1256847834545967104
1256848295160434693
1256848733926391810
1256848989971976194
1256849547403427843
1256849611693539329
1256849734431457285
1256850049205702656
1256850115194732544
1256850533006159872
1256850870366425092
1256851712884817921
1256853050632921091
1256853175077933057
1256853283567742976
1256853314647592961
1256853737961926658
1256853979650195456
1256854607927685120
1256854709182349312
1256854909766340610
1256855270363291648
1256855397769461764
1256855567248904192
1256855784648069120
1256856070498258944
1256856238740078598
1256856240396791808
1256856538360119296
1256856758489931776
1256857037302005760
1256857093333815296
1256857261856694273
1256857340118106115
1256857696713801728
1256858041724465152
1256858168581173248
1256858209353994241
1256858283312320514
1256858555195457538
1256858909056421888
1256859004090925058
1256859198186553345
1256859863633846273
1256860007443939328
1256860010593878016
1256860253636882432
1256860581694406656
1256860892106559488
1256861028903563264
1256861315408130048
1256861996999258113
1256862045749882880
1256862278361677824
1256863635504197632
1256864002921189378
1256864317942624256
1256864439485247488
1256864469793243136
1256864624244334592
1256865168606314497
1256865458248208384
1256865890634592257
1256866368726667266
1256866689230286854
1256866788610097152
1256867042365489152
1256867524869861376
1256868094531829761
1256868244020957184
1256868381959032833
1256868540486803456
1256868684619870208
1256868900928716800
1256868976593760258
1256869126968160256
1256869185696739330
1256869393247715328
1256870074490793990
1256870115494162433
1256870198906413057
1256870531845980160
1256870984101048320
1256871038354423808
1256871378428428289
1256871380580069378
1256871383251865601
1256871681727049728
1256871755702063105
1256872009960534017
1256872680881565696
1256873016996265985
1256873701611536385
1256874046131593216
1256875024625131520
1256875523076210689
1256875921061142528
1256875926375354368
1256876537086742529
1256876734013747201
1256876850728464385
1256876985114124291
1256877116425191428
1256877347258728448
1256877374123184128
1256877446525263872
1256877979671703557
1256878150535065600
1256878696612409344
1256878798240243712
1256879022484701184
1256879544826552325
1256880017692229632
1256881043342270464
1256881328986959872
1256881347345264640
1256881781892096002
1256882017901387778
1256882305248960512
1256883211893907456
1256883360409976832
1256883935155544064
1256883944668176384
1256884574405214209
1256884588531650560
1256885222085324805
1256885386787381249
1256885645164847105
1256885745148735488
1256886099432988672
1256886664837857282
1256886683104153600
1256886889740677124
1256887273519550464
1256888832596811777
1256888856613355521
1256889929663221761
1256889959253934085
1256890382102573057
1256890441682825217
1256891283093819394
1256891346272559104
1256891650237923328
1256892039075168256
1256892556136374272
1256892790283345920
1256893162938916866
1256893308674113537
1256893428371202050
1256893665005514752
1256893772673290240
1256893974415052800
1256893985852923904
1256894055289704448
1256894322261340163
1256894615363497986
1256894740043313154
1256895540572434433
1256895570356187136
1256895749654183936
1256896224281624576
1256896501604855808
1256896621754806273
1256896894313381888
1256896957722886145
1256897012445954050
1256897013884555264
1256897088769732608
1256897553918033920
1256897627196518400
1256898310432067584
1256898564069916672
1256898686468177926
1256898984074936320
1256899519788310530
1256900005757100033
1256900011054505993
1256900511544020992
1256901331299627008
1256901338107166720
1256901450757804032
1256901631129653248
1256901635386880001
1256901777997340675
1256902298229506048
1256902714665164800
1256902730422968321
1256903136486318080
1256903137878818817
1256903277771403264
1256903353176674305
1256904643453517826
1256904718410043392
1256905125630816256
1256905428342116352
1256905899823824896
1256906029465366528
1256906172956901376
1256906656174096387
1256906907845120000
1256906914509787136
1256906919631097856
1256907202620776448
1256907342005833728
1256907347680653314
1256907461925224449
1256907802909515778
1256907805090549762
1256908292665868290
1256908461780107265
1256909477753782274
1256909512381886465
1256909682117095424
1256909929664983040
1256910176507985926
1256910620315836418
1256910643954933762
1256910691082141697
1256910850436345857
1256910966371090432
1256910992803614720
1256911068888043520
1256911299893694469
1256911796847312897
1256911894872576001
1256912010744340481
1256912066935287808
1256912216537915394
1256912248544456706
1256912468816859137
1256914420267188224
1256914610415964160
1256915350190358530
1256915549742759937
1256915592537411585
1256915716558766082
1256916046151213062
1256916051213746176
1256916319842078720
1256916468232585216
1256916748433084416
1256916942058815492
1256917395010203650
1256918059136188418
1256918171501711360
1256918740287074304
1256919361459273728
1256919412948557824
1256919573733015557
1256919668704624647
1256920398836400128
1256920993643155456
1256921041005412355
1256921069010784258
1256921288985149440
1256921737612197888
1256921790590451714
1256921911428341764
1256922278098604032
1256923075272077312
1256923106922430466
1256923407666593792
1256923742481104896
1256923949570625536
1256924102641713153
1256924124141817856
1256924467336376325
1256924476102541312
1256924480368046080
1256924605413015552
1256924614942433282
1256924991137841152
1256925638285459462
1256925722142269445
1256926248854405121
1256926256282697728
1256926700463484933
1256927143956819968
1256927740860784648
1256927884402405377
1256928229098762240
1256928443356327939
1256928887977754624
1256929049500246016
1256929248683622401
1256929456771522561
1256929605069484032
1256929630080184321
1256929717166452736
1256930513606017026
1256930897179205633
1256931407080931328
1256931473204133888
1256931817619435522
1256931977376215041
1256932318121508870
1256932450728644610
1256932508207329280
1256932626893549569
1256932650348163075
1256933088120233987
1256933089298780160
1256933095758061569
1256933165685497856
1256933341615591426
1256933379003604993
1256933463153876993
1256933778972454913
1256934180937703425
1256934252756729856
1256934822913736704
1256934918090887168
1256935102678028288
1256935238544117761
1256935252192346112
1256935350011924483
1256935464780562435
1256935469415165952
1256935720184397824
1256935877848244225
1256936503055351810
1256936740268408840
1256936764981293056
1256937565992751108
1256938093325750276
1256938143544197121
1256938260003258368
1256938916424318977
1256938948082962432
1256939363549745153
1256939582328889346
1256939633998532614
1256939634325622784
1256939640252137472
1256939790064390144
1256939873161879552
1256940081744539649
1256940085791977473
1256940166305837056
1256940205531168769
1256940277643829248
1256940304294436865
1256940354936492040
1256940594766766086
1256940874862215168
1256940878557581312
1256941078089011200
1256941113979666432
1256941303327272961
1256941596588703750
1256941695658348546
1256942178334650374
1256943008479473664
1256943031481237504
1256943278210945024
1256943505798299650
1256943595959062529
1256944038101557248
1256944083408498688
1256944931555487746
1256945110782062593
1256945282870398981
1256945324893102082
1256945677931819009
1256945988138414081
1256946004869308418
1256946127540088833
1256946128597078018
1256946310994898950
1256946432759775232
1256946874990366721
1256947131350282247
1256947249428357125
1256947371021303814
1256947751910363137
1256947753294454784
1256947757555859459
1256948104164753410
1256948743460569091
1256948755833786368
1256948823248814082
1256948825605861376
1256948907470467072
1256949169840930817
1256949347729633282
1256950205729079298
1256950236016230402
1256950493227745280
1256950903480844292
1256950956991877120
1256951018132328449
1256951372651487233
1256951725132517376
1256952798731788293
1256952845313531904
1256953659927285761
1256953951657828352
1256954296530161665
1256954297729691650
1256954430974504961
1256954611652583424
1256954801465761799
1256954933636718593
1256955123189706753
1256955488585031683
1256955538178551808
1256955570591916033
1256956506039353347
1256956646514765830
1256956656606478337
1256957185654960129
1256957346988863491
1256957639323336705
1256957970920820739
1256958233463455745
1256958382998802432
1256958431380090880
1256958679271817221
1256958683868803073
1256958850965610496
1256958968032878592
1256959145456132096
1256959173704798208
1256959237642731520
1256959355531870209
1256959565129793537
1256959606154309634
1256959665553854464
1256959996732018694
1256960186067148809
1256960269160534018
1256960765208285187
1256960847110270976
1256960848154615815
1256960919730610177
1256961125993734146
1256961729042550791
1256961916339175424
1256962099219238912
1256962110476648451
1256962113437917184
1256962596164550662
1256962597829705736
1256962600878968835
1256962601860423680
1256962784543281152
1256962990529630215
1256963977692753922
1256964077659840513
1256964123600052224
1256964181426761728
1256964207918096385
1256964353791795201
1256964596918882304
1256964872136351744
1256964898988404741
1256965636359458816
1256965733671735299
1256965823094194176
1256965856573128706
1256966266872569856
1256966454886318080
1256966886098563072
1256967106819588096
1256967220082683904
1256967221110288384
1256967658127478790
1256967986356850688
1256967999262568448
1256968012139245569
1256968173947158528
1256968703041822727
1256969318140506112
1256969407970115593
1256969615370002432
1256969618599657479
1256969619665027073
1256969831846490114
1256969836938375169
1256970090550972417
1256970095861149698
1256970312916353026
1256970319257985025
1256970319534993408
1256970436769910788
1256970548829184000
1256970645793013761
1256970761002254336
1256971049570144256
1256971157217202176
1256971879698493440
1256972111048069120
1256972163933863937
1256972272960770049
1256972512195477505
1256972926458314757
1256973007333048326
1256973103772700677
1256973299742957570
1256973608381026305
1256973666220474368
1256973805513256967
1256973840502214656
1256973840502206466
1256973862677491712
1256974036178997248
1256974357806624770
1256974445945765889
1256974491336364032
1256974524052115459
1256974790356852736
1256975529196105730
1256975686893318145
1256975688071966722
1256975690118737920
1256975956788600832
1256976018969186305
1256976446414655496
1256976450160230400
1256976902188924928
1256976999970562050
1256977075308761091
1256977107932065793
1256977854765641728
1256978102267326465
1256978184123437058
1256978215383400452
1256978250917646336
1256978647824707592
1256979065120096257
1256979173828169728
1256979579979300864
1256979630357188608
1256979793125560320
1256979941826142213
1256979973895667712
1256980004430282754
1256980021002076166
1256980235536531462
1256980293363384327
1256980346794459138
1256980347092377604
1256980471986020352
1256980845136666624
1256981148703641601
1256981151530524674
1256981200234852352
1256981489687777280
1256981524391624710
1256981579244724226
1256981601659113473
1256981715626733568
1256981860233723904
1256981940437123082
1256982329924505600
1256982454155513856
1256982583016960001
1256983433760444421
1256983644842995712
1256983768440725504
1256984114261037056
1256984386051944450
1256984570530009088
1256984588414595073
1256984674863284224
1256984796057796614
1256984999204700161
1256985271721222146
1256985348787167233
1256985468459245571
1256985555923058688
1256985807488868352
1256985850304487424
1256986030466633728
1256986469476052993
1256986630507966469
1256986735923339266
1256986765103071232
1256986765530808321
1256986950298370051
1256987037414166528
1256987614529413121
1256987972697821186
1256988173072248833
1256988211470983168
1256988273655898114
1256988328144093186
1256988337421811712
1256988375967576064
1256988891661455361
1256989112525107200
1256989340938493953
1256989541484728322
1256990027051151361
1256990077902823425
1256990086316437508
1256990472519725060
1256990660340494338
1256990673305296897
1256991559544967170
1256991589714411520
1256991668710055937
1256991742760382465
1256991944674181120
1256992089436573700
1256992115583782913
1256992160693583882
1256992367950942213
1256992409281495040
1256993760795385856
1256993937543266305
1256993941523742723
1256993944459673600
1256993996246786054
1256994056896425985
1256994176794673152
1256994214216425473
1256994325679964160
1256994707697217536
1256994793814724614
1256994799594373120
1256994860177018881
1256995012073553920
1256995067786481664
1256995660932378624
1256995852092149760
1256996746779136001
1256997041907003393
1256997146836041728
1256997691466244096
1256997743505088512
1256997746726309894
1256998775698030593
1256998798858915840
1256998884741730308
1256999468748156928
1256999673400659970
1256999772227088385
1257000805812654081
1257000887433809934
1257000903917408258
1257001031214395392
1257001165306376193
1257001204099383297
1257001244687831042
1257001251058987017
1257001965927706628
1257001979194355712
1257002238960074752
1257002241065660417
1257002242214957056
1257002249747906562
1257002622017515522
1257002899055443968
1257003333069438976
1257003374605742080
1257003479480045569
1257003631901057025
1257003848146849794
1257003919978496001
1257004121024008193
1257004191500959747
1257004202330554368
1257004270529974273
1257004316365393920
1257004383084195840
1257004404693221377
1257004602018463745
1257004881216503809
1257004997847457793
1257005228043448320
1257005577978499077
1257005583011627008
1257005641945583616
1257006484715700224
1257006582799441921
1257006963822678022
1257007286091997195
1257007334229864448
1257007361899847682
1257007702640910337
1257007758022512640
1257007905007497216
1257007906865713159
1257008415932547074
1257008428876267525
1257008562850746368
1257009241560358913
1257009871922364418
1257010113656745984
1257010157621579778
1257010314413031426
1257010391823114240
1257010867822047237
1257010984654274561
1257011014417047552
1257011108071772162
1257011115369869312
1257011189294534658
1257011229911953408
1257011264825458690
1257011312674115592
1257011372694609921
1257011445188964360
1257011506140590081
1257012055934029824
1257012093942890496
1257012354237247490
1257012760371769345
1257012936754806785
1257012949576822785
1257013149028552706
1257013165050781697
1257013581805170688
1257013610913595393
1257013817373937664
1257013818456043520
1257014103123599362
1257014355289309184
1257014536521072641
1257014746445905923
1257015211137150977
1257015321518641152
1257015708073857024
1257015860323127297
1257016168222724097
1257016189060030469
1257016212330090496
1257016283599642624
1257016459697418240
1257016523476144130
1257016548537008130
1257017029367861250
1257017240991531010
1257017655279652864
1257017765791240192
1257017812301815810
1257017870216835084
1257017999317483521
1257018273541099520
1257018415589535744
1257018725040963584
1257018845849477120
1257018919564587009
1257019180190060544
1257019296703807493
1257019349325320192
1257019557107175427
1257020286224027649
1257020489995661312
1257020491128115200
1257020492172558336
1257020511797870592
1257020641686900739
1257020708695179264
1257021456136929280
1257021878759120897
1257021926628896771
1257022189376856064
1257022723068497920
1257022906133086215
1257023385835626502
1257023526663606272
1257024121935925249
1257024309320704005
1257024485842137093
1257024668134932482
1257024675714076674
1257024786942705664
1257024952563351552
1257025194134306816
1257025367946276867
1257025777721315329
1257026074522730496
1257026082131324933
1257026112506540034
1257026327867162624
1257026746005835776
1257027054329122817
1257027647227428867
1257027876232331265
1257028095829303297
1257028142738411521
1257028243460247552
1257028526588530689
1257028623527280644
1257028706830356481
1257028767316430848
1257028975760719872
1257029106778193922
1257029189917605889
1257029301297270785
1257029604604358657
1257029883579887616
1257029953691975683
1257030431251271681
1257030474494554112
1257030644875399169
1257030691667226632
1257030707861499908
1257030712001208322
1257030947666563073
1257031129795870725
1257031181540810752
1257031185760468995
1257031186200834048
1257031242622676997
1257031808207720450
1257031940563185664
1257032112143847426
1257032281493065728
1257032290212950018
1257032526402596877
1257032831403847680
1257033006130159616
1257033236066250752
1257033393327529986
1257033454220386304
1257033548063813637
1257033737310699521
1257033757250420740
1257033941246230528
1257033968500854784
1257033993398235139
1257034036146434048
1257034622065684483
1257034765955407872
1257034829759217672
1257034895496491013
1257035080746192896
1257035193287770112
1257035225445601283
1257035257985011713
1257035434028339202
1257035585102819328
1257035586042335232
1257035687414685700
1257036145176780806
1257036470251974656
1257036661088825344
1257036679506022401
1257036825673244673
1257037033295556610
1257037104070213637
1257037238115815424
1257037256591847432
1257037336069550086
1257037351747977219
1257037596317880320
1257037605218246657
1257037765151162368
1257038043954978817
1257038737143406594
1257038824527613954
1257038916768739333
1257039010968600576
1257039635622113282
1257039757189754883
1257039873212657671
1257039931899285507
1257039947883786240
1257040141060898820
1257040253820559365
1257040336377044994
1257040341313687553
1257040662190600193
1257040805602004992
1257040896564043783
1257041022691016704
1257041553572454405
1257041592592072705
1257041603300073472
1257041641216659458
1257041766563315715
1257042187365298182
1257042325513080834
1257042476566745088
1257042506207780864
1257042524029542400
1257042694842445824
1257042834131206145
1257043094165434369
1257043383068971009
1257043386357305344
1257043856232599553
1257044085451501569
1257044159669637120
1257044522237751296
1257044707986812931
1257044709966520321
1257045398608199680
1257045609292292096
1257045666603433986
1257046115360354304
1257046366305558529
1257046482278060041
1257046973942829056
1257047004695326720
1257047065382858753
1257047361676890115
1257047503297536006
1257047553704689666
1257047591226880000
1257047613972647937
1257047980378447873
1257048431874510848
1257048526447673344
1257048580998729733
1257048797793878016
1257048844526858241
1257048930094919686
1257048986621407232
1257049028711329792
1257049177097416704
1257049325307338752
1257049666954428416
1257049770042023942
1257049990226116608
1257050112989241345
1257050434436427776
1257050591265787905
1257051004014641157
1257051122482774017
1257051349516275714
1257051530877960198
1257051567745875970
1257052052431257600
1257052077068562432
1257052309017722880
1257052787105546240
1257053186684342275
1257053304259072000
1257053653480943616
1257053703623901184
1257053743654330375
1257053827104149505
1257053908368650240
1257054000492544000
1257054299999236096
1257054489741271040
1257054541352034305
1257054631185846278
1257055098502615041
1257055293005090825
1257055694924197889
1257055700808843264
1257055789799350284
1257056185829785600
1257056319728758784
1257056405355409408
1257056703037784066
1257057064964292614
1257057156421074944
1257057167359664128
1257057194345988096
1257057393281654785
1257057528652808192
1257057778910351360
1257058123921186816
1257058160256450561
1257058226740363266
1257058334257164290
1257058362560110592
1257058510979895296
1257058839331028992
1257058997242396673
1257059103274405888
1257059153517989890
1257059284405420034
1257059471727058944
1257059482821177350
1257059793027686405
1257060018471526400
1257060354997321730
1257061130494570496
1257061160676818944
1257061315090268161
1257061387886645250
1257061393154469888
1257061415388622850
1257061808969519106
1257061866083409920
1257062038884532227
1257062164344508416
1257062181990006784
1257062745788252161
1257062883860647946
1257063316477878274
1257063620963270657
1257063858432348161
1257063871304675330
1257064052360122370
1257064178877190147
1257064474219032586
1257064591210745859
1257064649780060160
1257065030903836673
1257065223229448193
1257065380461363200
1257065411419320320
1257065423524130817
1257065424773984257
1257066041345261571
1257066163600842754
1257066177928540161
1257066355410571266
1257066485371019272
1257066638479888394
1257066758609031178
1257066801281691648
1257067480079634434
1257068138866315265
1257068523269926912
1257068626538106882
1257068906398638080
1257069181717094400
1257069239871123457
1257069768483504129
1257069915141476352
1257069978613768192
1257070588755148801
1257070807026667520
1257070869802672128
1257070928929927169
1257070998949711881
1257071099105378307
1257071199030521856
1257071206907420673
1257071225253384194
1257071457106112515
1257071644222214144
1257071693937467392
1257071712140738562
1257072055633223680
1257072174332096512
1257072189758676998
1257072972013154305
1257072980007550976
1257073311017775104
1257073336632242176
1257073390831063040
1257073510113071108
1257073566656475139
1257073642883645445
1257073907846299658
1257073937252581379
1257074263757975552
1257074870199947269
1257075208571293697
1257075251537514496
1257075281052876801
1257075802115620864
1257075865764220928
1257075980470030336
1257076586995687426
1257076924251136000
1257076962788610053
1257077100135284739
1257077330922672128
1257077383930220545
1257077559008821249
1257077964300115969
1257078105283284992
1257078374918492161
1257078426009288705
1257078529298247682
1257078556095590401
1257078621933453312
1257078793673588741
1257079002449100800
1257079049744191493
1257079229138776068
1257079253780365314
1257079254107541509
1257079260600324096
1257079676935245824
1257079910692200450
1257079983693918208
1257080109053313024
1257080470531170310
1257080503393382400
1257080504433602560
1257080506669166597
1257080530794921985
1257080556954796034
1257080799381291010
1257080826849824769
1257081271735537665
1257081317642166273
1257081357479694337
1257081416636129285
1257081740172156930
1257081890151919617
1257081917624680449
1257082241538195458
1257082413361934337
1257082537299660800
1257082790413303808
1257083097922887683
1257083810715512832
1257083949236568064
1257084010221756416
1257084504570769410
1257084574259015681
1257084601274597377
1257084651115601927
1257085133464702977
1257085526949183489
1257085530791202816
1257085532103946240
1257085666103451649
1257085791651667971
1257085794700976134
1257085796122681350
1257085796240297985
1257085918168694784
1257086523025117185
1257086563424616448
1257086855679488008
1257087041755664384
1257087056435609611
1257087183137243137
1257087277903249410
1257087289634758659
1257087675745669123
1257087762584367104
1257087992730189830
1257088193343750145
1257088395270074368
1257088497934110720
1257088507274760198
1257088616049844224
1257088761315368964
1257088871835136000
1257089410044231682
1257089442768138241
1257089620682170370
1257090217061707776
1257090688153456640
1257090751961403392
1257090934325407744
1257090954516971523
1257091047114620928
1257091064181125122
1257091270993944576
1257091474652422146
1257091491148816396
1257091750977572864
1257092235746738176
1257093360960942080
1257093590649655297
1257094022147067907
1257094046968950784
1257094267530612738
1257094286790651904
1257094343799775234
1257094359024951297
1257094701213237249
1257095036736614404
1257095334754467845
1257095364399816715
1257095476475723779
1257095478539358209
1257095733515149312
1257095735612325888
1257095736610578432
1257095845805207554
1257095860808298497
1257096358672109569
1257096446928699393
1257096552193101826
1257096874323963904
1257096898596556800
1257096971602604037
1257097802649350150
1257097962204823554
1257098329458118656
1257098491505135616
1257098553882750977
1257099005332541441
1257099209066647562
1257099474846924800
1257099636474548224
1257099717059792900
1257099741936181250
1257099905132363776
1257099990008291329
1257099994437423104
1257100048954990594
1257100159294623755
1257100262457532416
1257100305180823553
1257100339934908416
1257100639768887296
1257101019193806849
1257101208218750982
1257101309645291521
1257101369317695489
1257101382164889600
1257101560607240192
1257101583957069825
1257101948861526018
1257102188695834625
1257102454300303362
1257102580876001280
1257102608243834882
1257103135241273347
1257103194100031494
1257103280674533376
1257103284117991424
1257103382851973120
1257104168533327881
1257104338528415744
1257104567008989184
1257105325431414790
1257105401016967168
1257106047254196224
1257106160370450432
1257106244265000962
1257106607537782785
1257106812001759232
1257106938938220546
1257107185517031425
1257107255192948736
1257107341897535495
1257107408633114625
1257107479902683137
1257107767086776322
1257107801693880322
1257107849953583104
1257108097912406016
1257108227717652482
1257108229982531584
1257108584044912647
1257108611534401538
1257108645537554434
1257108822390460419
1257108901331374080
1257108952392757248
1257109310297051139
1257109355700330508
1257109394740916224
1257109691496378369
1257109723859628034
1257110065846378497
1257110231592640512
1257110588364382208
1257110773463162880
1257111179148787712
1257111300213297156
1257111895364063237
1257112213615239168
1257112326911729664
1257112449280606208
1257112743930363904
1257112839334002688
1257112868253827073
1257113679792914437
1257113776463192066
1257113821686099970
1257113935465058306
1257113951424430088
1257114291557281792
1257114447556104192
1257114629706301447
1257115232935251970
1257115391727411206
1257115430252142599
1257115523193733121
1257115733668044804
1257115766249447425
1257116329208881152
1257116387861868545
1257116498579030017
1257116707400769538
1257116941216559106
1257117027417931776
1257117620882542592
1257117838101356549
1257118056721022977
1257118308240961537
1257118312653303810
1257118485974601734
1257118726396227584
1257119037689147392
1257119420310323200
1257119505274241024
1257119562396512256
1257120598792171520
1257121583719747596
1257121629630615553
1257122048746360833
1257122195857387523
1257122225242673152
1257122282498961408
1257122286596845568
1257122288572313601
1257122421766791168
1257122656597483522
1257122954489421824
1257123031148789766
1257123440684937217
1257123768482357251
1257123995599724544
1257124077405376513
1257124139741184000
1257124597427830785
1257124800029319168
1257124803305185281
1257124980611076096
1257125310358622208
1257125606782668800
1257125675799949313
1257126505928364038
1257126744605306883
1257126781867511813
1257128238234562563
1257129224231673856
1257129566402985984
1257130090888138752
1257130369054240770
1257130762345697280
1257131021063131147
1257131516842455040
1257131907466301441
1257132000508608512
1257132027926794240
1257132400599064576
1257132463995805696
1257133107674660865
1257133326139363330
1257133343109349377
1257133807171506176
1257133849781374976
1257133999064928256
1257134000507846670
1257134286148427777
1257134390301335553
1257134392297865217
1257134700201721858
1257134726395068416
1257134728227979266
1257134729817731072
1257134731566727168
1257134942485708801
1257135076292407297
1257135144605028355
1257135238628638720
1257135368232714242
1257135504308436993
1257135738736578561
1257135739273437184
1257135891467960320
1257135941170294784
1257136321891651588
1257136783529213953
1257136786775707648
1257136815850483713
1257137230860222465
1257137270668308486
1257138416992608256
1257138524094160897
1257138733096239109
1257138812658094082
1257139089339559938
1257139090459410432
1257139091432497152
1257139092401401858
1257139327684968455
1257140011381805057
1257140510390726656
1257140650576883715
1257140968165380096
1257141670715555843
1257142053324025858
1257142078129266688
1257142187185205248
1257142300100251649
1257142327430299648
1257142570125348864
1257142668896821248
1257142720105254913
1257142846165061632
1257143176177037312
1257143268221034496
1257143415009132546
1257143422483263489
1257143512405073925
1257143593933963264
1257143685642362880
1257143839980089345
1257143941868089344
1257143957408018437
1257144067806449666
1257144184521150464
1257144329564536833
1257144400284733442
1257144550482743299
1257144740413239297
1257144895132913665
1257145190617317383
1257145264403554304
1257145550203281408
1257145782584725506
1257146301025828864
1257146722133786627
1257147234740813826
1257147870173675521
1257148918485434368
1257149587330039814
1257150051672973312
1257150573994000384
1257150678574657536
1257150724493852673
1257150769398255616
1257150865271672832
1257151270382702593
1257151298799054849
1257151662260539392
1257151876111503365
1257151877587877894
1257151998106927104
1257152316949450752
1257152803241328641
1257152819032973314
1257153175355658240
1257153626365030400
1257153728995446784
1257154171884593152
1257154203190988800
1257154214784090113
1257154306966519809
1257154551171428352
1257155139338678273
1257155164907220993
1257155195085225984
1257155229100933120
1257155307756752897
1257155593216970753
1257155608706519042
1257156304893808640
1257156458539560960
1257156838883307522
1257156998442807296
1257157048606683138
1257157444876320768
1257158032066314246
1257158554475102209
1257159153421660161
1257159557903613952
1257159581760970752
1257160423129976833
1257160678386827265
1257161121158639616
1257161130000203777
1257161527192412162
1257161557143928832
1257161970001862656
1257161970157060096
1257162404544339968
1257162463482646531
1257162559360315392
1257165440410763264
1257166075541680132
1257166563435778049
1257166643232477187
1257166682801557504
1257166765135736832
1257167316946685952
1257167839141781506
1257168067282341888
1257168367313727489
1257168368471244816
1257168369603706881
1257168370774020103
1257168546179751937
1257169096824836096
1257169310054846466
1257169442443853830
1257169867490250752
