1266949879324082177
1266949968348266502
1266950793384452097
1266951326237290498
1266951328804360192
1266951379492442115
1266951398375264256
1266951547575033856
1266951793524776963
1266952147721236480
1266952766796201984
1266953243806105602
1266954006670094336
1266954025137778689
1266954816808382464
1266954828128948225
1266956043701149696
1266956347192610818
1266956725237710848
1266956858230820864
1266957212989050882
1266957491348398080
1266957601306263553
1266957623020191744
1266959765210619905
1266960016340398082
1266961107731783681
1266961686793256963
1266961847166488576
1266962728167575553
1266962860183298048
1266963552583196672
1266963628370137091
1266964528916385792
1266964545647423488
1266964588408352769
1266965643338887177
1266965754957758470
1266965933391785984
1266966469096534016
1266967641392119808
1266968633055592450
1266969756961251328
1266970099090706432
1266970124453462018
1266970446181945344
1266970844917633025
1266971753819013125
1266971774190858241
1266972124939341825
1266972543761682433
1266972547297542144
1266972765594292225
1266972795012919297
1266972988244623361
1266973984765198337
1266974313623834624
1266974348830806021
1266974390450704385
1266974778809860096
1266975103113445376
1266975494685315074
1266975568928616449
1266975971690844176
1266976116268568580
1266976192625852416
1266976587171295232
1266977062138626048
1266978134194257920
1266978693429317632
1266980743802007553
1266980913398898690
1266981419747815424
1266981693145190400
1266981861563207681
1266982501727289344
1266982853893488643
1266983417322672130
1266984113128517637
1266985357888950272
1266987262207811586
1266987650453590016
1266988053106753538
1266988767241482240
1266988950591361025
1266990349563674626
1266990969704058881
1266991003195641856
1266991214097825797
1266991944644861953
1266993426509283328
1266993982963236864
1266994409050161154
1266995491138613248
1266995968890658818
1266995969951858689
1266996181290360832
1266997640786477056
1266998178009792512
1266998441206591488
1266998484407775232
1266998672451080192
1267000194283057152
1267000292513472513
1267000809578876928
1267001343966883840
1267001441564139522
1267001881005404160
1267002456363450369
1267002916692529152
1267003234281013248
1267003648925593600
1267005424240377857
1267005764813688832
1267005914999128064
1267006511320117253
1267007203531272192
1267007253250539520
1267009245309853701
1267009383466012672
1267009727139057668
1267010380338827265
1267010691665289216
1267011206377660416
1267011207610785792
1267011208810393600
1267011662156046337
1267011884538044417
1267012243226574848
1267012402316488704
1267012559460339712
1267013125569679361
1267013824986509312
1267013953022038016
1267014331775975424
1267014760412917760
1267015073500889088
1267015367034990598
1267015471699841024
1267016457738543110
1267016672898093057
1267016943480889344
1267017250088902657
1267018361776615425
1267018777159512064
1267019002229821440
1267019047666884609
1267019449837682688
1267019780097073152
1267020489454747648
1267020519875981312
1267021042247237632
1267022139288440832
1267023213592223745
1267024390220374017
1267025254586744838
1267025919710908417
1267026203120197635
1267026313312980994
1267026500202741761
1267026709293006850
1267026917456297984
1267028546330992640
1267029143973232641
1267029846661697536
1267030157161791491
1267030316407033858
1267030345205067779
1267030718212947969
1267031261673127938
1267031316974927874
1267032226249740288
1267032681348562944
1267034914001760256
1267036285551640577
1267037502789074945
1267038227917086720
1267038641051832321
1267039116643966979
1267039732971732993
1267040539360129025
1267040608876560385
1267040896274456576
1267040914200879106
1267041440686899200
1267041759038767112
1267042006339026945
1267042247113146369
1267042713704132608
1267042847120920576
1267043859885744128
1267044364695584768
1267044610091757568
1267045818642632708
1267046446982889472
1267046935963357184
1267047167832854530
1267047467843047427
1267047841060585474
1267048304514347008
1267048676293296128
1267048990375370754
1267049154683043840
1267049284752543745
1267049309385691136
1267049381573865473
1267049688022294528
1267050761885822976
1267051377777205248
1267051384328851457
1267051600519946240
1267051668430041089
1267052635921801216
1267052821175828482
1267052983298207745
1267054383424045056
1267054844403224576
1267055334406807558
1267055800868122624
1267055862293516288
1267055868664823808
1267055876046753794
1267056033232535552
1267056069987229696
1267056544501452800
1267058108070686721
1267058160457494528
1267058924802519041
1267059432409702401
1267060456499404800
1267060525906759680
1267060997191278593
1267061224149311488
1267061450373300224
1267062068382969858
1267062299157807107
1267062426459082753
1267062799441620992
1267062813211705346
1267063304788357120
1267063348081889283
1267063352783765509
1267063528608927746
1267063825548836869
1267064900800729091
1267065362291453953
1267065452209025024
1267065885497405441
1267066113571147777
1267066399651921925
1267066517121839105
1267067118261907458
1267067272956456961
1267067932040925184
1267068191953436674
1267068230822232064
1267068279698448390
1267068825113108483
1267069754327646212
1267069931063062528
1267070134272888833
1267071101324025858
1267071291955335169
1267072534194851841
1267072594525646849
1267073303786803201
1267074780919988225
1267074901384536065
1267075055311183872
1267076158350397443
1267076373333577734
1267077697617960961
1267077806774681601
1267077823652597760
1267078614815780866
1267079268938334210
1267079321866440704
1267079472848744452
1267079715426152449
1267079812494979073
1267079822242693121
1267079863699202048
1267079898578817025
1267080239651446784
1267080510913810437
1267080915508957185
1267081046933323782
1267081322100658177
1267081425389412353
1267081815044521990
1267082039498616833
1267082045030875137
1267082206591270913
1267082482123452417
1267082686868447232
1267083292962062337
1267083301321355264
1267083719191527427
1267083881288568832
1267084043285397505
1267084186696941571
1267084380817649665
1267084383896420352
1267085025390006274
1267085936430428167
1267085938980646913
1267085940268298240
1267086006936895489
1267086617770184704
1267086796472545285
1267086951821303815
1267088548295069696
1267089170830372867
1267089250996162562
1267089525613920257
1267089739196305409
1267089742832832512
1267090320350724096
1267090996187353089
1267091515706421248
1267091607729340416
1267092030049697796
1267092181573042176
1267093222901248002
1267093532570984449
1267093568730128385
1267093640733655040
1267093853506547717
1267093887547514881
1267093928144240644
1267094327144169473
1267094460149698560
1267094591448264704
1267094844343812096
1267095128625172482
1267095282690506752
1267095394472902657
1267096040680947712
1267096261959745536
1267096455401148416
1267096881856839681
1267097280030609408
1267097442614497280
1267098058761830402
1267098218636234755
1267098248709394432
1267098324013850625
1267098939137970176
1267098989729591296
1267099143329189896
1267099310023479301
1267099537379856384
1267100066570924034
1267100349988569090
1267100653261733888
1267100653869924352
1267100654373179392
1267100656617189376
1267101144846827520
1267101396551131138
1267102339632160768
1267102608239529984
1267102629433348096
1267102647783432192
1267103075942256640
1267103291311300608
1267103331547181056
1267103787769950209
1267103805478297604
1267103897455378432
1267103924634488834
1267104483424776192
1267104818566496257
1267104881619488772
1267105119549698049
1267105700477636614
1267105859500376068
1267106057366786048
1267106086143713281
1267106729516507136
1267107160229662722
1267107226046660610
1267107397975199746
1267107837290807297
1267108035228565506
1267108262970822656
1267108484446924800
1267108610036957184
1267108636016418816
1267108653712146433
1267108798373789697
1267108851863691270
1267109047532236800
1267109076929925120
1267109200485736449
1267109398100316160
1267109449698811904
1267109451875713025
1267109453473734658
1267109609484906496
1267109780763619328
1267109798010478593
1267110005297340420
1267110008728154112
1267110088109690883
1267110236462211073
1267110298063863813
1267110945383309313
1267111365879218183
1267111741722247169
1267112090906570759
1267113051100024834
1267113378364997635
1267113708981010433
1267113732032864258
1267113790392410112
1267115144133455872
1267115451131113474
1267115468483158016
1267115516482801665
1267115562536067072
1267115758762340353
1267115759894839296
1267115906435432451
1267116212355567616
1267116622591987719
1267116723582328832
1267117138243813376
1267117338333188096
1267117407681892355
1267117961489330176
1267117963741716480
1267118461035130882
1267118595663974400
1267118726723272705
1267118831299936256
1267118953630965764
1267119391646388230
1267119542699995136
1267119923307974656
1267119971374678017
1267120097317064704
1267120419561189386
1267120971661676547
1267121066054467585
1267121181053894657
1267121447996198916
1267121463884238854
1267122591841554432
1267123087193051141
1267123214125170689
1267123852838162433
1267123949927665664
1267124114826952707
1267124141703995392
1267124230317105155
1267124939515219969
1267125028736425984
1267125278398205955
1267125425710534660
1267125478768414721
1267126063265656833
1267126916173246466
1267126925522350083
1267126932791066626
1267127059400327168
1267127062843842560
1267127196365099010
1267127228128788483
1267127244767576065
1267127496916512775
1267128044558450696
1267128211537870853
1267128703970086913
1267129187539791874
1267129421481365505
1267130565431627777
1267130716376010752
1267130985067364354
1267130986908708864
1267130987936276480
1267131163933581313
1267131256912908290
1267131350877827073
1267131533372133376
1267132870071480320
1267133235722625035
1267133658676199430
1267134096054071297
1267134107609432064
1267134126638989318
1267134188525944844
1267134402359779328
1267134460601995266
1267134642299318275
1267134664860368900
1267134927679688704
1267135408040751110
1267135677654851585
1267135862724231168
1267136226773143558
1267136543061245952
1267136738788442117
1267137115231526912
1267137146932125699
1267137431154954241
1267137454382841856
1267137539711926281
1267138442049306626
1267138570537615361
1267139172386525184
1267139287809585152
1267139329081479169
1267139440431919105
1267139899901255680
1267139955450658817
1267140236737306627
1267140371043225600
1267140652095213568
1267140766847004674
1267140888653897728
1267141071206846464
1267141399868129281
1267141537600847879
1267141545645539328
1267141870238552064
1267142242168451078
1267142327019110408
1267142336359862272
1267142710999252993
1267142881644613632
1267142958224195592
1267143276324442112
1267144212522446849
1267144234806714369
1267144562675527685
1267144617444675584
1267144784583557121
1267144836861227008
1267145342384037888
1267145393973989382
1267145473191809025
1267145952806055936
1267145953951154178
1267146399319314432
1267146493028438021
1267146620690403329
1267146744791478273
1267147186690760704
1267147213680959489
1267147356757266434
1267148002432516099
1267148488695046146
1267149203526090753
1267149239336886272
1267149956797861888
1267149980239880192
1267150093292986368
1267150451465568256
1267150675638706185
1267151133644070912
1267151871862595584
1267151923490295809
1267151926610796544
1267152640762396676
1267153561122738181
1267153561671962625
1267153837816713216
1267154208341536769
1267154219364163585
1267154766305603585
1267154868017528832
1267155256779169797
1267156052170231808
1267156669034717185
1267156893623095300
1267156957275869187
1267157092311404544
1267157093959819264
1267157095750787072
1267157730533539840
1267157801706676225
1267158053734035457
1267158142451925000
1267158484866551814
1267158485952876546
1267158486951047168
1267158699203629056
1267158823892107265
1267158834637930496
1267158955886862336
1267159008223170560
1267159353083277314
1267159890444931073
1267160450120237062
1267160756283478016
1267160762793033729
1267160780933390336
1267160791280648195
1267160795277938689
1267160796313858050
1267160797697978369
1267161051893608448
1267161052984127488
1267161054053728256
1267161333604274176
1267161374565765121
1267162334461558786
1267162340899741696
1267162578456723457
1267162642310889472
1267162644064145409
1267163156230672386
1267163846155710465
1267163891949342723
1267163963608805376
1267164863308214272
1267164972724948994
1267165583382056964
1267165586435510273
1267165587454726149
1267165588465553408
1267165913943625733
1267165914321092611
1267166006482477060
1267166320774320135
1267166482305363970
1267166843086622726
1267167109211213826
1267167480201523204
1267168147511050241
1267168502290493440
1267168664907845633
1267168832277360640
1267168905715425284
1267169087605690370
1267169269042855937
1267170859044810754
1267171256396382210
1267171500190121985
1267171823315107841
1267172013937815552
1267173483370307588
1267173487992385541
1267173744306524161
1267174045885308929
1267174747789549569
1267174803896700929
1267175031093641217
1267175667407425537
1267176030696910848
1267176033217703938
1267176733142331394
1267178113009672192
1267178700962967552
1267179690902589440
1267180016560898049
1267180547094253568
1267180716363862016
1267180719291367425
1267181508663672832
1267181596895035393
1267181773944913920
1267181951246635010
1267182128065908736
1267182256474460160
1267182304822247424
1267182481591148546
1267182576269234178
1267182639980654593
1267182679809720320
1267182784046563329
1267183821302059008
1267184217810784257
1267184386862088192
1267184432613646337
1267184609525186564
1267184785807548418
1267184897648517120
1267184961918033920
1267185138380742658
1267185314948415491
1267185373521874949
1267185403796299776
1267185511116025861
1267186029838163969
1267187177764663297
1267187266423791616
1267187442831982594
1267187584272404480
1267187619202506752
1267187656359841796
1267187795531046912
1267187971633156097
1267188147961712649
1267188236297867274
1267188248679456768
1267188293441028096
1267188307596922881
1267188742432927755
1267188880777850880
1267188989695389697
1267189166657482752
1267189190950825984
1267189530840272897
1267190010807230465
1267190066327293955
1267190098954764288
1267190152775872512
1267190275228741634
1267190413850525696
1267190451494404098
1267190482595012609
1267190628032679936
1267190706965295105
1267190804474445824
1267190828021227523
1267190981679611906
1267191005662461953
1267191070229749772
1267191141692313600
1267191530223292417
1267191635697270785
1267191781432659968
1267191889767342080
1267191909253931009
1267191961645199364
1267192622063538177
1267192622717771777
1267192766221746184
1267192844994990089
1267192904835096577
1267192933566107648
1267192959948197893
1267193094639845377
1267193287548514310
1267193464695009282
1267193516121194497
1267193641493282818
1267193817943494657
1267193906069987328
1267193906476625920
1267193949028069377
1267194072491581441
1267194274468302849
1267194621504958466
1267195056307535872
1267195680982028290
1267195769016197124
1267195945986514946
1267196122445033472
1267196271984553986
1267196288833028097
1267196299348258817
1267196475534200834
1267196581696040962
1267196651845885957
1267196668593582081
1267196740190568448
1267196879554719746
1267196938899935233
1267197206773338114
1267197295260577792
1267197809771544582
1267197953279766530
1267198068878979077
1267198515761029120
1267198603816304640
1267198780434251777
1267198800957001728
1267198933408899075
1267198956725055491
1267199002614935555
1267199132915154946
1267199309587644418
1267199314217930752
1267199486025183232
1267199574139166728
1267199692494036994
1267200186498990081
1267200595213107212
1267201349093068800
1267201436984782849
1267201613317443593
1267201705617362945
1267201789289472015
1267201818871967747
1267201966008041472
1267202146258358272
1267202199949471745
1267202322402246659
1267202367755374593
1267202410352697352
1267203264258465798
1267203292976816132
1267203722217697287
1267204170970468353
1267204350096453632
1267204840020639750
1267205193692844032
1267205211560595457
1267205287657816067
1267205309807964160
1267206098634682368
1267206099708465153
1267206354193784833
1267206482510131204
1267207054118187009
1267207535204990977
1267207648975499264
1267207946708168705
1267208221795721217
1267208305505718278
1267208323037908998
1267209753811316737
1267210887695200256
1267210915662966785
1267211436054523904
1267211529130295308
1267212258549129221
1267212607037083649
1267212868660928514
1267213348803768320
1267213731559165953
1267213863692324865
1267214006785388545
1267214026829750272
1267214027911860224
1267214323056881668
1267214343852232706
1267214344846262274
1267214345857048576
1267214630763614210
1267214788549017602
1267215387168514048
1267216242718408704
1267216553805832199
1267216554908741632
1267216556066570247
1267216724673380353
1267217246247673857
1267217515236610048
1267217847433998336
1267218041659461632
1267218975198412803
1267219189338525697
1267219298583490562
1267219767607386113
1267220957938225153
1267221023612719107
1267221064041533440
1267221326768467968
1267221328009953280
1267221329440149504
1267222812827287554
1267223061704499200
1267223555621572608
1267223587053690880
1267223605097742342
1267224284742799361
1267224849967177728
1267225045069369346
1267225531726077957
1267225719047950344
1267226251254734849
1267226754298585092
1267226986797076481
1267228589029810177
1267228774195531776
1267229449000325121
1267230120177274888
1267230181317435392
1267230452022116354
1267230739130732546
1267230772412416002
1267231724754350085
1267231786632790016
1267232088807428100
1267232284006068225
1267232488730103810
1267233033586950144
1267233728037883904
1267235652308996098
1267236086583103489
1267236249854554119
1267236298865041408
1267236411532406784
1267236520953602050
1267237266210029570
1267237332551426058
1267237857607004160
1267237922165702657
1267238259765190662
1267238542796873728
1267239616081469444
1267239879945175041
1267240076792094720
1267240114931085313
1267240330274971655
1267241012897832961
1267241629024485376
1267241878396768258
1267242057351008256
1267242220924669952
1267242464701751296
1267242529554083840
1267242927836868608
1267243487357014016
1267244208429117442
1267244757761302530
1267244998417764352
1267245161450479619
1267245343953031169
1267245888193179648
1267246451471589376
1267246540302802945
1267247155670142977
1267248213607751681
1267248621763919874
1267248884365099010
1267249425690353664
1267249907490054146
1267250207391133696
1267250506432499712
1267250507422339073
1267250509401948162
1267250562845872129
1267250564057960448
1267251278402342913
1267251282227544066
1267251283284471808
1267251284320456704
1267251765646254080
1267251949327572992
1267252926549901312
1267253099439230977
1267253799388958721
1267254292005761025
1267254323488198665
1267255007155490819
1267255523889614848
1267255888622034949
1267257050469367811
1267258305237397506
1267259354727800832
1267259355612827649
1267259356485160961
1267259357332418562
1267259360012570629
1267259407907389441
1267259561502806021
1267259612241309696
1267259679404699648
1267260404104822785
1267260815926853634
1267260882871967745
1267261443059011585
1267261915358728194
1267262238643171328
1267263843631153152
1267263974313209862
1267264441860702208
1267265240917577728
1267265298240962561
1267266124858617864
1267266348482211842
1267267088256729089
1267267224261332992
1267267463454081026
1267267876316217346
1267268066355838982
1267268129492631554
1267268131438772225
1267268749968670722
1267269765657059329
1267269813472317441
1267270769697935360
1267270878846423052
1267271124234035201
1267271170312867840
1267271190420348928
1267271228227813376
1267271646471229440
1267271937656532994
1267272803637755904
1267273028066476033
1267273228734459904
1267274095965597697
1267274175992836096
1267274185937571848
1267274783160442882
1267276091460186114
1267276096774344704
1267276190189907968
1267276563571040258
1267277173213335552
1267277393867296768
1267277948983357445
1267278639986618368
1267278805103710209
1267278970363490306
1267279145307983877
1267279842338275329
1267280074895699969
1267280637423243270
1267280652040310786
1267280691794006016
1267281101950607360
1267281103011803138
1267281280955297794
1267281498824232962
1267281541643874304
1267281702105296898
1267281718966235136
1267281733554184193
1267281920603258881
1267282024403890177
1267282428445577217
1267282457369419782
1267282863604543489
1267282890452320257
1267283422340362243
1267283611893587968
1267284339202629633
1267284351491899392
1267284428759289858
1267284649505677312
1267284781886246913
1267285375577395201
1267285849206665220
1267285999975096322
1267286238538731521
1267286656467566593
1267286818493304832
1267286877138231298
1267286887837777925
1267286987192651781
1267287591914782720
1267288627417153545
1267289490000879617
1267289653268250627
1267290306854170624
1267290919700762625
1267291347561533440
1267291433385504770
1267292944505110528
1267293471355727873
1267293527148503040
1267293535776145408
1267294780679208966
1267296194750853120
1267296997284950019
1267297627948883971
1267297636698161153
1267297966152450048
1267298273016020993
1267299036870164480
1267300249112018944
1267300568432881665
1267300736020418564
1267300737345699841
1267300784259174400
1267301509705932800
1267302493819736064
1267302871084658696
1267303288682283009
1267303890443264000
1267304004712882177
1267304113785765894
1267304119607259137
1267305776416092161
1267305871702458370
1267309141728641025
1267309993981861890
1267310202279387136
1267310615313383426
1267311167245938688
1267311170949574658
1267311665856602113
1267311667895042050
