1257171240785190918
1257172758473191424
1257173164217585671
1257173877962289152
1257173881019760641
1257174485737762816
1257174639765118981
1257175926644891649
1257176217515679744
1257176914692882432
1257176985349967872
1257177139855667200
1257177393703211008
1257177476788359168
1257177655285125120
1257178146165518339
1257179087153573893
1257180173775994881
1257180318563471360
1257180348548395014
1257180375840890882
1257180614291263488
1257180916868239361
1257181545405853696
1257181982997561345
1257182483541614595
1257182640962224129
1257183151761305606
1257183747612475392
1257183845339799557
1257184025443135495
1257184052886466562
1257184903529185280
1257184936240414720
1257184963126059009
1257185049494999040
1257185846417068032
1257186096661790720
1257186657306099721
1257188001685389314
1257188026175938560
1257188497540218881
1257188553806807046
1257188621762822145
1257188723260665857
1257188843951775745
1257188846061543424
1257188847240179713
1257188847449853957
1257189074462482432
1257189465354907649
1257189511072747555
1257189664676548609
1257189817236041735
1257189853781000197
1257189854204637184
1257190583250141184
1257190610705846272
1257190646173044736
1257190764624392193
1257190859012882432
1257191218947280898
1257191315806314496
1257191353945149440
1257191388141301762
1257191673341370368
1257191853801299972
1257191903688372227
1257191995056979968
1257192663989866497
1257192712765202438
1257193011802443776
1257193124042084357
1257193190551105536
1257193398072639493
1257193579505745921
1257193584920539136
1257194273793024006
1257195073143521283
1257195248503214080
1257195272649785347
1257195412903079940
1257195454321905664
1257195499498635264
1257195579551211521
1257195901472432129
1257195906723708928
1257196344583884800
1257196484048695296
1257196512930484227
1257196903508443137
1257197699704803330
1257197779996344320
1257198018278961154
1257198033810448384
1257198040903024641
1257198109039288320
1257198167726194688
1257198225926340608
1257198283484737536
1257198336559349761
1257198385544794112
1257199163948896256
1257199288938934272
1257200204270501888
1257200311111843843
1257200799068930049
1257201429204267008
1257201921326108674
1257201939487612930
1257202529429004288
1257203061593956352
1257203401840082944
1257203656383803393
1257203861862768641
1257203986152607745
1257204583035781120
1257205513487597568
1257206430140182528
1257206536440393733
1257206836278722560
1257206864011505665
1257207114772119552
1257207325229809664
1257207488174268416
1257207773626019840
1257208196776767488
1257208376968335361
1257208482677362688
1257208663527133184
1257208830976495617
1257208979467296770
1257209679157002242
1257209683066028032
1257209788854939648
1257210005910061056
1257210138857005057
1257210231265939456
1257210281844867072
1257210378620153856
1257210434781941760
1257210475563057152
1257210525408210945
1257210606576271361
1257210609118183426
1257210680865890304
1257211145531711488
1257211473534889991
1257211672466522112
1257213377258164225
1257213783711375360
1257213841680633859
1257214797092921344
1257215541997076481
1257215609600802816
1257215866837532672
1257216267397693440
1257216385345900547
1257216587385487362
1257217056879128576
1257217063438999554
1257217064831520768
1257217178262175744
1257217462350884866
1257217699106762752
1257217722720665600
1257217898189291521
1257217914794582017
1257218299538087936
1257218501816844289
1257218768557821953
1257218882328162304
1257219210213761025
1257219490754048001
1257219539101761537
1257219734426259456
1257220055013773313
1257220367028031490
1257220699401445376
1257220828954947584
1257221357009547265
1257221367516270598
1257221370381041664
1257221442376208384
1257221442707566593
1257221488530337792
1257221919859974144
1257222203407564802
1257222797224443905
1257223061654380544
1257223371533811717
1257223453373083651
1257223560768217088
1257223820496142336
1257224616990388224
1257224809106325504
1257225266423664640
1257225370341904385
1257225409252528128
1257225668754124801
1257226727388057600
1257226955344183297
1257227044678762496
1257227202988576768
1257227455380717570
1257227605020999682
1257227648297771008
1257227947582337025
1257228003857350663
1257228392987934720
1257228718126313472
1257228809629204480
1257229454537043975
1257229552637685760
1257229786814074880
1257229800391036928
1257230440974487552
1257230815240519680
1257231101128564738
1257231374135721986
1257231507770523648
1257231578784305152
1257231897157152769
1257232115248357377
1257233289179529217
1257233389758771202
1257233597989298177
1257233785990656000
1257233915103846400
1257234143127040000
1257234321339023360
1257234380956880897
1257234402440105984
1257234607726043136
1257234818762518529
1257234824626126849
1257235254307426304
1257235332690579456
1257235351862677504
1257235439695671306
1257235580347469825
1257235729958211584
1257236174177030144
1257236378129240064
1257236438145552386
1257236514775486464
1257236548581457920
1257237388629118979
1257237764023750656
1257238437926539264
1257239163134410752
1257240226793218050
1257240397786595328
1257240965556903939
1257241051166900224
1257241072570380293
1257241746175647744
1257241873426583552
1257242126854823937
1257242387304165376
1257242526471290882
1257242671921328128
1257242784592871424
1257242793866661889
1257243060834091010
1257243801304915969
1257243939591131136
1257245311744999424
1257245730596683783
1257245868291391488
1257246704426012672
1257248054249283585
1257248338212204545
1257248463420522496
1257248668010328064
1257248771718742016
1257248812911001600
1257248861762043905
1257248878430228488
1257249225064288257
1257249376180686848
1257249769732349957
1257249865534509056
1257249939320520705
1257249994542743552
1257249998237913092
1257250207605161985
1257250308805328896
1257250379093487618
1257250456490868736
1257251187939778560
1257251241387794432
1257251349202268161
1257251558766641152
1257251857883430912
1257252216253095938
1257252475343642624
1257252843288965123
1257253015456821248
1257253163876450308
1257253421108940802
1257253469464993792
1257253847527043072
1257253894314504192
1257254321672138752
1257254835910475779
1257254887206895616
1257254971780796418
1257255058976264192
1257255129042096131
1257255373700050944
1257255567866953728
1257256024823803905
1257256114116268032
1257256149725974528
1257256175806091264
1257256186342191105
1257256280340738048
1257256575095496705
1257256647786811392
1257256826174951425
1257257254631464960
1257258185301295104
1257258459549937665
1257258599522488320
1257258924161421312
1257259115740626945
1257259348524400643
1257259456502652929
1257259517773053959
1257260104879091712
1257260316569657344
1257260321263083521
1257260958818410496
1257261232538759176
1257261244198903808
1257261705400385538
1257261706566385665
1257261754930913282
1257261982744485888
1257262074821926914
1257262336928296960
1257262963624488960
1257263110865510400
1257263474721292288
1257263586381983749
1257263590807154690
1257263809774878720
1257264279889293315
1257264338169139202
1257264469392023552
1257264470486773761
1257264574065229824
1257265306252304384
1257265322765230080
1257265408085594112
1257265449898782722
1257265727737942017
1257265994822795265
1257266020965847042
1257266474621775872
1257266750632198146
1257267185803685888
1257267272902639617
1257267400845799425
1257267561365987328
1257267715984830465
1257267917772767232
1257268122517745665
1257268950490062848
1257270908814684161
1257271156865929216
1257271726322352128
1257271743250644992
1257271905863831552
1257272035748786176
1257272423432564737
1257272462733082624
1257272828501655557
1257272878254428160
1257273102293184512
1257273276646252544
1257273534440779776
1257273835830853633
1257273941745446917
1257275003592232962
1257275076728283137
1257275078523437057
1257275346392698880
1257275412494852098
1257275450658873345
1257275544577601536
1257275811507441665
1257276032995995649
1257276050209292288
1257276155859800064
1257276297463713792
1257276403684433921
1257277228611756033
1257277433088221184
1257278328014159873
1257278336419663877
1257278380493410304
1257278403503407106
1257278464467533825
1257278646819213314
1257278800339009536
1257278961467314177
1257278969008848898
1257279828815994880
1257280430048292869
1257280564081709056
1257281121097846784
1257281405970714624
1257281611240013824
1257281896935034880
1257282073578156032
1257282613447995392
1257282937097031681
1257283051748503553
1257283253783932928
1257284102631247872
1257284319732813829
1257284831312035843
1257285147319242753
1257285236544733185
1257285556935032834
1257286041637191680
1257286171312480261
1257286336932802561
1257286523864612866
1257286818464034817
1257286861464223746
1257287441725001731
1257287445449760769
1257288066823315456
1257288285866594305
1257288444776243200
1257288541773746185
1257289079168937990
1257289266562039808
1257289394890964995
1257289656758087680
1257289703033896960
1257290038481686529
1257290121059209216
1257290150800953344
1257290244002627585
1257290640980938754
1257290941506953216
1257290980849520640
1257291298035380224
1257291343241625602
1257291360559706114
1257291403950002177
1257291879512715267
1257291917995454464
1257292179892043776
1257292337438429184
1257292436973502465
1257292536269475840
1257292561804337154
1257292710295281665
1257292972774903810
1257293732187189252
1257293845357907968
1257293920934989824
1257294038291472385
1257294039419768834
1257294124488757248
1257294608264028161
1257294751688093698
1257294790401671169
1257294879262224386
1257294986036391936
1257295217792778240
1257295757666852864
1257295888659230720
1257295959903608833
1257296920537640964
1257296929802895360
1257297217792212992
1257297389188050944
1257297418829410307
1257297558424223749
1257297722316599296
1257297738812788736
1257298004039667712
1257298062633910272
1257298092346376194
1257298175230173189
1257299027223367680
1257299122627006464
1257299411870367745
1257299492597981184
1257299574789558272
1257299576014299136
1257299676413300737
1257299869703823361
1257299952570707968
1257300193344737281
1257300432831033344
1257300752973922304
1257300825233391617
1257301180868374528
1257301371147165696
1257301467175804930
1257301525824667648
1257301730934632448
1257301760135307269
1257302250877259776
1257302268409339908
1257302477558493184
1257302641048256512
1257303227210461188
1257303258936287232
1257303289319665665
1257303455904956417
1257303460246179840
1257303849708040194
1257303856737894400
1257303870683983872
1257303924266188805
1257304612521955337
1257304890453311489
1257305551211388931
1257306001478348802
1257306358514249733
1257306474910375937
1257306662718722049
1257306702086430729
1257306959331553292
1257307124691959810
1257307586530963456
1257307683771699209
1257307808992653312
1257307891867873280
1257308090686291968
1257308231174508545
1257308507658842113
1257309024745209861
1257309167401922561
1257309646546563073
1257309793712128000
1257309905716834306
1257309972943138818
1257310019265019915
1257310233057087494
1257310257354686477
1257310301583626242
1257310392444874754
1257310565069774852
1257310647609487363
1257310908260343808
1257310954955538447
1257311128436092935
1257311269117284360
1257311415003566081
1257311609577369600
1257312039971651584
1257312338627031045
1257312657058574336
1257312669402492928
1257312867230953474
1257313195229732864
1257313446938333198
1257313496674398217
1257313857900392449
1257314417957416966
1257314700208955394
1257314926231576581
1257314963732885504
1257315502503809028
1257315569247809537
1257315674247950337
1257315719504510980
1257315743764344834
1257316239728242702
1257317174080753666
1257317191642345473
1257317297728839688
1257318214838530048
1257318243863150594
1257318358271160320
1257318539389591552
1257319033247895554
1257319360420446217
1257319578545254401
1257319582051627016
1257319715690516485
1257319909018632197
1257320181019185153
1257320300183605255
1257320466890407937
1257320835758481415
1257321135517036544
1257321280174346243
1257321420327018496
1257321496042565635
1257321498437488642
1257321960658227201
1257322018137010177
1257322150299500552
1257322494609944576
1257322688932020226
1257322909447516165
1257323109322878976
1257323290000941068
1257323357877362689
1257323524500275202
1257323639302586371
1257323754423595008
1257324208222158854
1257324296881537024
1257324401340616704
1257324565224513539
1257324681499234304
1257324744656826368
1257324922117865472
1257324997380472833
1257325097649680385
1257325811608293383
1257326385602990081
1257326417903120385
1257326484944977922
1257326612279943169
1257326902382977030
1257327193903988737
1257327199822073856
1257327401249452032
1257327485433393152
1257327698659115008
1257328065996378115
1257328155116867586
1257329304918061056
1257329526868267008
1257329614755692546
1257329790769672193
1257329844855005190
1257329954838192128
1257330054973046813
1257330083880218624
1257330171784429568
1257330207083675655
1257330231695880193
1257330655911763968
1257330761079947267
1257331061631201280
1257331426590175233
1257331476909248513
1257331820548538368
1257331998512885761
1257332047808475142
1257332076442943488
1257332168625475584
1257332184693825538
1257332273365557252
1257332429456629760
1257332449740312579
1257332462226677763
1257332538445570048
1257332714891599873
1257332891266187265
1257332932722790405
1257333067519229953
1257333574732259329
1257333866991357952
1257333867494748164
1257333985828638729
1257334170856062977
1257334211545088001
1257334996806914053
1257335196157960196
1257335372411031561
1257335437754064897
1257335464899555329
1257335549054115841
1257335699965181961
1257335725877583879
1257336599785934850
1257336637543063553
1257336662532767757
1257336759752540168
1257336934470430720
1257337396070359041
1257337467482619909
1257337499543842817
1257337587758501888
1257337764179255297
1257337831648907264
1257337852070957066
1257338028978253825
1257338231118606336
1257338631783669763
1257338871077011464
1257339416898605057
1257339722801778690
1257340105871810561
1257340166932439043
1257341038706012160
1257341124030709765
1257341140937986048
1257341177592000515
1257341232327639044
1257341347234746370
1257341603125104640
1257342050506346498
1257342184447246339
1257342489868095489
1257342901853605889
1257343070707896325
1257343111153532928
1257343123300245504
1257343123308634112
1257343125074456587
1257343238769463304
1257343431594119170
1257343569481826304
1257343601807368192
1257343610325999624
1257343691854876674
1257343866946158592
1257343867017474051
1257344119501926402
1257344381834670087
1257344658486804480
1257344730943414275
1257345004697260032
1257345554000031751
1257345729892417538
1257345743016333314
1257345818157289473
1257345994053877767
1257346170512445444
1257346421860315138
1257346568174407682
1257346819081846786
1257347007980670979
1257347980732051456
1257348475232059400
1257348527463829510
1257348652114366471
1257348828342161408
1257348875930796034
1257349005002125313
1257349135348482048
1257349563511422977
1257349702510616578
1257349793254440961
1257350544059969537
1257350547906220033
1257350611105992705
1257350687337451521
1257350744661004290
1257350868292251650
1257350929537433601
1257351286900559872
1257351298472689666
1257351320312430592
1257351793757040646
1257351815332540418
1257352053527101441
1257352562497421317
1257352645909585921
1257352787664539651
1257353505905442819
1257353525358714882
1257353655801597954
1257353701901074434
1257353720192524293
1257353790124175365
1257353966825979904
1257354319650869252
1257354348616732678
1257354471379779585
1257354475695636480
1257354617496784903
1257354633791574016
1257354738078822403
1257354940160360448
1257354957629636614
1257355157110689792
1257355677577732097
1257355720548376576
1257356096517427200
1257356184958439425
1257356358619410434
1257356361379217409
1257356411245395970
1257356424482639879
1257356449828700169
1257356626287353859
1257356751306883072
1257356802540408833
1257356853098557531
1257356979305095168
1257357175556648960
1257357469183066114
1257357506332033024
1257357527156756486
1257357535637639172
1257357582634815493
1257357737605857282
1257357746493689858
1257357767330926595
1257357964526194690
1257358006007758849
1257358357507321862
1257358485488099329
1257359103980195842
1257359108052828160
1257359256568897539
1257359284922351617
1257359364618412033
1257359374160408587
1257359461158699009
1257360137125277701
1257360551182819332
1257360788798484480
1257360929932611584
1257361679077330945
1257361767249915905
1257361943431712768
1257362074046431235
1257362120162906115
1257362230506598400
1257362296956911617
1257362893881950213
1257362935170637825
1257362939197128707
1257362981056327681
1257363030196850688
1257363135947837441
1257363324959952897
1257363609463795720
1257363718540857344
1257364260516237317
1257364485234458624
1257364608651837443
1257364774788255754
1257365351131643905
1257365579981348865
1257365600994803718
1257365630497574913
1257366080990916608
1257366327590862853
1257366481618251778
1257366607917191169
1257366759490936832
1257366906992037889
1257367012331962377
1257367151549255685
1257367199112736778
1257367758486061058
1257367765406580736
1257367841998856196
1257368134446649346
1257368219817521154
1257368407101575174
1257368514291273730
1257369199707652103
1257369650389753856
1257369774578896900
1257369950458728449
1257370401849704448
1257370481088495616
1257370563183607815
1257370696860291074
1257370718087626770
1257371218405208065
1257371552460476417
1257371576070217729
1257371607900868608
1257372238531133441
1257372355468328961
1257372622716841984
1257372670330617859
1257372681349013505
1257372683085533187
1257372686084431873
1257373726674477056
1257373824309440513
1257373961496731648
1257374134264266755
1257374138324398080
1257374309158445062
1257374426708029440
1257375130789052416
1257375224531738626
1257375309403435008
1257375445793808386
1257375687058563074
1257375706750861313
1257375865832431619
1257375973995163648
1257375992232005635
1257376096850456578
1257376468016996353
1257376468910387211
1257376515068747778
1257376546559582209
1257376709206294529
1257377740895981568
1257377770629365760
1257378021301944321
1257378470608371716
1257378475570278407
1257378630285570048
1257378818257498117
1257378969105698818
1257379176111378435
1257379287017103362
1257379494572240899
1257379555523932160
1257379603024396288
1257379979509272576
1257380125861203969
1257380466472161283
1257380479432560645
1257380635259351040
1257380785495179272
1257381269123616774
1257381351747190791
1257381834335367169
1257381959380189186
1257382000685715457
1257382178201186305
1257383138063536128
1257383461247168514
1257383507548127233
1257383511008456706
1257383712507023365
1257383788767784960
1257384103223140353
1257384159259082752
1257384210182156288
1257384405859000321
1257384535660138496
1257384603519782915
1257384656820940810
1257385115627532288
1257385499637035012
1257385511477481477
1257385873928343553
1257385892710359043
1257386141780770817
1257386143315828737
1257386235124944897
1257386592081149961
1257386699069554689
1257386951457615872
1257387022274236417
1257387126704005122
1257387337207644167
1257387455600308231
1257387819644878848
1257388147970891778
1257388150135173123
1257388915067179011
1257389005584453633
1257389489091117063
1257389831816196102
1257390190307545091
1257390500778311685
1257390679409545223
1257390702541058048
1257390842333007872
1257391113394098177
1257391217022767104
1257391444903563278
1257391519557959683
1257391958370254850
1257391984077127682
1257392062795825152
1257392458750742529
1257392555119071232
1257392874796322816
1257393242120781826
1257393251033718785
1257393325289676807
1257393653095575552
1257393880376451074
1257393910067970049
1257394035322507266
1257394339078189056
1257394492493172736
1257394594381266946
1257395083764281345
1257395114529501186
1257395159463079939
1257395458286247937
1257395469136867328
1257395897715089411
1257396270953566211
1257396444006359059
1257396564236144640
1257396931061526528
1257397164914991104
1257397454405844997
1257397543182512129
1257398141449572354
1257398157996109826
1257398392982065154
1257398499332829185
1257398595906666496
1257398632619393024
1257398669202132992
1257398703649890305
1257398741029588992
1257399390182019076
1257399873722363904
1257399953510596609
1257400079998234632
1257400277365383168
1257400292548714498
1257400967953354757
1257400997778993155
1257401355733479430
1257401366391201792
1257401686957740032
1257402143016968192
1257402737341366280
1257403773951107074
1257404185752088581
1257404354258243584
1257404415713173504
1257404454111817729
1257404750687080449
1257404962222624768
1257405267794419713
1257405774751576064
1257406144731111424
1257406376327987200
1257406425694900226
1257406588454830083
1257406617517203456
1257406673511002114
1257406774589763585
1257406950377246723
1257407276710854662
1257407521129730049
1257407885576769536
1257408282983124998
1257408676853358598
1257408681315938305
1257408699309662208
1257409126742683648
1257409327402549249
1257409471216783361
1257409691560423434
1257410229773500421
1257410656405356544
1257410841848066048
1257410871766245380
1257410892146397184
1257411009125416960
1257411199660183559
1257411866147598337
1257411952529289220
1257412036801310722
1257412129906257920
1257412386623049728
1257412757906812928
1257413014686437376
1257413043321016321
1257413325874331648
1257413673578115075
1257413814804504576
1257413837726367745
1257414169009295362
1257414261925720068
1257414831386304512
1257414970020675596
1257415090875387912
1257415278331338759
1257415349760294913
1257415552227737601
1257415782327353344
1257415967271006209
1257416166294925314
1257416378925174784
1257416512912142336
1257416685092569092
1257416698560380932
1257417141336395784
1257417284542443521
1257417299931381777
1257417300870942728
1257417632652853253
1257417855714439168
1257417876128006145
1257418350692532232
1257418546163875841
1257418936544628736
1257419227323129856
1257419452485898241
1257419574238216193
1257419633780576259
1257420176028585984
1257420333314969603
1257420380513468416
1257420872211628033
1257421773433442304
1257422440071905283
1257422813255929857
1257422855299620874
1257422903945170945
1257423731225436161
1257423835311325184
1257423882350399494
1257423973362565120
1257424563958427648
1257424763154247680
1257425257348116483
1257425284426579975
1257425632528666631
1257425798497292289
1257425810241323009
1257426280368214016
1257426349452599297
1257426410639163394
1257426489663987713
1257426604575412226
1257426662842601474
1257427011024322561
1257427012609814528
1257427272119746560
1257427325332971526
1257427600005357574
1257427882848157702
1257428030672248836
1257428104773017601
1257428379143372800
1257428545728544768
1257428962323714048
1257429050357841927
1257429280994275331
1257429353056677893
1257429464855842820
1257430132035391492
1257430136636551168
1257430170602004480
1257430180815155204
1257430436403429377
1257430437733052417
1257430440585105412
1257430442065768449
1257430655648047104
1257430908807917569
1257431007281778688
1257431176177991680
1257431238190813184
1257431541485047812
1257432151940829184
1257432271436611586
1257432332790890496
1257432334275616768
1257432684869169158
1257432908714971136
1257433001870479361
1257433087635533824
1257433153192501251
1257433241017090056
1257433285661204480
1257433607993462784
1257433682081656833
1257434124597571586
1257434212061384704
1257434213965615106
1257434303912427520
1257434491230052352
1257434671304097793
1257434959532494849
1257435085231525890
1257435311518466049
1257435421807652871
1257436474796015616
1257436589237641217
1257437002158481413
1257437203787022344
1257437208681775105
1257437642842660870
1257437890138853376
1257438050562576384
1257438130745094145
1257438403991425029
1257438420890247172
1257438602868469761
1257438705981239296
1257438932117184513
1257439104507224066
1257439611741224967
1257440315457318918
1257440418947530752
1257440752285691904
1257441764283211780
1257441905249587201
1257441976594640897
1257441981619490819
1257442016734126080
1257442043640586246
1257442081976573953
1257442110443270144
1257442447245881345
1257443320747429890
1257443410044162055
1257443599005908992
1257443713107800064
1257444001160015876
1257444247353069568
1257444258723827713
1257444479080042499
1257444502496829441
1257444602585415681
1257444622923677697
1257444655861501952
1257445030144495618
1257445051925434369
1257445233236860928
1257445235442974720
1257445425960882178
1257445789024083971
1257445968393506816
1257445997938163715
1257446180293873664
1257446293804404737
1257446929799221254
1257446963135602689
1257447060556730373
1257447245328375813
1257447487918481415
1257447668281991170
1257447756949528580
1257447782002147332
1257447887040122883
1257448141198106628
1257448574348079104
1257448808511930371
1257448813150732289
1257448884420464642
1257449105514795009
1257449458045988869
1257449761814216705
1257449858761396224
1257450739569475589
1257450838286651394
1257451324515454976
1257451431826788358
1257451435765248002
1257451793841377280
1257451926775574531
1257452662376869889
1257453276032892941
1257453326645571585
1257453491519459340
1257453625867206658
1257453694314065920
1257453808428482560
1257454280342192128
1257454595611283456
1257454738775445506
1257454836334854144
1257455236219879424
1257455625161912326
1257455631856009216
1257455827012763649
1257456116117667841
1257456613247631369
1257457156414201858
1257457223187472384
1257457390657691650
1257457572191363073
1257457808905244674
1257457838470959109
1257458401438846978
1257459841859280896
1257459853083185154
1257460515699412994
1257460760957136897
1257460877193875462
1257460931149336579
1257461057062350852
1257461073818640385
1257461095746482176
1257461112142024704
1257461130861174786
1257461203833622529
1257461250591727617
1257461270946754565
1257461309857202177
1257461392476684289
1257461631094792193
1257462592341147650
1257462660926496768
1257462668946006018
1257462730824519680
1257463127576363016
1257463150737346562
1257463665290293249
1257463936653410304
1257464306137993219
1257464312521723904
1257464954942341121
1257465243355267073
1257465331590868994
1257465332798828544
1257465334048620544
1257465335139250176
1257465619441745921
1257465620427309056
1257465621731856384
1257465623396978688
1257465849570607106
1257466099517587458
1257466102189359105
1257466103212716032
1257466224499470338
1257466298621022209
1257466315893284864
1257466617698701312
1257467133971308546
1257467174911913989
1257467426494730245
1257467729562537986
1257468166101512193
1257468448147492865
1257468572194017280
1257468659347402752
1257468660408619008
1257468683728928768
1257469182238699520
1257469228594024448
1257469243324596235
1257469280771162113
1257469324975054850
1257469370076454914
1257469424375914496
1257469449193619457
1257469450175033348
1257469624775593984
1257469947346743296
1257470302310797312
1257470339141046280
1257470394388418563
1257470487933919232
1257470583463456768
1257470631152619524
1257470780801118208
1257470884274733057
1257470950146109440
1257470998682558464
1257471131348537344
1257471328669425664
1257471398756462594
1257471583066755072
1257472090313285632
1257472476109590528
1257472511970852866
1257472512155361281
1257472546338942977
1257472938845990912
1257473045763166209
1257473735696752641
1257474032104026115
1257474236899352578
1257474758024794114
1257475165694328834
1257475182723284993
1257475527713214465
1257475880085008386
1257476027250606090
1257476176785952771
1257476563836252165
1257477059242270727
1257477183448272901
1257477244030599168
1257477452047224834
1257477452101713921
1257477505981841410
1257478344771342337
1257478667841810433
1257478811861626880
1257478890471084034
1257478941926973440
1257480144840581120
1257480148233797632
1257480203238023172
1257480351330570242
1257480901463867397
1257480976856502272
1257481287280889856
1257481491128258562
1257481753133903872
1257481786516557824
1257481804921163776
1257482011872288768
1257482154335969281
1257482665600536576
1257483236923658241
1257483918862774273
1257483922780323841
1257484011825479680
1257484074421309440
1257484159766933506
1257484164669947906
1257484171628298241
1257484305917411329
1257484461844738050
1257484470636216325
1257484775230758914
1257484795191443456
1257484796365729793
1257484797435211776
1257485329105399809
1257485346121453569
1257485793767100416
1257485990874230786
1257486037913403396
1257486175448846337
1257486365651959809
1257486384857788416
1257486517230080006
1257486583311159296
1257486751007940609
1257486879831851008
1257487486449836032
1257487632847851523
1257488017637421056
1257488206939000833
1257488352519098368
1257488393677701121
1257488636209135616
1257488767318994944
1257488936441540608
1257489053844475909
1257489404664393728
1257489435899420676
1257489597334007810
1257489830788976640
1257489920555315201
1257489951664549889
1257490488279605255
1257490806031691782
1257491057354424320
1257491217950167041
1257491281434955776
1257491284375351300
1257491547068776454
1257491590769070080
1257491877110005760
1257492246103982081
1257492380304859136
1257492474102272001
1257492772975546369
1257492774963871745
1257493951663296517
1257494955389583361
1257495201246896128
1257495241612910593
1257495248080531456
1257495249347207170
1257495304858931200
1257495367513341953
1257495428603482112
1257495617237970945
1257495636544417792
1257495722758492161
1257496493491195909
1257496549959045120
1257497469056962560
1257497508386930688
1257497742898855936
1257498170726195202
1257498188853833728
1257498411902873605
1257498659522056192
1257498783212089345
1257499207377850368
1257499274394374149
1257499397849522176
1257499523250823168
1257499576174510080
1257499694663524353
1257499796602073089
1257499803761721344
1257499822233452544
1257499846308757505
1257499899014213634
1257499900054392832
1257499906190663687
1257500681080094722
1257500733638926343
1257500740127526917
1257501063256649728
1257501279229579264
1257501517340454916
1257501590786695168
1257502170221436930
1257502587814846472
1257503213806329857
1257503453338836993
1257503772068249601
1257503825566433281
1257503864653217793
1257504228978851845
1257504284427550720
1257504678956302340
1257505033815388161
1257505057626619907
1257505071052414976
1257505702064451585
1257505752891129856
1257505788811149314
1257505808171978752
1257506836921618433
1257506882400530439
1257507216392937472
1257507219417051137
1257507546753048576
1257507665368043520
1257508176829788161
1257508193116327936
1257508724698157058
1257509218686566401
1257509348437344257
1257509730811105282
1257509920532029452
1257510434812252160
1257511280006426624
1257511397895929865
1257511637164097541
1257511734258077696
1257511910154665984
1257512173867347973
1257512313256542210
1257512350338383872
1257512446576562176
1257512526377598977
1257512897288245248
1257513108249153537
1257513159595896838
1257513413389008896
1257513713063604227
1257513834526498826
1257514300148678656
1257514388057214977
1257514563895021569
1257514652013076481
1257514715019972611
1257514828220022784
1257514868300673026
1257514869340860417
1257515004833812481
1257515144902520832
1257515180726063109
1257515261646843904
1257515368555347970
1257515468728008705
1257515544007176195
1257515581479116800
1257516183303192576
1257516439763857408
1257516865166991360
1257516969605005312
1257517071669194753
1257517586562105344
1257518838855368705
1257519032783310850
1257519559109722113
1257519774638108673
1257519866107490304
1257520943607537664
1257521220662308866
1257521320000135168
1257521332847181827
1257521670748696579
1257521675140239360
1257521736611958790
1257522131291770881
1257522861960560640
1257523242123907072
1257523619669970948
1257524008213458947
1257524080431030272
1257524502239510529
1257524562067161088
1257524749804220417
1257526065217499138
1257526836130508801
1257526972156166144
1257527701360898051
1257527792952127489
1257528218526965762
1257528283110858752
1257528499298017286
1257528962835779590
1257529006481686528
1257529064409235457
1257529161536753665
1257529434384498688
1257529842427445248
1257529849712750592
1257529969615364098
1257529982055788544
1257530484176883714
1257530819800948737
1257530857755160576
1257531176476119041
1257531736369455104
1257531869089988608
1257532465985531905
1257532915589709824
1257533362971062272
1257533464187940865
1257533867751141376
