1257534603570667528
1257534637137711105
1257534839659651072
1257535202320166915
1257535545955270656
1257535570718253056
1257535642889846784
1257535905675579395
1257536395582640129
1257536876220747782
1257537316203134976
1257538077079281664
1257538213507448832
1257538242053730304
1257538708364046336
1257539386176155653
1257539594662187011
1257539728888471554
1257539888058109954
1257540070065790977
1257540695163834370
1257541070230966274
1257541118268448768
1257541256512704513
1257541499430023173
1257542397162127361
1257543052777918464
1257543215101743104
1257543441824862209
1257543601531301893
1257543689272000513
1257544052465115136
1257544357193924614
1257544532931096582
1257544620860485633
1257544796442439681
1257544816197419009
1257544943767179267
1257544972439621635
1257545112193839105
1257545148189282304
1257545916371927040
1257546090846523392
1257546767635103744
1257546941434679297
1257546973772734465
1257546987072823298
1257546999777329152
1257547085873852416
1257547261447475205
1257547349351698433
1257547367496196097
1257547415554535424
1257547525214613504
1257547562606788613
1257547701203468288
1257547876651216896
1257548838589661190
1257548852976025606
1257549650233626624
1257549738003574784
1257549913602306048
1257550001791733761
1257550177986056193
1257550240808345600
1257550354520125440
1257550472279478275
1257550530047549441
1257550988132487168
1257551429050474502
1257551488705900545
1257551691014176769
1257552304452120577
1257552392377249793
1257552570475782144
1257552658765840385
1257552834796621825
1257553011146194945
1257553032650293249
1257553189408301057
1257553213361999872
1257553301178023936
1257553491347660800
1257553609044176896
1257553732583202816
1257553835452661761
1257553876611284996
1257554006504804352
1257554022262886400
1257554192757129216
1257554825899839488
1257554963967983616
1257555054086762496
1257555237008748545
1257555329493106688
1257555334283083778
1257555506299899904
1257555574314713088
1257555682150297600
1257555857845387264
1257555891731288066
1257556120727584773
1257556203166674945
1257556610123272193
1257557090467545090
1257557168695345153
1257557185099231235
1257557583319072768
1257557631507578883
1257557719340457984
1257557743277391873
1257557895098634240
1257557949716856835
1257557982910570497
1257557991722758151
1257557993501208577
1257558158819708941
1257558189144444929
1257558324418981889
1257558334787510274
1257558510310699008
1257558924154286080
1257558942386917381
1257559447150321665
1257559528285122560
1257559866786316289
1257559913867251713
1257560284299956227
1257560372183273473
1257560548155277312
1257560636013391873
1257560702153371648
1257560811742076928
1257560919263055873
1257560927047684097
1257560987881930759
1257561026066874368
1257561036246454272
1257561038054096897
1257561163858149378
1257561258632663046
1257561529416851456
1257561726607900673
1257561778566975488
1257561904769310731
1257562058293309441
1257562619013144576
1257562680677642240
1257562937578917889
1257563025659310081
1257563202457686017
1257563231943606272
1257563290345103360
1257563465872539648
1257563469471191040
1257563641781596160
1257563817338376192
1257564465605861376
1257565115232202754
1257565322254651392
1257565649464971274
1257565733070012417
1257565846144118784
1257566387867922432
1257566460085403649
1257566597004361728
1257566770174582785
1257567063910027265
1257567175201734656
1257567235578777600
1257567273683955712
1257567466164588546
1257567519629598720
1257567607781277696
1257567784504041474
1257567793819475968
1257567961436565505
1257568137257594880
1257568236440178689
1257568245806227456
1257568260981166081
1257569334840512512
1257569337134780416
1257569489782276096
1257569857161265157
1257569910546411521
1257569998916255745
1257570174707908608
1257570262490513408
1257570283386437633
1257570438512771074
1257570614539423744
1257570790498881536
1257571102114615296
1257571381937688576
1257571395489411072
1257571505472503809
1257571617418469376
1257571740051361792
1257572215807229952
1257572430136119301
1257572603864190978
1257572930856288257
1257573420746919936
1257574071296036864
1257574253890863105
1257574344785637376
1257574668799741954
1257575523833786373
1257576025283649538
1257576204082614274
1257576263742566400
1257576424199708672
1257577157418606594
1257577455398895616
1257577605764653056
1257577649989443597
1257579204662657024
1257579344702197760
1257579466819239936
1257579556401303552
1257579702778200066
1257580741250121730
1257580903070609408
1257580994019897344
1257581558916984832
1257581560489848833
1257581624763363328
1257581683785658368
1257581684800630786
1257581690295398400
1257581740828372992
1257581742170521600
1257581903227617280
1257582249509298177
1257582622483628032
1257582941418303488
1257583720112013313
1257583884931264513
1257584227391946752
1257584470149849088
1257584643991384066
1257584982454947840
1257585325020450816
1257585465718452224
1257585545611481088
1257586167815516160
1257586284232691712
1257586338293002240
1257586373957165056
1257586512864083970
1257586636730232832
1257586711623802881
1257586822697418752
1257586909444014081
1257586975915327488
1257587173290901505
1257587345001512960
1257587419014205441
1257588009391861760
1257588048088399873
1257588184260603904
1257588750776967168
1257588922185588737
1257589402467008517
1257589733196132353
1257589735356166144
1257589909377781761
1257590248583954432
1257590981119168512
1257591261038432257
1257591668712366081
1257592139615215616
1257592450379587584
1257592855037644802
1257593486234267648
1257593513811701760
1257594015379271680
1257594421463388162
1257594947659849728
1257595120108605441
1257596001352810496
1257596408191807490
1257596495672619009
1257596753811046400
1257596786727718916
1257596789588283392
1257597071009382400
1257597162084397056
1257597165297233920
1257597515018522624
1257597693427249158
1257597907320147968
1257598223788711936
1257598265261821952
1257599173932863489
1257599701097955329
1257600024038473728
1257601028066770946
1257601432653611008
1257601531987320834
1257601798149373952
1257601954567643136
1257602046037053441
1257602159484559360
1257602596530946049
1257602753842630659
1257602916543868931
1257603186099093505
1257603315405336578
1257604185564086272
1257604562128711680
1257604712427163648
1257604717196132352
1257605087557488641
1257605129634750465
1257605257770786816
1257605296232361987
1257605502797860866
1257607071589175297
1257607124332548096
1257607249545121794
1257609245974913025
1257609811904077824
1257609880913039361
1257610653436698624
1257611041590124544
1257611089417814018
1257611860007886849
1257612700538019840
1257613034354327552
1257613145125711872
1257613246573527040
1257613481353895937
1257613919377653762
1257614794896498688
1257616048515317761
1257616200294596609
1257616222654431234
1257616225204486150
1257616322139168769
1257616539643269121
1257616710712115200
1257616769155555328
1257616921169559553
1257616943072382977
1257617051012694016
1257617182525095936
1257617214800138242
1257617282454425600
1257617471370072064
1257617984958406657
1257617990138331143
1257618530519973888
1257618577596743684
1257618583015829505
1257618634052116481
1257618703006474241
1257618724020006913
1257618864894083072
1257619002727305218
1257619227252527104
1257619258827321345
1257619291064676352
1257619292121706497
1257619315223859201
1257619412036669441
1257619469024866304
1257619532287479809
1257619585429393408
1257619654564024320
1257619680115650561
1257619718573187072
1257619726722834432
1257619742224941056
1257619902812360705
1257619941005635590
1257620067816214528
1257620118760284162
1257620148674052098
1257620164109008897
1257620240575447040
1257620280085745665
1257620509161857026
1257620557035692032
1257620579026419712
1257620683863048192
1257620851727503360
1257620916055441408
1257621190098771969
1257621423390154752
1257621768816095232
1257622162329997312
1257622365363752962
1257622468556197888
1257623456591409158
1257623477592489986
1257624117953650688
1257624590915903489
1257624622293495809
1257625000162603008
1257625302089568270
1257625889770221569
1257625920178970624
1257626038865022977
1257626185120411649
1257626727632658432
1257627190075830272
1257627376474664960
1257627444594593792
1257627489943326720
1257627676434710528
1257627707262763009
1257627779081932806
1257628820472987650
1257628874256420865
1257628996394598400
1257629554505445376
1257629983029309440
1257630059055255552
1257630625017847808
1257631197561307137
1257631462767104000
1257631795249655813
1257631881128038401
1257632012606865411
1257632117208633344
1257632498583957504
1257632569601986565
1257632580863766528
1257632725948760066
1257633228883623936
1257633508358533120
1257633530613501954
1257633555615637505
1257634328697286657
1257635442029203456
1257635537411887105
1257635736335106048
1257635808493830144
1257635916002271232
1257636450952187904
1257636771166392321
1257636818993860609
1257636926649073671
1257637933697454080
1257638404759719939
1257638623178117120
1257639086833020931
1257639097142669314
1257639175895031808
1257639369516687360
1257639489498988545
1257639826150445061
1257639856043425793
1257640026311196673
1257640032967458816
1257640073190924293
1257640103012380672
1257640748532580353
1257640928774361089
1257641160836866048
1257641553386000387
1257641927576518656
1257642034233573379
1257642717519151104
1257642832900349952
1257642915763048448
1257642921362370565
1257642933509132289
1257644080252813312
1257644235114852352
1257644306061549568
1257644628523855873
1257644906669051905
1257645038785396737
1257645304431562752
1257645337008836610
1257645764701876224
1257645765448491008
1257646072312274948
1257646120236388352
1257646155078553602
1257646521413259264
1257646778675060736
1257647793797304320
1257648079047663618
1257648092452716549
1257648302880849926
1257648517608333313
1257648754590658560
1257649446973775873
1257649515206774784
1257649776163729415
1257649867452829697
1257650101507547137
1257650131052244993
1257650140082388995
1257650237147054081
1257650306730647552
1257650723535241217
1257651112385163265
1257651137487884289
1257651669376131074
1257652004886679554
1257652224517386241
1257652497042288640
1257652660699893760
1257652928019652609
1257653135381794817
1257653222682001409
1257653424096718849
1257654106568691715
1257654220636946433
1257654452342972419
1257654552519520256
1257655119606358020
1257655180675420161
1257655267916996609
1257655834772897792
1257655955963215872
1257656393944961024
1257656396553781248
1257656423032320003
1257656678025179137
1257656707527966722
1257657160026054657
1257657307174858752
1257657546179072000
1257657693889802240
1257657694342832132
1257657801532272640
1257658061789028352
1257658113722691584
1257658217703841792
1257658343788855297
1257658667819651072
1257658829791268864
1257659777150304257
1257659857630646273
1257659879281422336
1257659943534067713
1257659974723010563
1257660142625214465
1257660256370536448
1257660289253851136
1257661694190538753
1257662081077108736
1257662255900098560
1257662353740570624
1257662356538130432
1257662789709180928
1257663063291019265
1257663199480090629
1257663473900826630
1257664136747651072
1257664231224164355
1257664231710720000
1257664249142423555
1257664554512846848
1257664558648496129
1257664724046471168
1257664960945061889
1257665032990494722
1257665163701952513
1257665234438774784
1257665275681439744
1257665289535315969
1257665355796803585
1257665494766645250
1257665620654592002
1257665655387705345
1257665722144210945
1257666123627143168
1257666430146879492
1257666564263940097
1257666850785280003
1257667738266468352
1257667863751667712
1257668246620327937
1257668330040819712
1257668679489200130
1257668736170983424
1257668763001991168
1257669022709145601
1257669344571637762
1257669593788747782
1257669815973666817
1257669857396568064
1257670050514972672
1257670326324023304
1257670696475467782
1257670707531710472
1257670730596134917
1257670917934678016
1257671455082516480
1257671537764773888
1257671593066708992
1257671675153440769
1257672212926140417
1257672411551416323
1257672884836691968
1257673199812251649
1257673274366050304
1257673429609779207
1257673438224842753
1257673870615523329
1257674171452030976
1257674231782838272
1257674265916145664
1257674316273025032
1257674637845991426
1257674656405794816
1257674827357396993
1257674910308028416
1257675163900030978
1257675304895516676
1257675393185779712
1257675582919315456
1257675774397681666
1257675951728586752
1257676120943722496
1257676187352150021
1257676245711683584
1257676559244070912
1257676571780972544
1257676868943327235
1257677132198805505
1257677336364888064
1257677427897221121
1257677613042188291
1257677670730608642
1257678304024420352
1257678451148029952
1257678649274359809
1257678680601489408
1257678833626603521
1257678840513679364
1257679541922824192
1257679633954242562
1257679756423843845
1257679768004296706
1257679891258118144
1257680329755652096
1257680677648191492
1257680963506565121
1257681014677295105
1257681030502383617
1257681743080898560
1257681743387205633
1257682133491081217
1257682184007110659
1257682268165943296
1257682326093520897
1257682333861318656
1257682334180139008
1257682386789126144
1257682590766522376
1257682616557289474
1257682658039128065
1257683208964960257
1257683291534024705
1257683312190976000
1257683480265347073
1257683844108619778
1257683920897925120
1257684022177796100
1257684268949606400
1257684960611389441
1257685158687322113
1257685632865927168
1257685725165899777
1257685862453776390
1257686101894090756
1257686222224457730
1257686270324518912
1257686272182595584
1257686365417934850
1257686825717714944
1257686826728513538
1257686981288644609
1257687187065311234
1257687372843700225
1257687627228016640
1257687632701648896
1257687683826020354
1257687798062120960
1257687902278033408
1257688201910771713
1257688621563310083
1257688877441126403
1257688943442739200
1257689054562353152
1257689141833162752
1257689397681586176
1257689620818599941
1257689641882284032
1257690030828433408
1257690183090266115
1257690307552071683
1257690752852922370
1257690908658741248
1257690920725536775
1257690954884153344
1257691028863152136
1257691294027087873
1257691457873424386
1257692166077452292
1257692166408884225
1257692758229291008
1257692787346231296
1257692913494036480
1257693110995496960
1257693345100505088
1257693945947140103
1257694170334060545
1257694579249348608
1257694632026288138
1257695379556126720
1257695551069577218
1257696661926809602
1257696840704651267
1257697077556965377
1257697413168496641
1257697437499691010
1257697472648019969
1257697676914642944
1257697849002938373
1257697960080609282
1257698626995916800
1257698634440810500
1257698888930263045
1257699899807801344
1257699930648514562
1257699954870583296
1257700060168695811
1257700144151232512
1257700168557686784
1257700354109685762
1257700629595774976
1257700639276257280
1257700784562671624
1257701113379401732
1257701154600992769
1257701226172514305
1257701925472161792
1257702106477330434
1257702123355201536
1257702365823741953
1257702382777044992
1257702489110925312
1257702504877510657
1257702510040616961
1257702614684233732
1257702622980485120
1257702929265500161
1257703070559080453
1257703308153835522
1257703466463629313
1257703680696029184
1257703705727528962
1257704352459952129
1257704456902324228
1257704870561280001
1257704929499787270
1257705063675572224
1257705155090358273
1257705352386183181
1257705695929085952
1257705809359835137
1257705880327344128
1257705978545438724
1257706196619927554
1257706221085360129
1257706280237649922
1257706950567084037
1257707353656512513
1257707537778053121
1257707751742078981
1257707823456235522
1257708278072647680
1257708414806851584
1257708603840004096
1257708658466664448
1257709044497879043
1257709077595029504
1257709275826323458
1257709451353743360
1257709791788568579
1257709854539513865
1257710075969339397
1257710095808565256
1257710422745968640
1257710633941905408
1257710913689399298
1257711221899513856
1257711367701872640
1257712060428726272
1257712169464053761
1257712285382033410
1257712462729670656
1257712544720003072
1257712591691853825
1257712735003070464
1257712936967188483
1257713662405607425
1257713670190174208
1257714085950521344
1257714089826168832
1257714199813337093
1257714211792105473
1257714498187800577
1257714670942683142
1257715138670604288
1257715281432064014
1257715327745613825
1257715690653409280
1257715737256476672
1257715763676418048
1257715892907061249
1257715980798701578
1257716298110427142
1257716544307630086
1257717001339965440
1257717059754045448
1257717294333145091
1257717726484680706
1257718255436906496
1257718568797511680
1257718611285807104
1257719265370738692
1257719634855370752
1257719761108164610
1257719765403078657
1257719852959240194
1257720275787005952
1257720734886985729
1257720855750008837
1257721148227252224
1257721567301246976
1257721714533957632
1257722114490204161
1257722377020018688
1257723373016231937
1257724022915137536
1257724163671851008
1257724391015747587
1257724425077690379
1257725000020262919
1257725086385176577
1257725261283356672
1257725376018542593
1257725516175605764
1257725558005338112
1257725713504821249
1257725808359223299
1257726245070147584
1257726594086580224
1257726656648642560
1257726720532152323
1257726814396600320
1257726996014120960
1257728563970785280
1257728569490489345
1257728794976227328
1257729011385462786
1257729151584305157
1257729288884887556
1257729579831234560
1257729731824410626
1257729922778497024
1257730339990048768
1257730410764595200
1257730692420710401
1257730799270424577
1257730930355195906
1257731479586643976
1257731694657826817
1257733333590536192
1257733571508232192
1257733618463436800
1257733644090630145
1257733938862153728
1257734075848232960
1257735226056339456
1257735283337912320
1257735597852065792
1257735942695084032
1257737058069684224
1257737078768496640
1257737612774633472
1257737759587885056
1257738879194607616
1257738887180492801
1257738896290570245
1257738906675576832
1257738929329094656
1257738986262593536
1257739008588709888
1257739013915631617
1257739033272254468
1257739051110670337
1257739051932758017
1257739080537866242
1257739083503337474
1257739113945608195
1257739131402063872
1257739133457489920
1257739201497333760
1257739247521533952
1257739254777577472
1257739255276863490
1257739258959327232
1257739260578484225
1257739268891394048
1257739361178828810
1257739381281976325
1257739572504559616
1257739646093733889
1257739662673788935
1257739787924054016
1257739876448993282
1257739901182922753
1257740085912633344
1257740094057918464
1257740336803217416
1257740392113467392
1257740848646762499
1257741060261974016
1257741328311627778
1257741348821762049
1257741404312342528
1257741608293994496
1257741813349101569
1257741826443919367
1257741964163850246
1257742372084961280
1257742656743997443
1257742660703584257
1257742687614251017
1257742749660561409
1257742967185571841
1257743218722181122
1257743311886057479
1257743839235911680
1257743887113744385
1257744821025898497
1257745217463160832
1257745245430784001
1257745388523552768
1257745764752723969
1257746242966298626
1257746570138857472
1257746570776371200
1257747492466233360
1257747781726253056
1257748136052822016
1257748336280580097
1257748411974991872
1257748591390732289
1257748689474539522
1257748769254318088
1257749058187407361
1257749145470881793
1257749201720610817
1257749698955415552
1257749914630717441
1257749925372334082
1257749948164177920
1257749976182071297
1257750015671500801
1257750194269106176
1257750706737594368
1257750757874503685
1257750853231968256
1257750918910664706
1257751026020618240
1257751214856581120
1257751233990995974
1257751272855408645
1257751427130286084
1257751729547939841
1257751965867618304
1257752120469737472
1257752363621740545
1257752623563882499
1257753131787726848
1257753268907847687
1257753362453454851
1257753642557476864
1257753693275017219
1257753790280802306
1257753882274529282
1257754123706998785
1257754205000839175
1257754653070163969
1257754698670411776
1257754799719710722
1257755094453571587
1257755203253743617
1257755269775478786
1257755971029524497
1257756086968496130
1257756494239498243
1257756751107182592
1257757174497005573
1257757659887030272
1257757693462237184
1257757824119005184
1257757942851317762
1257757992449118209
1257758101467312129
1257758441122131968
1257758781607419904
1257758969382219779
1257759111527030784
1257759514624954369
1257760206450196483
1257760529696935938
1257760620830765058
1257760634600665088
1257760811365412865
1257761507137540097
1257761632282951680
1257761737073324032
1257761788168474624
1257762194575577089
1257762299789504512
1257762320912207878
1257762369620639748
1257763151212396544
1257763846699147265
1257764366704918529
1257765210695315456
1257765441189163010
1257765486814613504
1257765608772349952
1257765742159646721
1257765859398832129
1257765976751378432
1257766082229743616
1257766136646696960
1257766431623720961
1257767004481748995
1257767176104222721
1257767310586241024
1257767513410211844
1257767696931917824
1257767723423031296
1257767824069742594
1257767943615778817
1257768128819298307
1257768746917212160
1257768795399127047
1257769273583419393
1257769639871946755
1257769685791244288
1257769953803075590
1257770041896034304
1257770125564010496
1257770227607064576
1257770423082782725
1257770674417885186
1257772024803414021
1257772079920738306
1257772449569083397
1257773275377254400
1257773573776773122
1257773639610454016
1257773745583714304
1257773909652525058
1257774042624544770
1257774463015256064
1257774491251417088
1257774576248987651
1257774743677136896
1257774987706077185
1257775427227054081
1257776160890650624
1257776290628685827
1257776525450948609
1257776792150126594
1257776890707927041
1257776934756528128
1257777168270196736
1257777523787804677
1257777588342337536
1257777617928847362
1257777670789697536
1257777734832525314
1257778157635145730
1257778333221367808
1257778398052696064
1257778464414818305
1257778499001241603
1257778531301560322
1257778971778920450
1257779037864329219
1257779411409080328
1257779755727769600
1257780016496218112
1257780125824761856
1257780369971175426
1257780859664465924
1257781182877642753
1257781516693696512
1257781707031412739
1257782259689684993
1257782964630499329
1257783238606458880
1257783362841788417
1257783808453226496
1257784017316802560
1257784018382159872
1257784252722106369
1257784580196773888
1257784898787569664
1257785316565491712
1257785397272141824
1257785715469029376
1257785960726659072
1257786115957940225
1257786252239278081
1257786537753956353
1257786840159072256
1257787170665959427
1257787325628678148
1257787574103523329
1257787617682300935
1257787718047657984
1257787904627179524
1257788017751789568
1257788035468582913
1257788258320351243
1257788341136883717
1257788513463881729
1257788884001394691
1257789130857164805
1257789151426023425
1257789219466104832
1257789482348273665
1257789647901556738
1257790208260689921
1257790565879631872
1257791080470212609
1257791122350510081
1257791243507113989
1257791536999301124
1257791588698255360
1257791831284178945
1257791937597358084
1257792394721931266
1257792437910732800
1257792800944525315
1257792839305572352
1257793052254535682
1257793074291372033
1257793199369641984
1257793202251132928
1257793300758659074
1257793308346200064
1257793505444999172
1257793559165575170
1257793758181154817
1257793824295968769
1257794586270826496
1257794714033668110
1257794834519203841
1257794972935262208
1257795026907774978
1257795074814996480
1257795728383995904
1257795729587867648
1257795909699723265
1257796005917007872
1257796169641549824
1257796202512281600
1257796440560197632
1257796460063739908
1257796663990792192
1257796873773088770
1257797533331415040
1257798137374269446
1257798440593035264
1257798458125234179
1257798459765088262
1257798500890423298
1257798630788018176
1257798798388211716
1257798866625167360
1257798868558704640
1257798869598957568
1257798899626119168
1257798919284801538
1257799432332103683
1257799725933346817
1257799767087648768
1257800191215898636
1257800557042864128
1257800790695018496
1257800921318334464
1257801376958038016
1257801379080310784
1257801515236032512
1257801526191575040
1257801642952536064
1257801761164836864
1257801852726456328
1257802103545835520
1257802212174168067
1257802304415121408
1257802477547794432
1257802530073034752
1257802580752773121
1257802646980870145
1257802668988411908
1257802884676272128
1257803207675445255
1257803319004876814
1257803472277254149
1257803675042484224
1257803785071722497
1257803860833439746
1257803899584446465
1257803935911415809
1257804147652530176
1257804673995726848
1257804737661014022
1257804750051041281
1257804947246153728
1257805113038704641
1257805120978518016
1257805311433474048
1257805435027013634
1257805467566379011
1257805501397708801
1257805712094306305
1257805818474434560
1257806253130162177
1257807196194140160
1257807422195789824
1257807655080546306
1257807735451791360
1257807846017847301
1257807983045758977
1257808415373451266
1257808568285364224
1257808630788784129
1257808722799341569
1257808810728722437
1257808876730187778
1257808997991747585
1257809074604867584
1257809161372475392
1257809411575353344
1257809574574403585
1257809606828490752
1257809843328606210
1257809970072035331
1257809988753465349
1257810256656240642
1257810285462556672
1257810905993220097
1257811159404568576
1257811218070413312
1257811491266400258
1257811598544158721
1257811835472011264
1257811947506020353
1257812274435284992
1257812291581390848
1257812533278380033
1257812936271290368
1257813303352590336
1257813619963650048
1257813620219449344
1257813670131875840
1257813979923169285
1257813981005336576
1257814119140323329
1257814183254659072
1257814317979832326
1257814742300790789
1257815075370532864
1257815467495833600
1257815556306108416
1257815793053716481
1257816090685702145
1257816116510015490
1257816195400642565
1257816345145679876
1257816508702613507
1257816577229160450
1257817068184801281
1257817179300540417
1257817280051687424
1257817509429940224
1257817787722018816
1257817842193518593
1257817970170044416
1257818132795797506
1257818521679155200
1257818710196314113
1257818747483484161
1257819229266591747
1257819489313398784
1257819761456496641
1257819901718335488
1257820039178326018
1257820125408800776
1257820174167666688
1257820452405338113
1257820696182435842
1257820748711952390
1257821547210747904
1257822018290036738
1257822208724021249
1257822284594778115
1257822417272991744
1257822520381542400
1257822650400829440
1257822732634525696
1257822780298584065
1257822853459660801
1257822876591255554
1257822935328468994
1257823061908377602
1257823084494622725
1257823263528554498
1257823320319426561
1257823494252847104
1257823784695771136
1257823926765453313
1257824131715944449
1257824181510565888
1257824732570963969
1257824775055060992
1257824786710802432
1257824842826625032
1257824980173303808
1257825095520747520
1257825150206193666
1257825167377604617
1257825218221027329
1257825599759867905
1257825753124802560
1257826130544996355
1257826178213335050
1257826251261095936
1257826267124170753
1257826494069473283
1257826669311606784
1257827016805699585
1257827139015016454
1257827181964787713
1257827455257251840
1257827559359864832
1257827723839340544
1257828371595223041
1257828644149395457
1257829331889504257
1257829356891787264
1257829487653371909
1257829512940785669
1257829952474537989
1257830202320867335
1257830307165765632
1257830357468143617
1257830468696891392
1257830622749511681
1257830792681730051
1257830861334085640
1257830930615611392
1257831073347665923
1257831112014995458
1257831333923106817
1257832014377410560
1257832072489689089
1257832576846147584
1257832917612457984
1257833115130695680
1257833432421412865
1257834094395826176
1257834166193778689
1257834205402337280
1257834635675021318
1257834742948429824
1257834755103625216
1257834856513449984
1257834868580417541
1257835316376932352
1257835678542573569
1257836585430777861
1257836811579281414
1257837076357222402
1257837364547903488
1257837455027339269
1257838255128494080
1257839424655757312
1257839554649882626
1257839635352313857
1257839727421554688
1257839743041187846
1257839754327932929
1257839823970340870
1257839844904099841
1257840002068885509
1257840197225582593
1257840657487388673
1257840682548551682
1257841144253132800
1257841285760778240
1257841647431192576
1257841709209325569
1257841754297991170
1257842094850203649
1257842598175105024
1257843350264258561
1257843440127217664
1257843535585218562
1257843639012687873
1257843908438102017
1257843945008177154
1257844029787648000
1257844038012751873
1257844328954814470
1257844718731513861
1257845396736442368
1257845589015855104
1257845875428261888
1257846254236651520
1257846498567520256
1257846613176877056
1257846623650172929
1257846874251419649
1257846931969081344
1257846935609729024
1257846936721215489
1257846937635577856
1257846978869776384
1257847066417651713
1257847111934267403
1257847348690145281
1257847425995341824
1257847645302816769
1257847896373972992
1257848002296918016
1257848043497418755
1257848056927727617
1257848216483172357
1257848508272574472
1257848721171234817
1257848822639845380
1257849478201184256
1257849586091057152
1257849650410905600
1257850216344096769
1257850587892396034
1257850741357547521
1257851278031499265
1257851479899111428
1257851876890066944
1257851975196082178
1257852128187633664
1257852226439122944
1257852376947490817
1257853486773002249
1257853619812081665
1257853998914310145
1257854116996550656
1257854176937291778
1257854182184402944
1257854374086275073
1257854940724199424
1257855246489079814
1257855356203491329
1257855526161039364
1257855976637595653
1257856131768016897
1257856382189133837
1257856418713141250
1257856612129259521
1257857423882227716
1257858203888558087
1257858484386713602
1257858573717114880
1257858750704214019
1257858851354947586
1257859380713840640
1257859856758968326
1257859883304534016
1257860743048937474
1257860978185834499
1257861064965980160
1257861244767346688
1257861529237676033
1257861653325950976
1257861706732232705
1257861881030737920
1257862153186443265
1257862543177068546
1257862634180882435
1257862773255671814
1257862911701254146
1257862981016096768
1257863503366496256
1257863646094528512
1257863662590545921
1257863806979620864
1257864081601675267
1257864197850968064
1257864525006635011
1257864616102834177
1257865110204280832
1257865181369192456
1257865571250642949
1257865644730650625
1257865826503290881
1257866293862154240
1257866350854275072
1257866488247193605
1257866518269960192
1257867002796019719
1257867090498859010
1257867164817776640
1257868028051685376
1257868109517590533
1257868328175099904
1257868514922319874
1257868910231257088
1257869049452736513
1257869346979958790
1257869596305973248
1257869813428506624
1257869892411199488
1257870287195996161
1257870370574663680
1257870917105070086
1257871069148590081
1257871339102310406
1257871445012688896
1257871473789763585
1257871700588400645
1257871856599732225
1257872090776010752
1257872172460236804
1257872207683952645
1257872419945172993
1257872931499184128
1257873592777228288
1257874444971921414
1257874838120783872
1257874985269506048
1257875068324986880
1257875390707699713
1257875507342970880
1257875873530703872
1257876002371440641
1257876070067511298
1257876396845613058
1257876548331417605
1257877212512030730
1257877590746030082
1257877945693229057
1257878064056471552
1257878671865643008
1257878773212446721
1257879145180266497
1257879244111253504
1257879351229648897
1257879458465357825
1257879618775736320
1257879665450123266
1257880264799391744
1257880439504670722
1257880446106558467
1257880803238912002
1257881262087430145
1257881595412983808
1257881776820633602
1257882100419657728
1257882253499092993
1257882427713679361
1257882459838038016
1257882475537281024
1257883438121652225
1257883481977376771
1257883585064902656
1257884218618720256
1257884534911258625
1257885025439059969
1257885076559474688
1257885937104756736
1257885953302999040
1257886122916687872
1257886442593943553
1257886525871788033
1257886569232576513
1257886714347106304
1257886783599190017
1257886791085981696
1257886941527367680
1257887011698028546
1257887132644855808
1257887283199574018
1257887647952973825
1257887745097084929
1257888759242207232
1257888960455430144
1257889055074848768
1257889164411965440
1257889828471013377
1257889917335744512
1257890170558390273
1257891112301330433
1257891374445277186
1257891426483961861
1257891508583305217
1257891889703006208
1257891979888857089
1257891989498052610
1257892806376542208
1257893245784395776
1257893356895698944
1257893675885047810
1257893704242782210
1257894246490628096
1257894351377772546
1257894875745251329
1257895042687131648
1257895522515419139
1257895635514200066
1257895666711486465
1257895972065050624
1257896059344470016
