1257896643724054528
1257896688913694721
1257896973526544386
1257897116149534720
1257897149448118274
1257897278360207363
1257897921384779776
1257897926782844929
1257897945736851466
1257898625482387456
1257898987190878208
1257899830539509763
1257900733309083648
1257900998384902145
1257901019930914818
1257901156405108738
1257901325259616256
1257901710250397696
1257901751165947904
1257901783382396932
1257902061934477315
1257902249734541312
1257902471999033344
1257902814619152384
1257902944298688512
1257903094467383298
1257904016610254853
1257904468521357314
1257905259105705984
1257905446100316161
1257905497778372611
1257905732034404352
1257906281626599426
1257906333396930561
1257906821811056641
1257906959749177344
1257907293393477632
1257907316378107904
1257907424419168256
1257907441821519872
1257907936267026432
1257908463557939200
1257908832963039232
1257909352775782400
1257910199085662208
1257910874272079873
1257911405510111232
1257911534526836737
1257911758120980480
1257911781147774978
1257911842095149056
1257912242068049920
1257912254646943745
1257912614098595847
1257912617391124481
1257912619941294081
1257912620981432321
1257912838934454272
1257912977451343874
1257913754303426560
1257913756627197952
1257913903075467269
1257915453667782656
1257915740335804420
1257916273910001664
1257916335830568960
1257916391019200512
1257916790879014912
1257917205053952001
1257917273731260416
1257917302214967297
1257917597535875072
1257917653332553728
1257917856433483776
1257917861886136327
1257917981335707648
1257919045518557185
1257919160132100099
1257919400000225283
1257919592141291520
1257919640719831040
1257920033965121537
1257920139871301633
1257920648762068992
1257920863166439426
1257921424230166528
1257921773632356353
1257921794213896193
1257922057368723457
1257922651332509697
1257923011593867264
1257923183128215552
1257923220944097280
1257923916900839425
1257924050921242626
1257924367608094720
1257924776833830918
1257925110758965248
1257925509478047744
1257925528234975232
1257925602037940226
1257925708631945221
1257925895479676929
1257925921807437825
1257926238682984448
1257926382635679744
1257926418975129601
1257926558431444992
1257926669345730561
1257926670029373440
1257926940431994881
1257927161798725632
1257927332117057537
1257927464900104192
1257927469648080896
1257927595951300609
1257927820602494976
1257927824234733568
1257928346983378949
1257928387362017281
1257928922211192834
1257929212331200515
1257929351057879040
1257929993537150977
1257930100319883265
1257930266238234625
1257930494190092288
1257930874768801792
1257930986471387136
1257931272581718016
1257931332505735169
1257932390950977540
1257932554197483521
1257933126342340609
1257933561933553665
1257933632020381696
1257933984463556608
1257934051333324800
1257934166970306566
1257934590959812608
1257934646672793600
1257935012948779015
1257935169421443073
1257935219128221698
1257935332525453314
1257935530785939457
1257935941819420672
1257936099244154880
1257936273953697793
1257936559803904000
1257937189184339968
1257937350568693760
1257937489433632773
1257937588989591553
1257937969274634241
1257938120705794050
1257938576421109761
1257939490003472385
1257939525294157824
1257940004447412224
1257940148928622594
1257940251785355264
1257940542031355904
1257940773179449344
1257941026783838209
1257941565709770754
1257941965771022336
1257942038961676290
1257943165572648960
1257943374486740993
1257943556280500226
1257943616355471361
1257944071835758593
1257944181206548480
1257944297393053696
1257944459251253248
1257945141601542144
1257945506074034183
1257945515863539712
1257946506046341120
1257946857587781635
1257946883202453504
1257946957407875072
1257946980971659264
1257946999586000897
1257947168863850497
1257947183220957184
1257947244470378496
1257947712009449472
1257948338089078784
1257948885005279232
1257949204095414272
1257949281270497282
1257949538444120064
1257949605842518016
1257949780598284289
1257949810037886976
1257950078561591297
1257950179040342017
1257950464819163138
1257950649641295873
1257951447582474241
1257951685613424641
1257951765250535424
1257951916908306433
1257952089659125760
1257952706410487808
1257953129791922176
1257953343823138816
1257953427381825536
1257953509795721216
1257953611566415872
1257953811639009283
1257953955759501313
1257954279916068864
1257954657315545090
1257954697748586496
1257955179221127169
1257956149892169728
1257956214228557824
1257956812898422784
1257957056302190592
1257957659308814338
1257958580290048000
1257958959425531904
1257959048248356864
1257959292457619461
1257959496124522497
1257959551074283523
1257959556031950849
1257959576881836032
1257959616799027201
1257959711791550464
1257959908814680065
1257959928095883264
1257961103025471488
1257961290590572544
1257961865608454146
1257963299116851206
1257963366691278848
1257963447129530368
1257963451848118278
1257963619930779648
1257964164045320192
1257964753353412618
1257965832560312320
1257966586238885888
1257967379000242177
1257968170167459840
1257968367962664960
1257968376225374208
1257969041538535426
1257970207211106308
1257970454893035520
1257971011837988864
1257971254650339328
1257972773575700480
1257972776864014336
1257973275658817537
1257973420907728896
1257973452893536256
1257973504059850752
1257973853940310018
1257973854850465792
1257973892754427905
1257973893605842944
1257974084664623104
1257974168781496320
1257974517521092608
1257974813643231232
1257974862984798214
1257974873705648128
1257975427047383041
1257976563334815746
1257976903388090373
1257978285235015680
1257978417976414209
1257978426561970176
1257978488600104960
1257978703432126465
1257978722164060165
1257979171718008833
1257979304169762818
1257979622639063047
1257979681866788867
1257980021244911620
1257980835648716806
1257980949624688640
1257981004666544130
1257981389988716544
1257982824872722433
1257983280399474689
1257983514760404993
1257983883527753729
1257984078902554625
1257984291042197506
1257984334738468865
1257984501923405824
1257984626645237760
1257984932602839040
1257984942249840642
1257985035166257152
1257985105936736256
1257985376746180608
1257985403614789632
1257985413634981888
1257985496283787266
1257985655407345664
1257985915303211010
1257986040951902209
1257986134333886464
1257986301619507200
1257986475993501697
1257987827331145729
1257988104670965760
1257988131657265152
1257988515905798144
1257988704150396929
1257989119474450432
1257989485293301762
1257989871982882816
1257990391657385984
1257990594623868930
1257990898069262343
1257991184494051328
1257991348898144256
1257992757219655680
1257992818997501954
1257992868339363840
1257992936702255104
1257993145977131009
1257993449774645248
1257993727634702336
1257994004328636416
1257994063883747329
1257994192455970816
1257994548258766848
1257994559809826816
1257994626075553792
1257995237177376769
1257995395252224000
1257995444027887617
1257995512604696578
1257995796999479296
1257996454058242049
1257996638255288323
1257996853112713217
1257996931122462720
1257997051104604160
1257997197867732993
1257997579574562817
1257997940234129409
1257998076268199936
1257998239208550400
1257998843779710976
1257999038496092160
1257999269409075209
1257999865373753344
1258000095355842561
1258000564069203970
1258000620113575936
1258000662417354753
1258000978730680325
1258001336660082690
1258001791733493761
1258002812870557696
1258003279625236481
1258003602846687232
1258003983106551808
1258004226636222464
1258004231216300035
1258004301286383617
1258004723229028352
1258004897787715585
1258004900090429442
1258005112997515266
1258005240995098626
1258006518466740224
1258006553640173568
1258007140620328962
1258007627524694016
1258007658206056451
1258007728120881154
1258007909000044546
1258007921687965696
1258008257265692672
1258008329332408323
1258008351964663808
1258008413696675845
1258008489823211521
1258008784984854529
1258009142389809152
1258009490407985153
1258009860089745408
1258010151489015808
1258010166269636608
1258010392770408449
1258010682806673409
1258010887362883584
1258011054350745600
1258011080443465729
1258011165243908096
1258011498393284613
1258012109755080704
1258012610852773889
1258012653211070464
1258012775877500930
1258013365441572877
1258013462770442241
1258013782653251584
1258014170596937729
1258014310674173954
1258014499757608960
1258014599523139585
1258014844424503297
1258015105612050433
1258015308184457216
1258015330846138369
1258015426447060992
1258015442054057985
1258015487507693569
1258015760854761474
1258016010424274944
1258016315991896066
1258016474888896512
1258016520015433728
1258016607336648704
1258016679973531657
1258016789411356673
1258016851172503553
1258017055300890624
1258017061445476354
1258017241024561155
1258017251279716353
1258017362873376769
1258017454397194240
1258017549024976897
1258017750171054081
1258018068346933250
1258018190292135936
1258018338057400320
1258018885405757440
1258019121930723329
1258019236787748867
1258019425325912065
1258019555873611776
1258019569983090691
1258019766238949378
1258020023525752838
1258020212416405505
1258020292028440577
1258020555900497922
1258020694207553545
1258020740806443010
1258021399014367232
1258021477393317888
1258021533672509441
1258021859494367232
1258021862816317445
1258022152332337152
1258022241138176000
1258022513407393792
1258023243295973376
1258023617192955904
1258023976825024512
1258023982361542656
1258024510403600394
1258024556075204608
1258024625214296066
1258024857326911488
1258025067713376256
1258025118309199875
1258025199087296512
1258025596338176009
1258025686134067200
1258025701321715713
1258025869551042567
1258026407390740484
1258026548168396801
1258026682927243266
1258027057541455873
1258027252756946945
1258027976580640768
1258028139600506880
1258028227500535808
1258029514111586307
1258030029054844928
1258030420085673985
1258030839281131520
1258030908453593093
1258030920965251072
1258031810258317314
1258032082296680448
1258032164794519552
1258032685303230465
1258032802974572545
1258032819114315776
1258032857823485952
1258033076275470336
1258033570787942401
1258033787700740096
1258034232586375168
1258034410152177664
1258034428753915909
1258034466787921922
1258035374854717441
1258036576942264320
1258036811458363392
1258037060214181889
1258037219408990208
1258037293656477696
1258038222384496643
1258038292248850433
1258039312316338176
1258039387620859904
1258039395015426049
1258039474992316417
1258039572459450368
1258039573528973314
1258040063679770624
1258040146060087297
1258040209024921602
1258040331322482690
1258040364054675456
1258040466643312640
1258041014864003074
1258041045574656002
1258041057524109312
1258041217037844481
1258041333639495691
1258041458554286081
1258041496323883013
1258042469754773504
1258042609135689729
1258042626718064640
1258042642455318529
1258042856607866881
1258042919488909318
1258043325065515011
1258043479856472064
1258043582931447808
1258043597871616000
1258043716280946690
1258043738804367361
1258043783381475330
1258043916424744961
1258044618488320000
1258044942770860032
1258045116956246017
1258045512156143619
1258045654103883776
1258046152408281089
1258046220829724672
1258046479660449793
1258046529769791488
1258046623285985280
1258047302951997441
1258047386468802561
1258047406320607234
1258047599392829441
1258047627964420100
1258048187677491202
1258048224088125441
1258048275531341824
1258048317424128002
1258048736313462784
1258048796698849282
1258048841833725952
1258048865892171777
1258048930060910592
1258049428625264640
1258049488591245312
1258049760944181250
1258049900144549891
1258050015840350208
1258050282132561920
1258050525146341376
1258050573577977858
1258050573577977858
1258050704205381632
1258051480499769344
1258051542889959424
1258051597864783874
1258051617288589312
1258051773329113094
1258051974143995906
1258052038312824832
1258052104494690306
1258052158370582536
1258053611604639751
1258053737462902786
1258054012449902594
1258054197607530500
1258054415824482306
1258054487299760133
1258054538025734144
1258054630052937728
1258054924006567938
1258055003480227842
1258055014863572998
1258055021280874502
1258055077534851073
1258055284339232768
1258055602598752256
1258055711067602950
1258055792537874433
1258055797248086017
1258056151545061376
1258056256918437888
1258056475269873664
1258056576692355074
1258056721752358914
1258057087835205632
1258057251924959241
1258057327271276545
1258057573481267201
1258057784635031555
1258057796978909184
1258057881271885824
1258058270138347523
1258058427030474752
1258058661466984449
1258058965650411521
1258058980154277888
1258059113897975813
1258059563011538947
1258059760169029635
1258060088947826688
1258060413910032387
1258060589391372290
1258061026513149952
1258061077650108416
1258061379090755586
1258061432144437249
1258061814375632897
1258062149047455744
1258062216735137795
1258063110071558144
1258063336752713729
1258063471536726019
1258063594308198402
1258063639254380545
1258063701451694081
1258064030184464384
1258064150330331136
1258064215010574336
1258064474000502784
1258064495441850371
1258064817786466313
1258064885134561280
1258065099643916289
1258065367693492224
1258065674460635137
1258065795978080261
1258065821781409793
1258065845088948225
1258065992837562369
1258066135578075136
1258066512809607168
1258066634830307328
1258067417777012737
1258067888260308992
1258068784469901312
1258068844586905602
1258069268433743872
1258070055402831877
1258070334390931456
1258070441425383425
1258070535222804481
1258070727149998080
1258070772607782927
1258070828924747776
1258070843705475073
1258071067928571904
1258071083137335296
1258071347550400513
1258071747410231303
1258072164890062848
1258072702172180480
1258072773194366978
1258072929650294784
1258072970527997954
1258073217929003011
1258073323243593728
1258073441460256770
1258073547441868801
1258073584318251008
1258073906021306372
1258074086581952513
1258074099059961857
1258074146694627331
1258074192395874305
1258074556134232066
1258074808283209731
1258074982401400833
1258076071376728064
1258076129233195024
1258076205162459137
1258076906332790785
1258076996698927105
1258077049295712258
1258077139770933248
1258077273732849679
1258077522341908481
1258077588624302085
1258077886533242882
1258077933949923328
1258078211151409152
1258078382685851649
1258078765248319489
1258078944626184192
1258079040948146176
1258079344372731913
1258079512597860353
1258079559674716160
1258079707087724544
1258080333381144578
1258080491028262913
1258080533826793472
1258080574893363201
1258080638592262145
1258080852954755073
1258081481148203012
1258081654188498945
1258081917876023298
1258081939791249409
1258082023698284546
1258082026374103041
1258082144594911233
1258082164798828546
1258082363252359168
1258082391383592962
1258082405707112448
1258082736251768833
1258083414412058625
1258083783225425920
1258084174914707457
1258084275888537600
1258084284793004032
1258084347330076672
1258084429177614342
1258084536493182976
1258084623633903616
1258084912462213120
1258085027637874688
1258085055559278598
1258085389346226178
1258085457725923328
1258085695710654464
1258086027790516224
1258086289443872768
1258086363720802310
1258086788234653696
1258086917930995712
1258087042342367232
1258087063490121730
1258087228775051265
1258087714710315008
1258088322142015494
1258088527805505536
1258088741857636354
1258088845691588609
1258088930987126784
1258089051585945607
1258089133064491008
1258089363730202629
1258089626994200579
1258089887330455553
1258090026757435392
1258090155778457605
1258090256815063040
1258090357604171776
1258090571383611392
1258090762618589185
1258090792721121280
1258091086851031040
1258091167423426561
1258091589584355328
1258091761521405952
1258092009782489098
1258092713364254721
1258093442757951490
1258093545988124673
1258093598031175681
1258093619900284934
1258093849689427968
1258093984876027904
1258094093864972288
1258094567670403074
1258094955786055682
1258095105816367105
1258095360112721921
1258095525661945859
1258095586689069056
1258095809352003584
1258095907456892930
1258096601807142912
1258096786138333189
1258096824340099073
1258096934721445888
1258096980863131649
1258097082604204038
1258097242709295106
1258097554744623106
1258097595290976256
1258097718741721088
1258098318149894144
1258098550103310339
1258098675328462854
1258099193220083715
1258099266314293250
1258099334299738112
1258099562755080193
1258100007099604992
1258100078247587842
1258100214994436097
1258100331163967488
1258100426819452928
1258100659599089665
1258100704125820930
1258100742109396999
1258100831859032066
1258101040840392705
1258101124806123521
1258101321632296962
1258101391467274240
1258101579925897216
1258101677875441665
1258101836055220226
1258102529595977735
1258102561724342273
1258102781346488321
1258102869347221504
1258102872085938176
1258102893187653632
1258102905980121088
1258103211929538562
1258103229696614403
1258103316363517956
1258103356129710081
1258103421644701696
1258103421749678083
1258104065487253504
1258104446405545984
1258104605847752706
1258104609043865601
1258104786328543232
1258104894256566273
1258104948572766209
1258105100024807432
1258105354543484929
1258105476811599872
1258105658940944389
1258105674640371712
1258106122067722240
1258106839427923971
1258106908369510405
1258107059209453569
1258108187988779008
1258108424954535938
1258108542399188999
1258108618089484290
1258108991432949767
1258109432375934984
1258109513162465298
1258109541566332942
1258109785075048453
1258109877001560064
1258110018873786368
1258110184674791424
1258110367529664512
1258110481627328512
1258110577173573633
1258110606542069761
1258110838365466625
1258111063087673344
1258111299659104256
1258111650890219523
1258111719093788672
1258111772915097600
1258111874362679301
1258112170337931264
1258112412156334080
1258112544436187136
1258112673981460484
1258112728964661258
1258112880312016896
1258112948804911112
1258113308827226113
1258113430101295108
1258113609344811008
1258113800739475457
1258114210170617856
1258114246556160002
1258114320023445504
1258114322770702337
1258114516010913792
1258114588555513859
1258114767039811584
1258114798052610048
1258114939002159105
1258115087748956160
1258115110029201408
1258115129079717889
1258115191277002752
1258115245513506818
1258115454595457025
1258115581540274176
1258115742051864576
1258115812411543552
1258116286581620736
1258116784298659841
1258117028549804032
1258117489105518597
1258117535611969538
1258117682819289088
1258118035698843650
1258118734922874880
1258118852350787592
1258119331029843969
1258119478589751300
1258119520453042176
1258119686815956992
1258119766075674624
1258120154422087685
1258120195064954880
1258120622175068162
1258120650289483776
1258120716127367169
1258120790202912769
1258120819391299585
1258120838118887424
1258121012052283392
1258121154822275074
1258122175447470082
1258122398555090944
1258122780316483584
1258123160819392513
1258124568922853377
1258125156402290689
1258125451580579841
1258125594945916928
1258125685996097536
1258125752366772226
1258125919220350976
1258125984647254021
1258126300356763651
1258126422893346822
1258126621720154113
1258126806785372160
1258126827589009408
1258126948061962240
1258127057168539649
1258127104065101831
1258127179696799749
1258127234142961667
1258127527240822786
1258127645960626176
1258127830250065926
1258127839553036288
1258128086714834944
1258128238200737792
1258128906734845953
1258128931007406081
1258129045390155776
1258129045725696000
1258129048514879488
1258129113824583681
1258129205319159808
1258129556290113537
1258129871345197057
1258130287344549889
1258130383884951554
1258130605256126465
1258131021704331264
1258131290886336513
1258131733716885510
1258131812368347136
1258131863224320000
1258132007068057607
1258132349759471616
1258132875972694016
1258132875997782016
1258132992146288640
1258133671514529793
1258133691651567619
1258133779878686721
1258133786576826368
1258133957440409601
1258134045646520323
1258134095688802304
1258134134695686146
1258134400019152896
1258134414502002688
1258134507292672001
1258134518160130050
1258134530596261889
1258134569204830226
1258134576431599617
1258134839372378112
1258135797292601344
1258135801822679042
1258135918038282240
1258136038284726272
1258136346801123332
1258136352211828738
1258136460512894976
1258136838335758336
1258136883357454337
1258137060008964096
1258137219983740928
1258137236182315008
1258137307917377536
1258137682955378688
1258137689771122688
1258137693491474433
1258137849054068736
1258138099629998080
1258138100837912577
1258138481261346816
1258138616179687431
1258138852037808128
1258139010670698497
1258139098788827136
1258139128798908416
1258139275104792577
1258139363164196864
1258139540029653000
1258139716215541761
1258139721248780290
1258139892242055168
1258139920276709376
1258139967190036480
1258140087960952833
1258140167774392320
1258140986120773633
1258141145823133712
1258142002119684097
1258142020771733504
1258142197628776448
1258142330575618049
1258142373936332805
1258142408698667008
1258142539410014209
1258142550013227015
1258142597144547328
1258142626823524362
1258143277334908929
1258143810682486791
1258144145505312769
1258144220063297536
1258144276170629120
1258144284219334656
1258144287096700929
1258144325436923904
1258144325189414913
1258144401601290241
1258144413336903680
1258144589426446341
1258144677557141505
1258144972806729729
1258145030763577344
1258145066708762624
1258145176339582977
1258145196417540097
1258145206827913219
1258145655832424449
1258145725487165440
1258145767241297921
1258145834677317633
1258145835822571523
1258145894161096707
1258146320180744197
1258146483951611906
1258146808963923968
1258146981366636545
1258147064959115267
1258147077449809920
1258147131858268162
1258147538940522496
1258147613209223169
1258147685187518464
1258147701889343488
1258147863202324480
1258147876431179777
1258147898094751747
1258148012649480198
1258148296448790533
1258148531589844996
1258148618894221312
1258149113889198081
1258149114468085760
1258149187046313985
1258149601414012928
1258149638537916416
1258149726148530187
1258149726668685313
1258149903223721984
1258149991329214464
1258150167418716160
1258150184695070723
1258150343801745409
1258150520210014208
1258151043139022849
1258151083668537347
1258151773749084161
1258151782028541953
1258152134928982016
1258152171712937984
1258152294681661440
1258152372758601729
1258152383055527936
1258152428115038208
1258152647426785281
1258152823243620352
1258152999245025280
1258153102475067392
1258153175376420868
1258153197576716289
1258153783307067393
1258153784188047363
1258153820556791809
1258154237327966208
1258154457424171009
1258154533693411328
1258154617776603136
1258154826246033418
1258154882596560897
1258154950611402753
1258155038624677888
1258155214906982401
1258155302865842176
1258155343521013761
1258155454133403656
1258155464635760641
1258155531019173889
1258155596035096578
1258155656483389445
1258155667480702976
1258155832748978179
1258155887555940358
1258156221380431872
1258156267123748864
1258156437169152001
1258156452184817666
1258157006017318912
1258157221558403073
1258157457563582465
1258157502727892993
1258157509363326977
1258157606985744384
1258157695166828544
1258157871650541568
1258157959839911942
1258158136181116928
1258158312597659648
1258158488846577665
1258158767495094272
1258158860080001024
1258158968523952131
1258158973825548288
1258159239828107265
1258159245750677506
1258159438525018112
1258159908488466438
1258159926377091073
1258159947734495236
1258160111387885571
1258160391462535172
1258160687622348800
1258160826927718400
1258160940861751298
1258161124349931520
1258161463254007808
1258161609446428672
1258161697472290817
1258161705437323264
1258161873716903937
1258161961977745412
1258162138054643712
1258162314408333315
1258162491428933632
1258162785021820928
1258163039028817922
1258163052375130113
1258163444110540806
1258163584741322753
1258164422075396098
1258164531802656768
1258164544070975490
1258164619933364224
1258164796823875584
1258164873269256192
1258164973299290117
1258165149652959233
1258165283602132992
1258165955575889920
1258166016930123777
1258166090120790017
1258166321633730563
1258166350943420416
1258166354403885057
1258166483932155904
1258166692800323586
1258166815630426115
1258166924367839233
1258166988033179648
1258167012641079296
1258167189359800321
1258167277679190016
1258167310193393664
1258167453919653891
1258167473272172544
1258167630369865729
1258167717196161025
1258167806614519809
1258167946322554891
1258167975607066624
1258167983010123778
1258168337646800896
1258168401165516802
1258168416906604544
1258168425748156418
1258168462549098497
1258168627150241792
1258169205796503552
1258169296448040961
1258169384075436032
1258169486580092928
1258169520193183745
1258169709301768194
1258169725256962050
1258169861357940743
1258170388632272900
1258170589635895297
1258170679607918593
1258170914778296320
1258170985884385282
1258171173835280386
1258171530837712904
1258172077951062021
1258172364564697088
1258172751862530051
1258173000828026886
1258173342072270848
1258173686491885573
1258174195978178560
1258174250080403458
1258174352173838336
1258174353453154304
1258174483686293505
1258174781100351490
1258174816462536704
1258174974629535745
1258174982926057472
1258174998923014145
1258175276326010887
1258175417233674242
1258175857224540160
1258175975411589122
1258176094261387265
1258176410281181193
1258176417080229889
1258176439209336834
1258177419200036867
1258177905856778246
1258177994692141059
1258178158328786945
1258178493533155328
1258178570779856899
1258178609803456512
1258178621937799170
1258178660496007170
1258178737570566144
1258178802682863616
1258179615606087681
1258179616650346496
1258179931521134592
1258179985086570499
1258180098613751810
1258180769488478208
1258180879030992897
1258181026087489539
1258181061391114248
1258181101631107073
1258181311359004674
1258181628611919877
1258181642432081921
1258181893993963521
1258181942828244992
1258182085862281222
1258182583134949376
1258183203833229314
1258183270077837312
1258183272774774785
1258183396917796864
1258183398058651648
1258183437128794118
1258183454392487943
1258183545371099137
1258183765593030657
1258183775772704768
1258184375684005889
1258184427701702656
1258184590088441856
1258185172853415937
1258185223570747396
1258185321809948672
1258185452873449472
1258185470472847361
1258185740204281862
1258185792842678272
1258185863688847361
1258186311070093312
1258186390099165185
1258186903490146304
1258187002257735682
1258187299218690055
1258187466923749377
1258187576344600576
1258188058370945025
1258188064389808129
1258188215183388672
1258188484667457538
1258188741815840769
1258189007080632321
1258189151813472259
1258189308902531072
1258189637450903562
1258189779700789250
1258189781969842177
1258190100070051843
1258191081151377409
1258191186973556736
1258191210235039745
1258191407598182401
1258191456159891457
1258191737882902531
1258191830405046282
1258193006697558017
1258193095507750912
1258193114923139072
1258193281462284288
1258193331147939846
1258193453017632769
1258193454108233731
1258193461217460226
1258193548635185152
1258193671058571265
1258193718009446402
1258193918937759747
1258194369527635968
1258194370341359618
1258194705092763648
1258194775380983810
1258195357013590016
1258195480875597827
1258195512534216705
1258195550404395010
1258195963673485312
1258196011169615872
1258196612771446784
1258196999188418566
1258197579835174912
1258198277532647426
1258198477286359040
1258198523436249091
1258199095015092225
1258199097347117056
1258199129886523392
1258199888648683531
1258200152323624961
1258200191087316993
1258200307382665216
1258200858296123394
1258200891628244993
1258200892722970624
1258200893809242112
1258200894933315586
1258200925107220480
1258200986457382914
1258201274555731969
1258201602772566017
1258201834939772931
1258202305532485632
1258203111518351361
1258203147215962120
1258203361649790979
1258203450342379522
1258203451722473472
1258203701136838657
1258203998752067585
1258204104184094721
1258204258782117895
1258204540374925314
1258204543277387776
1258204545756192770
1258204615914520579
1258204717915803648
1258204757312897025
1258204925387051008
1258205736145911815
1258206171216752641
1258206257577701382
1258206271376969729
1258206614911365120
1258206817215107072
1258206987524935680
1258207290680803328
1258207335748636672
1258207517206884360
1258207625549922304
1258207751198703620
1258207832094081026
1258207846661074944
1258207953833938944
1258208442436792320
1258208686406692864
1258208687719505920
1258208696359772160
1258209038787117062
1258209116977270791
1258209298632642565
1258209363749220352
1258209413388742665
1258209525561204737
1258209768172400641
1258210454658113536
1258210456608501762
1258210826013380608
1258210964169805829
1258211349647298561
1258211539095621635
1258212014180241408
1258212649659138049
1258212722250076160
1258212732135931904
1258213204897009665
1258213224861720577
1258213606887493634
1258214126184214530
1258214394472747009
1258214668197335041
1258214751492079622
1258214936142061568
1258215336496844800
1258215384051843072
1258215862495928320
1258215997653184512
1258216104314494979
1258216235881205760
1258216284464001024
1258216316009353216
1258216907230060544
1258216988339515394
1258217131797250049
1258217251393716224
1258217309925191681
1258217372588146694
1258217494248071168
1258217529148932096
1258217580864638977
1258217674003427330
1258217839787466752
1258217996973154310
1258218171653292032
1258218453854543872
1258218599128408070
1258219890273484800
1258220392189235203
1258220456047529985
1258220797170053120
1258220889562365958
1258221105283649537
1258221286175772675
1258221327011295232
1258221894966185986
1258222311880175618
1258222437990359040
1258223120898498563
1258223196924493831
1258223446305189888
1258223534284800000
1258223535840915459
1258223646776209411
1258223653885534213
1258223688131973120
1258223978012868615
1258224224646451200
1258224347896000514
1258224600472784903
1258224708039868416
1258225004077961216
1258225033614364678
1258225473219211269
1258225504626315264
1258225527829258240
1258226459858145281
1258226785268817920
1258226857134231552
1258227463194324992
1258227943873982466
1258228685611638784
1258229605040705536
1258229755356213248
1258229804647755777
1258230984396455937
1258231299661197314
1258231708136194048
1258231815329939456
1258231914542051336
1258232203319955459
1258232222269800449
1258233111030239234
1258233276877193227
1258233626472390661
1258233692545220608
1258233857725390849
1258233873961549826
1258234081504112640
1258234393857896448
1258234514964393989
1258234557343469569
1258234712692109312
1258234745315397634
1258234985435152384
1258234989734289409
1258234990808018944
1258234991865036800
1258235138120572928
1258235880625537025
1258236146611630081
1258236386882265088
1258236830891327489
1258236833198149632
1258236852646998017
1258237017978212358
1258237097342832641
1258237538050826242
1258237652387508224
1258237675963854848
1258238307806388226
1258238464706969601
1258238887312289794
1258239039800586249
1258239183434297344
1258239480793837568
1258239677640904704
1258239796582871040
1258239901943783424
1258240481659686913
1258240498222981123
1258240868219342850
1258240902788788225
1258241260160245762
1258241663559970817
1258241865683525633
1258242685271490560
1258242706742091778
1258243480125571072
1258243766630191105
1258244530534572032
1258244597249126400
1258244733383479296
1258244980633751554
1258245194954215424
1258245202021683203
1258245270334246912
1258245891724623874
1258245930907611136
1258246221308801025
