1258246939440820226
1258247270140538881
1258247414214991875
1258247572243664896
1258247817056796675
1258247888032890880
1258248207039160320
1258248914928574464
1258249030720684032
1258249053260873728
1258249757333446656
1258249966071373824
1258249970697682945
1258250214294474753
1258250223652143107
1258250240458702848
1258250770186723328
1258250868081618944
1258251211762995200
1258251280746602496
1258251751687258112
1258251843085500416
1258252444632580097
1258252459321032705
1258252522516439041
1258252560286302208
1258253368759214080
1258253735291023360
1258254031820066819
1258254875852496903
1258254927480176640
1258255228857712641
1258255285757661184
1258255483443372032
1258255621612285953
1258255821311533057
1258255943323791363
1258256677046026240
1258256881438601216
1258256909251104768
1258257206576844801
1258257222905126912
1258257344733028353
1258257385967280128
1258258018392854529
1258259285441761280
1258260088113913859
1258260304884105218
1258260314384150528
1258261022332391424
1258261033941995520
1258262299283984384
1258262545997213701
1258262844992192512
1258262886251708416
1258262917889343488
1258262940542734337
1258263656808230913
1258263873968373764
1258264569094569990
1258264758018543616
1258264939082313728
1258264940407734272
1258264942639058944
1258264944929198085
1258265062160007168
1258265249150570503
1258265250819739649
1258265539375398912
1258265571226869765
1258265618429759490
1258266083099893760
1258266145691443200
1258266201299447809
1258266571044257793
1258266661297156097
1258266767778025473
1258266838364028928
1258267112021405696
1258267304468590594
1258267375440482305
1258267553547214848
1258268067731255297
1258268228540825602
1258268943078371328
1258269748325953538
1258270543356329985
1258270823372034050
1258271040091889666
1258272683848056834
1258272862382682112
1258272864513359872
1258272939432181760
1258273109724942338
1258273299118743552
1258273839588442112
1258273982404575232
1258274770522701825
1258275081689559040
1258275325190066181
1258275364079632384
1258275613741322240
1258276005749248000
1258276008265801728
1258276617387831297
1258276672253632512
1258276905591156736
1258276924687671296
1258277194071228417
1258277506479796225
1258277538880802818
1258277641167093760
1258277661799067648
1258277979127459856
1258277993744494592
1258278476936708098
1258278538786062336
1258278673968508928
1258278718692302848
1258279287779622912
1258280159448190976
1258280161612410881
1258280165622165506
1258280391384932352
1258281042286391297
1258281127384662016
1258281137186709504
1258281494218452993
1258281587541712896
1258281672786808832
1258281804848680960
1258281856383897601
1258281992023691264
1258283520314744832
1258283592754569216
1258284234533408768
1258284861439315968
1258285550135660544
1258285649322545152
1258285995222536193
1258286659101061120
1258286920393777152
1258286922960719872
1258287433487130625
1258287588860760065
1258287670318501891
1258288282250563584
1258288444016594945
1258288473892667392
1258288720924508161
1258288795490963456
1258288865753923584
1258288903364030464
1258289441107566592
1258289462091505665
1258289541624082437
1258289765750763521
1258289812328427521
1258290428589289472
1258290891497889797
1258290967683182592
1258291477324668928
1258291649966411776
1258292203333484544
1258292313488588800
1258292544145731584
1258292583450591234
1258292596046168065
1258292707870609409
1258293570936680448
1258293718920151046
1258293852672147457
1258294100475826178
1258294207808036866
1258294517268168706
1258294796810096640
1258294977999679490
1258295136926052354
1258295138066903040
1258295141552422913
1258296724277387264
1258296924303736833
1258297110551769089
1258297492455788544
1258297719292071937
1258298275045814272
1258298611865194497
1258298786805252097
1258300274470502400
1258301284035301377
1258302182731833344
1258302238923075584
1258302255629033472
1258302685154914305
1258302727085535232
1258303043294187520
1258303193055850498
1258303513592987648
1258304659158192128
1258304751139262465
1258304825734967296
1258304930064015360
1258305428448063489
1258305711022305280
1258305849375809537
1258305871769006081
1258306217656672256
1258306710579695616
1258306889823248385
1258306936493289476
1258307247119138816
1258307508034105344
1258308121795211264
1258308152879022080
1258308871896084481
1258309063445827584
1258309072337526784
1258309358947106817
1258309752536182785
1258310234059112449
1258310235250323458
1258310236298829824
1258310916850036739
1258312484638920704
1258312625529729024
1258312986881593344
1258313463673176065
1258314202520924160
1258314742503858176
1258315421133881344
1258315438460678144
1258315631553687552
1258316578979934210
1258317018333245441
1258317079121453056
1258317780975116288
1258317781327462401
1258318021157777409
1258318140041236485
1258318264331108353
1258318271759159296
1258318367355817984
1258318411718955008
1258318506153529344
1258318901659742213
1258320050999656448
1258320392806182912
1258320460984520704
1258320505037299712
1258320515200102402
1258320624197525506
1258320681327923200
1258321109071601664
1258321307365597185
1258321309601107973
1258321516699271168
1258321564753330176
1258321572588408836
1258321712099270656
1258321955872276480
1258322060977340417
1258322433880330242
1258323175567495168
1258323235462172672
1258323240382054402
1258323325924732929
1258323332593864705
1258323384586428417
1258323831258845185
1258323965434630144
1258323992886358017
1258324240912330752
1258324913636728832
1258325333058613249
1258325336816664576
1258325339001901056
1258326216324587522
1258326544289800192
1258327247087210496
1258327484388564992
1258327920734621702
1258328115669078017
1258328188956012545
1258328409643651072
1258328902793125891
1258330325945589761
1258331096963526658
1258331177045430272
1258331764789055488
1258331811433889792
1258332220407853056
1258332295519440899
1258332934106472448
1258333360830779392
1258333472323756032
1258333575872761857
1258333579282649089
1258334748377862145
1258334811657297925
1258334894830149634
1258335066415128578
1258335099898269696
1258335154826694656
1258335993905610753
1258336020510191621
1258336178736152576
1258336811732086784
1258336837925363712
1258337005101973504
1258337272212131840
1258338065405313026
1258338486308003842
1258338660921081858
1258338710954881024
1258339049212751872
1258339510884106241
1258339787171418112
1258339914174824450
1258340318908420096
1258340426035027968
1258340485741056000
1258340572944719873
1258340593945608192
1258340595187109888
1258340598118932482
1258341546690297856
1258341574716600320
1258342229543915520
1258342434632851456
1258342668460933120
1258342931683049473
1258342949265408001
1258343001270738944
1258343244326481921
1258343453060141056
1258343595993698304
1258343801246097415
1258343970247192576
1258344010613047296
1258344182009065472
1258344206956814342
1258344724601147393
1258344757383880704
1258344962233491459
1258345011797770240
1258345088268320768
1258345424299134978
1258345966190628864
1258346676617707520
1258347359605452800
1258347595862290433
1258348459373051904
1258348670895915009
1258348877188661253
1258348992167129088
1258349147922595840
1258349250943111169
1258349353644761089
1258349662538473472
1258349901857140736
1258350671310577664
1258350771084636165
1258351023564787713
1258351025657913346
1258351825473933312
1258351898114940928
1258352162465296384
1258352438416936961
1258352451595366400
1258352785319514113
1258352845998489600
1258353148680441856
1258354288381714435
1258354299412852737
1258354544486035457
1258355103288963072
1258355512116215809
1258355707272769536
1258355938995683330
1258356148639608834
1258356539523465220
1258356757333708800
1258357217495056390
1258357221383176193
1258357791544180737
1258358013796192256
1258358041369382912
1258358252720361472
1258358312082571265
1258358321414901760
1258358338930302976
1258358526973554689
1258358980080009217
1258359035860058113
1258359304056430592
1258359642289135616
1258359808631230465
1258360512716423171
1258360680308187136
1258360742648086530
1258360821257732099
1258361256148426754
1258361511237517324
1258361692167208960
1258361825030279169
1258361866528718849
1258362084133425152
1258362579010777095
1258362725761245189
1258362796888162311
1258363390134824960
1258363683828314113
1258363777004769280
1258364203079012352
1258364203783589889
1258364230283255808
1258364652620263424
1258364702540824576
1258364786951237633
1258364958355701760
1258365218117177345
1258365316679286785
1258365448174940160
1258365587157184514
1258366030595964933
1258366083104473090
1258366238276886528
1258366315787583490
1258366471031394304
1258366651025719297
1258366961035198464
1258367091717091330
1258367621734510592
1258367844825399301
1258368225739370500
1258368383940165640
1258368790351527936
1258369279600340992
1258369345790623747
1258369551139471360
1258369710774800386
1258369802420264961
1258369913691004929
1258370225390714883
1258370294772830210
1258370383285121027
1258370388578332674
1258370390004359168
1258370390662868992
1258370506790547462
1258370588126609408
1258371082815524865
1258371510814695429
1258371522575523840
1258373036090314753
1258373351879454720
1258373909394554880
1258373975194906628
1258374313398411266
1258374541434183680
1258375039084347392
1258375125428326406
1258375406127849474
1258375409604927488
1258375536247738370
1258375660986236929
1258376305713823744
1258377026269937664
1258377310689996800
1258377471306665984
1258377640794132480
1258377844536881152
1258377888627384320
1258377995388981251
1258378060782465025
1258378152721645570
1258378247282339845
1258378488404496385
1258378796346101768
1258379101250793474
1258379121996038144
1258379565648564225
1258379831403778052
1258379939990196234
1258379993819774978
1258380492946182144
1258380690720264193
1258380691278041089
1258381034288295936
1258381034498002944
1258381285346721794
1258381427722387456
1258381499843272704
1258382148039397377
1258382271582662660
1258382461832065026
1258382469776072704
1258382594606948352
1258382694527823872
1258383097600471040
1258383214709821442
1258383358238822403
1258384154527399936
1258384155760566272
1258384651791536132
1258384909636374529
1258385006810083333
1258385017182605313
1258385262457085957
1258385295982178310
1258385479935746049
1258385481307320322
1258385483781963777
1258385484927004678
1258385485338009600
1258385655694077953
1258386006170091520
1258386013262667778
1258386025497481216
1258386369740668928
1258386521981403139
1258386605758349313
1258386727372312578
1258387031367057408
1258387066611785731
1258387493906296832
1258387502077001728
1258387876074491904
1258388739237318657
1258388777845886976
1258388885341474816
1258388999510654976
1258389162450980867
1258389322606182400
1258389756628496384
1258389759019216896
1258390393047007233
1258390661570723843
1258390890046844930
1258390920094838787
1258391261272322049
1258391278598918145
1258391414909448192
1258391741587210240
1258391783798640640
1258392012103000064
1258392214222372865
1258392426743554049
1258392594729652227
1258392633585459202
1258392661360345088
1258393303340453888
1258393436434169858
1258393994561761285
1258394109456248833
1258394289882587137
1258394612948824064
1258394721774419968
1258394876225433604
1258395060380418053
1258395756727111680
1258395852978089986
1258396074949193728
1258396419611910144
1258396692824629249
1258397146191147013
1258397301258813440
1258397455730737152
1258397761109712898
1258397827769778177
1258397946795552769
1258397959613550592
1258398142745190401
1258398425298722818
1258398616579903490
1258398645482917889
1258399196501225473
1258399216054890498
1258400246247424000
1258400386328809476
1258400454079176705
1258400455203237888
1258401149679435777
1258401564890406913
1258401722130718721
1258401834877812736
1258401856293765120
1258402149781864452
1258402156383797248
1258402362562981893
1258402618545758209
1258402873181966340
1258403318075928577
1258403403149033472
1258403429468311553
1258403507977236482
1258403709945552898
1258403842208804870
1258403842921725953
1258404007321763847
1258404288130420739
1258404679467315202
1258404731946332171
1258404732428828674
1258404875949551617
1258405291139489794
1258405306251587584
1258405386341793792
1258406772076957697
1258406937978449921
1258407052231290883
1258407381068681217
1258407534261665793
1258407669834137601
1258407890907312128
1258407973635813376
1258407987451965442
1258408351916085249
1258409044613595137
1258409133306347520
1258409157805379585
1258409376056041472
1258409580654219265
1258409761382506496
1258409866911154179
1258409895600156672
1258410290359734272
1258410428536721413
1258410532643704835
1258410750953115648
1258410901591359491
1258411125361782784
1258411497899741184
1258411900574019584
1258412136608542722
1258412290233167872
1258412295018827776
1258412336584380424
1258412384273793025
1258412586665639937
1258412701585457152
1258413725054312448
1258415101566226434
1258415175515791360
1258415179630436354
1258415537648013313
1258415654572568576
1258415834466332675
1258415902938271750
1258416196006928387
1258416358540357633
1258416497212432384
1258416862024491008
1258416892852580357
1258417027108106241
1258417189138436096
1258417343983747073
1258417635173203974
1258417790366765065
1258418293007740928
1258418544770981889
1258418691345207297
1258418996883402760
1258419094421794816
1258419283656429568
1258419284134543366
1258419377998888961
1258419520496156672
1258419916627206144
1258420528228061195
1258420934609981441
1258421016000442369
1258421049538076675
1258421089392345088
1258421089841156097
1258421606571020291
1258421645095698437
1258421731984842758
1258421849727266816
1258422362057379841
1258422498603008003
1258422537014464513
1258422603682897920
1258423863668379650
1258424010661965827
1258424140215746560
1258424180984471552
1258424499202031618
1258424747366518788
1258424888739667970
1258424898990505984
1258425583458902017
1258425738044243968
1258426231445508105
1258426346927206402
1258426484152303622
1258426485062459394
1258426518067445760
1258426660178690055
1258426714268581890
1258427218172116993
1258427335075926018
1258427436087209984
1258427834852413440
1258428011486998530
1258428586689773568
1258429039003475969
1258429084746514437
1258429437328216064
1258429566009442305
1258429771798638592
1258429772918484993
1258429894310191106
1258430014766419972
1258430271067525121
1258430274792087552
1258430276004229121
1258430283893751810
1258430404773773314
1258430534952378368
1258430595610394624
1258430987723300864
1258431023140012036
1258431099052711936
1258431378703687685
1258431396240121858
1258431769277272064
1258431940291637254
1258432083535581185
1258432351346085889
1258432616736440322
1258432879819816962
1258433043934609411
1258433119897739266
1258433270963998727
1258433343135367174
1258433697885249538
1258434105735368704
1258434125918330880
1258434231992270851
1258434411332329472
1258434469255680000
1258434972936859648
1258435053589274626
1258435538874327041
1258435673603756033
1258435825760710663
1258437423035539456
1258437624731258880
1258437800069922816
1258437913106415617
1258437989073670144
1258438211447083008
1258438214626369536
1258438709805891585
1258438998755889153
1258439018200600578
1258439108155883520
1258439121435009026
1258439196517249026
1258439222081527811
1258439482145222657
1258439691969400843
1258439989479845889
1258440115199901698
1258440241892990980
1258440381450145793
1258440479605211141
1258440749206499329
1258441210198470656
1258441353492455425
1258441481918054400
1258441856544800768
1258442044634087424
1258442220568555522
1258442444116557825
1258442694378037248
1258442700459827201
1258442882790244353
1258443182460874759
1258443262106501124
1258443340292468736
1258443451072417795
1258444164271878146
1258444787620777984
1258445006857216000
1258445374122889217
1258445379575545862
1258445383270875136
1258445929620725761
1258446059078144002
1258446079445676035
1258446226778918915
1258446255232966657
1258446651527696389
1258446679939993601
1258446927110172674
1258446936434077696
1258446997952040961
1258447180039426051
1258447605606035456
1258447649063292928
1258447773428375552
1258448240900440069
1258448285355958272
1258448562939138048
1258448780577378304
1258448839884902403
1258448898516897794
1258448932411244549
1258449051273637890
1258449070206496769
1258449318815694851
1258449464420896768
1258449526869934081
1258449671497715712
1258449725063180288
1258449804675420167
1258450534077513741
1258450757910777857
1258450891109216262
1258451389023485952
1258451545236082688
1258452024070270977
1258452186725527553
1258452250323795968
1258452404158246914
1258452405328453637
1258452409354985473
1258452454854754304
1258452509523275781
1258452594722328576
1258452638938603521
1258452926122668032
1258453084247900161
1258453349650874370
1258453595306905600
1258453688282001409
1258454191409975297
1258454708219449345
1258455182284853248
1258455432856772610
1258455537093619714
1258455906301497344
1258455910600638465
1258456671308836869
1258456963173756935
1258457126651006982
1258457451826987008
1258457510777937922
1258457511021207552
1258457743796637698
1258457807906627584
1258458127483142146
1258458138367479808
1258458144151224320
1258458156721745921
1258458214858883072
1258458298300485633
1258458844923080706
1258458901894148096
1258459274344140800
1258459471979913217
1258459472541945856
1258459685717454848
1258459849005957121
1258459971609452545
1258460080090959873
1258460097019211776
1258460316016525320
1258460352817229825
1258460353312124928
1258461044231544834
1258461456275832839
1258461498659049472
1258461536621924352
1258461994275016706
1258462240857980928
1258462478708682752
1258463532267573258
1258463745417740289
1258463938683027465
1258463947759517697
1258464012129484802
1258464069813764098
1258464199367426050
1258464326353993728
1258464680177217537
1258464824138366977
1258464896825659394
1258465515904868353
1258465781240729600
1258465805764898818
1258465868637515776
1258466011088424961
1258466050095681549
1258466280450990082
1258466455152140290
1258466482968842240
1258466674702839808
1258466745972600833
1258466962608476160
1258466964525244416
1258467073241550848
1258467083903369216
1258467148587864064
1258467236987142147
1258467488750157824
1258467656555847680
1258468003991171072
1258468288729939968
1258468550437675008
1258468633174593537
1258468723981258753
1258469112591773696
1258469370579374083
1258469370705084419
1258469475130781697
1258470048982859776
1258470352931430400
1258470848026914817
1258470932294877184
1258471063085817862
1258471363846823937
1258471370704519169
1258471740029665280
1258472215852527616
1258472249025273857
1258472782343610371
1258472790837145600
1258472801155141634
1258473000388755456
1258473015609905155
1258473092596338689
1258473376584273923
1258473468141723649
1258473730424127489
1258473777953935360
1258473841313173504
1258473930475569152
1258474270805630981
1258474495779667972
1258474671701360642
1258474725237329920
1258474753666383872
1258474816908095489
1258474873569107971
1258475000916512769
1258475212951044096
1258475360318099456
1258475378680770562
1258475481327980551
1258475508003676161
1258475822765178884
1258476074687594496
1258476689455112192
1258476726553903106
1258477119463661569
1258477252670603265
1258477370953986049
1258477631747624960
1258477735720243201
1258477819069378572
1258477840024174598
1258477845501730816
1258478028054822917
1258478141133242373
1258478179251040259
1258478344540168192
1258478555400294401
1258478611616669696
1258479039658045440
1258479147996897281
1258479237431951365
1258479277311496193
1258479349541425152
1258479542101999616
1258480004364554240
1258480128549621761
1258480711260164097
1258481074721615872
1258481110150979585
1258481214635347968
1258481222482718721
1258481398685536256
1258481496630968326
1258481646547976204
1258481894754258949
1258481901104488453
1258481944393854976
1258481983694479362
1258482383554306051
1258482472993599490
1258482479863697413
1258482707564240897
1258482934656520192
1258483450530672641
1258483908745875462
1258483985711337472
1258484556639793157
1258485158233231360
1258485455722438656
1258485657455849472
1258485696500846601
1258486153369567233
1258486206825926657
1258486558442823683
1258486881223880708
1258487172166045697
1258487799784726529
1258487810438205440
1258488110163218432
1258488389348855811
1258488544705818625
1258488768438235136
1258488857949016066
1258488884897304576
1258489084911198208
1258489135121043456
1258489299785441280
1258489308144562176
1258490112389844993
1258490299589865472
1258490329986224137
1258490467815047168
1258490682504892418
1258490719305469952
1258490903985115138
1258491078900097024
1258491271066406914
1258491446564397056
1258492024573104128
1258492517147766785
1258492519375007744
1258493438091243521
1258493659231801344
1258493921052762113
1258494163126894592
1258494293297283072
1258494715030392832
1258494792801177607
1258494818872954883
1258494865395953666
1258495268972044290
1258495361452249088
1258495379928240141
1258495387511525376
1258495747831541760
1258496029160361997
1258496084311265302
1258496163180711936
1258496164267274240
1258496526264832001
1258496909670563840
1258497185269809152
1258497465377931265
1258497469324726272
1258497787156520960
1258498005121986560
1258498048784838658
1258498833467813888
1258498877994553347
1258498939491401731
1258498966414675970
1258499054528577538
1258499113286422528
1258499142978060288
1258499231347859458
1258499319524667392
1258499357650944011
1258499407722536966
1258499435438444547
1258499495949631493
1258499510222782464
1258499584004939779
1258499672156639232
1258499760367034371
1258499907662622720
1258499918727131137
1258499936758398976
1258500044766003200
1258500141113368577
1258500275419168770
1258500594572103687
1258500648607330304
1258501428605267968
1258501909947842560
1258501998099533829
1258502086771331078
1258502175023665159
1258502263473090562
1258502351587024898
1258502439646498816
1258502507963219968
1258502528058228737
1258502616197337094
1258502704260960261
1258502792492257282
1258502991272972289
1258503027302039572
1258503734855958536
1258503995414335488
1258504049470685189
1258504205351956481
1258504260985053184
1258504293612650496
1258504390656262144
1258504478950555651
1258504567106437123
1258504846564622336
1258504973312122881
1258505008410243073
1258505097446744064
1258505152769650688
1258505187401928705
1258505202706968576
1258505317673046022
1258505364045213697
1258505398618853379
1258505452024999936
1258505535554453505
1258505798486900736
1258505953256697861
1258505981169827840
1258506330697904130
1258506380358516737
1258506568158441472
1258506575334895617
1258506810635386880
1258506834589020160
1258506873054982146
1258507032610476032
1258507139540082690
1258507228354449408
1258507317256925184
1258507515492315136
1258507578016845824
1258507584530612224
1258507673458241537
1258507762452987906
1258507821101924352
1258507834427183104
1258507851581939712
1258507939871993856
1258507940618625024
1258508029537906688
1258508062303780865
1258508118373183491
1258508496007385089
1258508549451182085
1258508583320219648
1258508673619394560
1258508775910109185
1258508835364327424
1258508869354967040
1258508952255426560
1258509107100708864
1258509215825420289
1258509268510113797
1258509480683159554
1258509687550382080
1258509717380317185
1258509791434960897
1258509806035365889
1258509896225415168
1258509930954240000
1258509985421512704
1258510074617593857
1258510163536830464
1258510172525170689
1258510252678365185
1258510341584990208
1258510376280326144
1258510430500089856
1258510503204098048
1258510519423533056
1258510608476958720
1258510697190678528
1258510786244120576
1258510843106357248
1258511031749369857
1258511290932137984
1258511702858977281
1258512385515483136
1258512563068760064
1258512568517136384
1258512619498954752
1258512651920920577
1258512740756320258
1258512804455186432
1258512829549670400
1258513007337852929
1258513096303194112
1258513097926381568
1258513119287971840
1258513185310535680
1258513274665988097
1258513363564298241
1258513452315709445
1258513776447385600
1258513951395966976
1258514066894544897
1258514345727647744
1258514511402696705
1258514892258078720
1258515051155083264
1258515196869369857
1258515226904809473
1258515878028603393
1258516018659385344
1258516070169624576
1258516251258654721
1258516292232863745
1258516303477829632
1258516603437608960
1258516637302419456
1258516733327036419
1258517781697314817
1258517843303231488
1258517849586282496
1258517856204935169
1258517868724944896
1258518103287140353
1258518733250637828
1258518949454508032
1258519022485663745
1258519457724370946
1258519736050020354
1258519779263930371
1258519882078932992
1258520039986061314
1258520146554916864
1258520384363589634
1258520400926920709
1258520475715563522
1258520486872379392
1258520498637398018
1258520498914209795
1258520499828613120
1258520500059295744
1258520668880027648
1258520673950953473
1258520855375605761
1258521502699274242
1258521504079204353
1258522407003815937
1258522464537067520
1258522471000465408
1258523535300947972
1258523696508973056
1258524315823161344
1258524652541890560
1258524915499544576
1258525028418637825
1258525171838627840
1258525286196363265
1258525468065591296
1258525752191926273
1258525823251824640
1258525898728325121
1258526235417665536
1258526249523097600
1258526473641553920
1258526844686483457
1258526962332479488
1258527421986295808
1258527542778028033
1258527713448431616
1258528201187266563
1258528313108099072
1258528533720133632
1258529086835589120
1258529101796671489
1258529171170422786
1258529240099643393
1258529328645562370
1258529392231235584
1258529427601846273
1258529428973318145
1258529454860627968
1258529529397571584
1258529714802585601
1258529731101683712
1258530084517900288
1258530161948946434
1258530274431778818
1258530726632230913
1258530756881559557
1258530873588084736
1258530974314315777
1258530990248431617
1258531130170470402
1258531167008985088
1258531303030288385
1258531556471128064
1258531693041823744
1258532089005092865
1258532412423761920
1258532453934755840
1258532938645336064
1258532951479840771
1258532953610567680
1258533089346609154
1258533231684550656
1258533467295330304
1258533722392948736
1258534366621265920
1258534372757483520
1258534466366009346
1258534707899187200
1258534864619368449
1258534956923404288
1258534957821030401
1258535066071822336
1258535096673423362
1258535113882603520
1258535342207991809
1258535343642439680
1258535344200269824
1258535347312455681
1258535421631315969
1258536010314481664
1258536153960968192
1258536368067633153
1258536494127435778
1258536536104001536
1258536609974153216
1258536650344300545
1258536949943427072
1258537035859587072
1258537108290994176
1258537888364412929
1258537986481782784
1258538069684150273
1258539176430977027
1258539905682042881
1258539925055500289
1258540015182688256
1258540559704055809
1258540661130711040
1258541110596530177
1258541428927418368
1258541692442951680
1258541750878011392
1258541783820062720
1258542328265895936
1258542391616651264
1258542503059283969
1258542875282771974
1258543076080934912
1258543095475392513
1258543420391358464
1258543428096241664
1258544206873653248
1258544409945108483
1258544740896616448
1258544999076999169
1258545065938452480
1258545184775696384
1258545294599352322
1258545295874420736
1258545549344555008
1258545932372598784
1258546516219715584
1258546956353236993
1258547423833550849
1258547561851314176
1258547633917849600
1258548808675278848
1258548809770008576
1258549091551768576
1258549101559332864
1258549359655792640
1258549695988686848
1258549940629852160
1258549979431370752
1258549991624208384
1258550311041462272
1258550315831320581
1258550316833759232
1258550671260835840
1258550919882436609
1258550961905086467
1258550973447802882
1258551199898296321
1258551582733426690
1258551699129503745
1258552028638240770
1258552063862005760
1258552231118295041
1258553002480238595
1258553208609202177
1258553488524619779
1258553691357032450
1258553713540694018
1258553716187320325
1258554007565545472
1258554093909483520
1258554209617825795
1258554267729715201
1258554481668771840
1258554528900812800
1258554671804735488
1258554884225466369
1258555034645733378
1258555040463273984
1258555197254561793
1258555246726569985
1258555692547522561
1258555730543513600
1258555730770051073
1258555793974145026
1258555794519461894
1258555794993426432
1258555827272761345
1258556003118985217
1258556302508294144
1258556376718213120
1258556795586514951
1258556969042001924
1258557459138043904
1258557654731051009
1258557657297846272
1258557686632919040
1258557822981361664
1258557879361122305
1258557937607458817
1258557952123797505
1258558251580432385
1258558276356227075
1258558491570118657
1258558523652407297
1258558631269801987
1258558708612624384
1258558945997832193
1258559123370598400
1258559230610571265
1258559504037249024
1258559528531947521
1258559741409685504
1258559831935455233
1258560185209098247
1258560463161315328
1258560735640248320
1258561229401894912
1258561430397292544
1258561544821985281
1258561663382536193
1258561802608263168
1258561805145837569
1258562273569898498
1258562631360643073
1258562702588305411
1258562965437063179
1258563279967920128
1258563308552163328
1258563426495991808
1258563660982521858
1258564330615783425
1258564416746008577
1258564521758728192
1258564534278565895
1258564548925304838
1258564768358531073
1258564940232785920
1258565135360315393
1258565397097394178
1258565440021893121
1258566095373467651
1258566234150522880
1258566249065222144
1258567045253345281
1258567880792137729
1258567995460329475
1258569064785620998
1258570015273635852
1258570883742007296
1258571049832235008
1258571089094905857
1258571090122510336
1258571316195725313
1258571548040015875
1258572430546739200
1258572662571401216
1258572676995649537
1258572720717127691
1258573081062318082
1258573130357968898
1258573162423431173
1258573698187112451
1258573878475001856
1258574015305781248
1258574040500965377
1258574096901627904
1258574098147340288
1258574189767921664
1258574475743748096
1258574770658050049
1258575003131486208
1258575740334936073
1258575793904660484
1258576308990246913
1258576798943715333
1258576839804665857
1258576958260154371
1258577317766541312
1258577677382045698
1258578161404608513
1258578301276131328
1258578356557287424
1258578422466400257
1258578494126206980
1258578579190943744
1258578579845074944
1258578790692933632
1258578854467325952
1258579360543473664
1258579620556935169
1258579939210584064
1258579977219473410
1258580064762880000
1258580263237386240
1258580380673769472
1258580435313008640
1258580461007237121
1258581263960530945
1258581719600427008
1258582044269064192
1258582067388055552
1258582592372322304
1258583292221157376
1258583400253882368
1258583449545424904
1258583741003431936
1258584170479136776
1258584184760733697
1258584684608569348
1258584870747549701
1258585028021432331
1258585072334188549
1258585548182048768
1258585604759203841
1258585700011835395
1258585725836107777
1258585951791714305
1258586037326163971
1258586137414627328
1258586260928696320
1258586466596331520
1258586615301255173
1258586876929167360
1258586930083553281
1258586992297701377
1258587030335836161
1258587042176434177
1258587075596648448
1258587176180342784
1258587524601204738
1258587566141353985
1258587861269372928
1258587974268342272
1258588011538853888
1258588025329762310
1258588984734879750
1258589145225670657
1258589183305674752
1258589715529232384
1258589758411935748
1258589926771351554
1258590016747569160
1258590271090106369
1258590316824854529
1258590511092375552
1258590639563763715
1258590708115505152
1258590777044860929
1258591552844238855
1258592367550095361
1258592373380018177
1258592453470433280
1258592523049676800
1258592752230686720
1258593146180636672
1258593262887211009
1258593947573800965
1258594382971908096
1258595111962697729
1258595113518784515
1258595114907086848
1258595800587829253
1258595917646659596
1258596086677221376
1258596120013402121
1258596228087943168
1258596997399040001
1258597284725559302
1258597346524495874
1258597754349248513
1258597896200617984
1258597902152347651
1258598059514236928
1258598431221833731
1258598481977098242
1258598612776267776
1258599220967174144
1258599245176766464
1258599394003136512
1258599871742767104
1258600180800241665
1258600543599067136
1258600555880034305
1258600979127205889
1258601609073963008
1258601933864140800
1258602183127334914
1258603365417791490
1258603641595809792
1258603943388741634
1258603979405168640
1258604314878189568
1258604368267485190
