1258605658384920576
1258605935104274438
1258607363776483329
1258607448891351041
1258607646552227845
1258607698318438400
1258608385848676354
1258608509979156480
1258608868076269568
1258609276853129220
1258610213441028098
1258610216477716480
1258610273939853312
1258610327245197312
1258610337680510977
1258610339018502145
1258610340503289861
1258610462729670658
1258610561371172864
1258610794855641089
1258610851214274561
1258611596449812480
1258613385878519808
1258613478010400768
1258613986167123969
1258614464972292097
1258614616898166785
1258615035397537800
1258616564393357313
1258618233554436096
1258618360163635202
1258618380812083201
1258618678242955264
1258619121996095496
1258619319002464256
1258620042641539073
1258620485987979265
1258620801789636609
1258621698783379456
1258621796515033088
1258621949821030400
1258622289941168129
1258622342911188992
1258623423892402177
1258623478447476737
1258624267715051522
1258624426989375488
1258624877432619008
1258625417742876672
1258625455176978432
1258625564060954632
1258625685448306688
1258625686933131264
1258625998532366336
1258626809219989504
1258626900265627649
1258627295587295233
1258627408841699328
1258628077208231936
1258630344401715200
1258630994883731458
1258631055700975616
1258631085350694913
1258631254028824577
1258631599488294912
1258631602701123584
1258631603732926464
1258631604756377600
1258631883686055936
1258632734379040768
1258632805292146688
1258632946942128131
1258633068832833538
1258633169668116480
1258633995392290817
1258633995505602561
1258634471991054336
1258635122355691521
1258635456071204864
1258635582533783555
1258635894225096704
1258636171615383553
1258636478323843074
1258637061298536448
1258637315414593536
1258637796547444736
1258637837622263808
1258637887001821184
1258638143022120961
1258638269757059073
1258638271992619009
1258638524321939457
1258639209461452800
1258639874871169026
1258639886179065862
1258640068153147392
1258640292539961345
1258640411318317056
1258640413449052162
1258640534555332613
1258640818186997760
1258640980418256896
1258641433872855041
1258642015551660032
1258642348575092736
1258642673495408645
1258643665284718592
1258643681818468354
1258644782525677570
1258645426519056391
1258645669067325441
1258646194261127168
1258646205933867008
1258646456384147459
1258646483617767425
1258646643861266432
1258646823230717952
1258646855270965250
1258646942051176448
1258648463371145222
1258648529540710400
1258649439562076161
1258649837295173632
1258649847365873664
1258650729306140673
1258651233608364033
1258652258075582465
1258652674549002241
1258652678499926016
1258652911216795651
1258652966464225281
1258653158470975488
1258653172769468419
1258655431611867137
1258655511437668352
1258655513824227328
1258656020664107010
1258656112254976002
1258656629815488512
1258656826930806785
1258657459859869696
1258657539203502081
1258657647164710912
1258659035017928704
1258659282591023104
1258659885689995264
1258659913905000450
1258659965654503424
1258659988341288965
1258660120805900288
1258660920860872704
1258660938095505408
1258661017116192768
1258661126545563648
1258661716654686210
1258662121505775617
1258662254343589888
1258662265382940674
1258662594707181568
1258662916112420865
1258662925230841862
1258663154126471169
1258663549792137217
1258663754792919041
1258663934036291586
1258663938620682247
1258664292062240773
1258665257159077889
1258665442190778368
1258665620255711232
1258665854813831168
1258665998099587076
1258666720266539008
1258666882820968449
1258668207168204801
1258668396532559873
1258668700967804928
1258668901308805125
1258668945860689920
1258669394634461185
1258670429092356096
1258670613289295873
1258670614493007872
1258670617886253058
1258670620390223873
1258671121756385280
1258671210444886016
1258671363025285121
1258671698674581504
1258672540563787776
1258672685275443200
1258673380607143937
1258673548635385857
1258673835483824128
1258674576378265601
1258675174351663107
1258676294696534021
1258676789465034752
1258677547207921664
1258677760039555074
1258679361475051520
1258679624021823488
1258679742053711872
1258680328983654400
1258680433996263424
1258680493840752645
1258680550102978562
1258680891758518273
1258681104686604288
1258681133656444928
1258681175809372160
1258681519868203009
1258681618828611585
1258681834122153985
1258682263316856832
1258682701483294720
1258682810644168705
1258682827651989504
1258682950968922112
1258683296311017472
1258683335246778369
1258683355555663877
1258683459599548416
1258683510774206464
1258683808863453184
1258683950584614913
1258683951406669824
1258684321961070599
1258684324393746432
1258684758906875905
1258684771309424641
1258685514082856961
1258685709600190465
1258685710682386432
1258685712515264512
1258685713597427713
1258685987884011520
1258686343544258560
1258686750836359169
1258687387573661696
1258687509564919810
1258687594960949251
1258688132117135360
1258688485671788545
1258688538415173633
1258688556492619776
1258689289136869377
1258689710966390784
1258689721447972867
1258689860770189314
1258689998355914758
1258690079603728384
1258690159941505025
1258690978149351424
1258691083434971137
1258691160706560000
1258691388088164353
1258691506006904832
1258692024661917697
1258693240313839617
1258693505649704960
1258693558397173760
1258693620858785792
1258693789050384384
1258694047729725441
1258694231465607168
1258694432221589504
1258694766671388673
1258695690613645313
1258695908956520448
1258696035163164672
1258696619974852614
1258696641298796544
1258696783439503361
1258696880759820288
1258697007717322752
1258697515291095046
1258697641095020548
1258697957202952193
1258698312905117696
1258698313160962049
1258698808491495425
1258699251984580608
1258699433941913602
1258699471854153728
1258699564430888961
1258699782719041536
1258699929033125888
1258699943696531456
1258700555519574017
1258700556631044096
1258700557675491328
1258700587018960898
1258700605025124352
1258700754774261760
1258700790694371329
1258700970923606016
1258701186116567040
1258701212351946752
1258701567525412865
1258701971013459969
1258702020346855424
1258702280238325761
1258703040074387456
1258703465355845633
1258703974259187720
1258704117935083520
1258704457107337219
1258704685785124866
1258705062571831298
1258705101146877954
1258705187469918210
1258705339224133634
1258705592039817216
1258705603888926720
1258705793484034048
1258705848534274049
1258705920143605762
1258705977756364800
1258706073281687555
1258706096832671746
1258706139635691520
1258706218253770752
1258706359069130753
1258706436617617408
1258706837651808256
1258707330608308224
1258707690118885376
1258708137869271040
1258708224297046022
1258708364231692290
1258708635443748865
1258709456445194242
1258709521779867649
1258709613324562432
1258709844401455104
1258709900231872512
1258710007182475266
1258710838099263488
1258711002755063808
1258711244636332032
1258711711944773632
1258711757209718784
1258712181706719232
1258712193807167490
1258712272240668672
1258712606661017600
1258712632791453697
1258712716048576512
1258713170451017728
1258713213518086144
1258713327297073153
1258713413120860160
1258713482406625280
1258713519987589121
1258713572768694273
1258713747461304322
1258713817028136960
1258713974155161601
1258714053100224514
1258714405258354690
1258714438196027392
1258714489790386176
1258714517263056896
1258715099285663745
1258715253384400896
1258715482649251841
1258715485815877637
1258715536097067009
1258715537984548864
1258715538835955713
1258715540002009089
1258715540782104576
1258715542543687682
1258715671652950016
1258715968378769408
1258715997617287169
1258716201502552071
1258716269253201921
1258716274860777474
1258717421483032577
1258717516072812548
1258717656473010176
1258717729260998656
1258718262092857344
1258718360902283264
1258718413536538625
1258718435044929536
1258718535926382592
1258718598224384000
1258718823240384512
1258719433188536325
1258719985612001282
1258720218001674241
1258720294883164163
1258720287836835841
1258720417289605122
1258720541403500544
1258720771645603840
1258721072175648771
1258721112457797632
1258721173900275715
1258721174785310720
1258721176563650560
1258721221023272960
1258721341878022146
1258721538272038912
1258721971774410752
1258722092264161281
1258722365279698945
1258722494275518470
1258723340082204675
1258723673810235392
1258723839208374272
1258724448661835779
1258724531910463489
1258724763326914561
1258724795589550083
1258724807253909505
1258725098288304128
1258725325774753792
1258725480015986688
1258725836884246528
1258725974855712768
1258725993981906945
1258726630513672192
1258726961645379584
1258727125181480960
1258727575372787713
1258727577562370053
1258727648337047552
1258727990760017920
1258728120900653056
1258728412514078720
1258728462757629952
1258728593519194120
1258728661911588865
1258728745214640130
1258729212250292231
1258729226833985538
1258729632083435521
1258729664345862150
1258729735653339136
1258729817647640582
1258729818536833027
1258729934605836290
1258730017770569731
1258730382607835136
1258730386063978497
1258730394196643841
1258730422776795139
1258730578154790915
1258730702998298624
1258730785458343936
1258730869184966657
1258730899694325762
1258731697807319043
1258731861137920001
1258731917303840769
1258732057418698752
1258732243603914753
1258732694667767809
1258733148487266307
1258733309632434178
1258733517342728192
1258733665858859008
1258733909468209154
1258734338851721217
1258734342064529409
1258734433189998592
1258734560793096195
1258734626232811520
1258734657123659776
1258734753060212736
1258735299770884097
1258735997745008641
1258736039356743680
1258736149880807426
1258736170269208577
1258736804175286272
1258736813142880257
1258736955719811072
1258737053933735936
1258737118538534913
1258737539223097344
1258737589504393223
1258737844279037953
1258738046725492736
1258738228833681411
1258738281677635585
1258738513127845891
1258738592282816519
1258738733282496513
1258739223127109634
1258739733410336769
1258739899898966021
1258740729079349250
1258740865129988096
1258741496636862464
1258741824253878274
1258741830772035584
1258742381999988736
1258742766143787009
1258743302704300033
1258743477371895809
1258743876455563265
1258743969049047042
1258743976229695488
1258743976238239744
1258744232862507009
1258744564745220096
1258744705342246912
1258745281329287173
1258745317866029056
1258745451609591808
1258745472904093697
1258745480697139202
1258745858834575360
1258746330719100928
1258746719703097356
1258746864888938497
1258746865924952064
1258746917372207107
1258747273321857025
1258747449574744065
1258747575269822464
1258747657863847936
1258747926777606146
1258747929063559173
1258747931164684288
1258748100287619078
1258748137147072512
1258748210044178434
1258748280747548673
1258748314830413824
1258748350184202244
1258748519189446657
1258749386814894080
1258749707649769473
1258749782086033408
1258749900558184450
1258749980107513859
1258750153818869760
1258750196898574337
1258750209749893121
1258750674592051203
1258750705256579073
1258751135730417665
1258751308791574528
1258751315427065859
1258751702016065537
1258751739039223808
1258751802989780993
1258751838238670851
1258752034620219392
1258754247761498114
1258754508290772992
1258754839053549568
1258754938261340162
1258755058956742657
1258755241824190470
1258755267103207426
1258755271138193409
1258755300196302849
1258755539015577601
1258755763230523394
1258756052188790786
1258756237795213312
1258757126375292928
1258757141382529024
1258757180565491718
1258757280738299905
1258757584020013056
1258757608753770497
1258757666492616704
1258757968952209416
1258757992499068931
1258758208803549185
1258758275924848642
1258758441956409348
1258758606209658880
1258758770420854784
1258758961664327682
1258759248554622977
1258759327831252992
1258759696313352192
1258759877574316034
1258759910625619968
1258760193091002369
1258760216059039745
1258760589905743872
1258760650727329793
1258760947067285506
1258760954289909761
1258760974594707456
1258760981368287233
1258761449616429059
1258761600959479811
1258762233082937347
1258762318038609920
1258762633894920193
1258762717747228673
1258763107222126592
1258763414945447937
1258763460374126593
1258763578544250881
1258763659326742529
1258763710933487616
1258763852893822978
1258763943092391936
1258763973798789123
1258764045378781186
1258764256905818116
1258764459037921280
1258764583667449862
1258764688202088448
1258764693126164481
1258764851482001408
1258765501158895619
1258765576941469696
1258765732386570241
1258765743790981122
1258765775118184448
1258766035093581825
1258766121282482177
1258766135190786048
1258766223828897792
1258766437356896262
1258766490578243584
1258766503249313793
1258766735072735235
1258766981106262016
1258767232575963140
1258767459907141633
1258767515477585922
1258767624072130560
1258767635354996736
1258767702480445441
1258767917052649474
1258768367638450179
1258768786322100224
1258769091470356482
1258769318860296193
1258769652790054913
1258769846734553088
1258770228030443520
1258770878675824640
1258771081160097797
1258771356541427713
1258771667943374848
1258771860994613248
1258772026753507328
1258772030796607488
1258772050031923202
1258772127681044480
1258772225991327746
1258772246711148545
1258772724664733696
1258772874237804545
1258773217734426624
1258773486325170182
1258773836679569408
1258773978614726657
1258774024416526336
1258774037398016000
1258774261180903424
1258774338024566784
1258774376612106240
1258774533093437440
1258774554517913604
1258774745597636610
1258774859762429955
1258775403898064896
1258775491391217664
1258775504796205056
1258775808639938560
1258775906916728832
1258776007324184581
1258776896243765248
1258776976254353408
1258776988736802817
1258777140021116928
1258778273409937408
1258778530009059328
1258778826097729539
1258778972328013824
1258779071665733632
1258779447433424897
1258779830339895296
1258779977010556933
1258779993141846023
1258780273669537793
1258780756773609472
1258780910494703616
1258781701611945990
1258782007276027904
1258782210787770368
1258782302542462976
1258782337635979264
1258782497883783170
1258782628490235904
1258782743095316480
1258782815187066886
1258782955125817345
1258782995588276227
1258783222617370626
1258783466868613121
1258783550947680257
1258783667633209344
1258783794523508736
1258783839595487232
1258783880389308423
1258784694340108288
1258785307324899329
1258785365868965889
1258785415311560705
1258785944678944768
1258785953323331584
1258786270614077440
1258786515137622017
1258786808915247104
1258786879874297856
1258787022019403777
1258787076893442050
1258787270032863232
1258787592776138752
1258788065566437376
1258788131849023488
1258788788819636229
1258789002892783618
1258789028146667522
1258789233843634178
1258789236225871873
1258789254697816066
1258789296477212672
1258789326588129281
1258789421832437760
1258789460461969408
1258789672995733505
1258789877774196741
1258789958229340160
1258790122172055553
1258790390653739009
1258790797672996864
1258790844049612800
1258790935061807104
1258791090880053248
1258791326579032064
1258791421689069568
1258791785821663232
1258791921889075201
1258792006962143240
1258792052831195139
1258792181923483651
1258792325012164613
1258792415810465793
1258792610480652288
1258792936248094721
1258792979096952832
1258793184517328896
1258793276108345344
1258793319422885891
1258793331582214144
1258793393708204035
1258793776580947968
1258794592620744705
1258794815652687878
1258795289269460993
1258795604806979589
1258795867882094594
1258796124573437952
1258796328278056961
1258796498201919489
1258796733708066816
1258796966198329345
1258797156057530368
1258797306972864513
1258797540604088324
1258797792287494144
1258797952618938370
1258798439695089664
1258798937458257922
1258798955866910720
1258799292048912385
1258799514326110208
1258799682060517376
1258799812272623618
1258799815951032325
1258800192612007936
1258800277605548032
1258800279434207239
1258800292558143489
1258800586620669952
1258800671828172802
1258800692967464961
1258800767550599168
1258801028604051457
1258801291163316231
1258801305688190980
1258801346989494272
1258801429369819137
1258801575923011585
1258801795834535941
1258802014810632192
1258802229756264450
1258802343774019586
1258802798101172231
1258803100657254401
1258803334581977088
1258804066890719232
1258804123232854017
1258804148721586177
1258804247493107712
1258804768337801216
1258805058420068352
1258805061750267906
1258805088497393665
1258805227756621830
1258805247255797760
1258805449912172549
1258805666506059776
1258805849671204868
1258805885855502341
1258805964054114304
1258806032895262720
1258806270162694144
1258806383560069120
1258806694362189825
1258806761328443393
1258806898276667393
1258806911140376576
1258806945861062657
1258807129340891137
1258807134428581890
1258807243446849539
1258807347687886850
1258807432173637637
1258807536318218240
1258807914350944256
1258808161710100486
1258808400600682496
1258808501117292545
1258808538219999232
1258808568473665536
1258808593488343043
1258808653366194176
1258808721112592384
1258808940793663489
1258809164060557312
1258809645545730050
1258809776575844354
1258809838727036946
1258810099566440448
1258810292496142338
1258810301618819072
1258810783280050176
1258810904134778886
1258811203842785280
1258811274147831815
1258811413310500864
1258812490181419009
1258812500545540097
1258812507562618886
1258812880591486979
1258812976989122564
1258813559443767296
1258813807574396929
1258813941918162944
1258814211351810048
1258814510695100420
1258814735509749760
1258814759312506880
1258815161227493378
1258815232631287810
1258815264763727872
1258815397689806850
1258815798619131909
1258815838695706626
1258816044816379905
1258816465437732864
1258816765515255810
1258816818699030529
1258817028720332801
1258817139445649409
1258817193451683841
1258817290138718208
1258817703726526465
1258817747250745345
1258817994479661056
1258818039178551296
1258818081893351424
1258818143360876546
1258818325334941697
1258818521938657281
1258818584421138433
1258818608685289472
1258818816160731145
1258818966782382080
1258819016661049344
1258819234106355712
1258819257363845127
1258819321490485250
1258819520426360833
1258819543453007873
1258819595273674759
1258819822131044352
1258819846197792768
1258819948593287169
1258820037332344832
1258820426194653184
1258820694969745408
1258820812473348097
1258820997395951616
1258821181773414400
1258821226463625219
1258821551102853121
1258821629594959878
1258821693797216261
1258821744409759744
1258821746221817856
1258821760956456964
1258821875947405312
1258821943844917249
1258822074308726784
1258822381591814145
1258822434167414792
1258822488441540608
1258822501360193545
1258822517776670720
1258823107638431747
1258823449323212801
1258823823572578310
1258823994322464768
1258823994322464768
1258824010911137793
1258824372434812929
1258824432283537409
1258824461748449280
1258824758055120897
1258824948661063681
1258825053514412034
1258825122980470794
1258825526359146497
1258825978077315072
1258826305228988419
1258826311281278982
1258826385877094402
1258826461806424064
1258826834659037185
1258826838228398080
1258827304886812672
1258827478698770435
1258827517453979648
1258827924301627392
1258828161669726208
1258828373050212352
1258828440205250565
1258828493338611718
1258828530588114945
1258828687589474307
1258828927608467468
1258829887046991872
1258829897251897345
1258829904671621122
1258830552104394753
1258830774012444674
1258830779221712896
1258830864588423169
1258830945240723457
1258830961925664769
1258831143224217600
1258831485441847299
1258831566161281024
1258831923272536064
1258831926518898688
1258831939320102913
1258831988603174913
1258832213463961601
1258832371807399939
1258832552237948928
1258833146830827520
1258833331380248576
1258833403593609218
1258833530630688768
1258833757651578881
1258833877340020736
1258833961205325827
1258833987616858112
1258834717933137920
1258834761197522944
1258834840746627074
1258835127754424320
1258835413449314304
1258835585445384193
1258835778056183808
1258835827980828673
1258836033740976134
1258836401526882305
1258836602983297026
1258836707841052675
1258837190496395264
1258837364086013955
1258837437658337280
1258837450257862656
1258837569950883841
1258837921530085377
1258837923337625600
1258837979981905923
1258838306789392392
1258838414524321792
1258838659526090752
1258838685669363720
1258838710679777280
1258838739486466055
1258839619573092359
1258839933285998592
1258840453539147777
1258840579380776962
1258840798017224705
1258841012530819074
1258841033359720448
1258841469546266635
1258841813835640832
1258841934094893056
1258842097777598464
1258842223312953345
1258842410882392067
1258842492633399298
1258842710653485058
1258842711026786304
1258842823211782147
1258842995195076608
1258843044423413761
1258843350968516608
1258843412704395264
1258844035185328131
1258844139518595073
1258844560316391424
1258844569350930437
1258845032787951619
1258845048046628864
1258845182486892546
1258845298711048195
1258845320995385345
1258845848252841998
1258846310133911552
1258846505064071168
1258846588803244032
1258846602644664320
1258846842466467841
1258847063435104257
1258847382638395393
1258847452913897474
1258847525257179137
1258847616391163907
1258848084739731460
1258849416041115650
1258849772296945665
1258849874008825859
1258849875417985024
1258850064530735104
1258850335424163841
1258850456572506125
1258850549685866496
1258850551212593152
1258850942646136845
1258851019691261952
1258851322713030656
1258851648966975492
1258851709998301184
1258851951623749632
1258851966341578753
1258852230247198720
1258852501530357760
1258852505108307969
1258852828791046146
1258852857165393921
1258852917920124932
1258853430229192711
1258853611007668225
1258853658277695491
1258853666401984512
1258853972632317956
1258854039728664578
1258854355425320960
1258854363465842688
1258854386702462978
1258854542067802112
1258854870838370305
1258854885770104844
1258855364449185795
1258855489267531778
1258855929585397760
1258857084516524035
1258857105387372546
1258857598964686849
1258857668921393154
1258857748374134787
1258857856708853760
1258857909343174656
1258857917920444417
1258857953152643075
1258857985033428992
1258857991681519618
1258858080131055617
1258858201790984192
1258858251426332673
1258858528502153222
1258858596198039553
1258858679245275136
1258858720521588739
1258858796094353408
1258858799399677954
1258859009274081280
1258860040439676930
1258861059185795073
1258861175875538944
1258861290107396097
1258861318234406923
1258861499524820994
1258861575148011520
1258861833248583680
1258861868208316417
1258862013763203074
1258862170395176960
1258862562457731072
1258862599875198976
1258862641889415168
1258862684264513536
1258862703637983232
1258863029313245184
1258863070811652096
1258863490594484225
1258863522836107270
1258863612157984775
1258863635469750272
1258864248400248834
1258864837351952384
1258864849171255297
1258864973620494336
1258865143003394048
1258865252550221825
1258865544683536385
1258865639328034816
1258865640078630913
1258865684546756610
1258865749071761409
1258866275385778177
1258866369405337600
1258866449365569536
1258866572422152192
1258866821362376704
1258866946872938497
1258866994331488256
1258867056427978752
1258867267820851200
1258867826711986183
1258867892797538306
1258868257785872385
1258868288215539719
1258868288530124800
1258868452942581766
1258869125927055360
1258869299101544449
1258869301622329344
1258869568568586240
1258869978586943488
1258870110284140547
1258870305977556993
1258870731808501760
1258871091126296576
1258871183446925312
1258871335264059392
1258871874869530625
1258871912492662784
1258872136464244737
1258872203736682505
1258872254848479233
1258872611125280772
1258872664942411778
1258872674891124736
1258872809184546821
1258872837957455872
1258873142597959680
1258873270482300928
1258873921253904395
1258874132940197888
1258874219540119552
1258874332299907083
1258874340306817024
1258874779538468864
1258875776411340805
1258876020289007616
1258876051360378881
1258876989215109120
1258877282887897092
1258877859130683393
1258877989258919943
1258878162391482371
1258878353961959424
1258878543666298884
1258878696578076673
1258878878854057991
1258879424247848961
1258879444145430528
1258879473883193352
1258879631811362816
1258879653093179394
1258879764678488065
1258879975249326085
1258880029582385159
1258880076499861505
1258880097081331719
1258880122892902401
1258880133634514946
1258880324181864448
1258880493795241984
1258880493971333122
1258880989075562496
1258881043307913216
1258881108810387459
1258881567008731141
1258881597086072834
1258881735103639553
1258881758851788801
1258881788551794688
1258881798945345539
1258881941278912512
1258881949353074688
1258881999328235521
1258882100398305286
1258882226688835584
1258882346620764160
1258882450748514308
1258882719712530433
1258882806995877889
1258883017763848192
1258883143202942979
1258883193928691712
1258883542026682368
1258883576084541441
1258883784721694722
1258883799607390215
1258883803994619909
1258883814576852994
1258884201069318149
1258884370154360833
1258884410763612161
1258884537662296070
1258884592439885828
1258884756273586178
1258884821964783616
1258885110532890624
1258885201754820611
1258885292766920707
1258885398371151875
1258885635055792129
1258885707772432386
1258885786742788099
1258886074199228416
1258886166809579522
1258886245788323840
1258886730402476033
1258886806822686722
1258887027019452422
1258887347527131137
1258887385531723778
1258887491949658115
1258887546584600577
1258887561537138688
1258888439858106381
1258888600520921089
1258889134254493699
1258889262205857793
1258889679069470720
1258889913157763072
1258890106053619712
1258890433977073664
1258891043770155011
1258891061285449729
1258891090633121794
1258891227518377985
1258891312692150276
1258891471488454656
1258891503008722951
1258891557010386947
1258891572575211521
1258891688333856768
1258891694231216135
1258891879002910720
1258892027170885634
1258892621822537728
1258892821551108096
1258893292730793992
1258893298393022464
1258893470506328065
1258893506422194178
1258893558628536320
1258893844172726272
1258894526514630656
1258894592931442690
1258894642587697152
1258894682828034048
1258894709658800129
1258894766479032320
1258895119442251776
1258895246416654337
1258895272681172992
1258895470673276928
1258895765289697281
1258895941396021248
1258895987642380289
1258896083993886723
1258896249861922824
1258896423254286336
1258897246785081345
1258897972680634370
1258898019660922880
1258898205036605440
1258899059777175552
1258899544332472324
1258899678848057346
1258900086563749888
1258900235226624002
1258900404898869251
1258900686214959108
1258901126507900928
1258901163874955266
1258901186402553856
1258901327632977920
1258901488639913985
1258901703707017223
1258902107484311553
1258902275298295809
1258902748155785216
1258902800685285376
1258903414039248897
1258903450022227975
1258903509925351427
1258903542359887873
1258903597263335424
1258904763648937987
1258904772079468544
1258904938538819587
1258905259851886599
1258905508393570304
1258905526311817216
1258905542912806914
1258905567671865345
1258905659447353346
1258905716762587144
1258906070665306112
1258906285707104256
1258907008507535361
1258907182181031942
1258907240917987330
1258907270060048384
1258907299499905025
1258907304084340744
1258907357859414017
1258907446187298825
1258907534154498050
1258907622222237698
1258907710394896385
1258907798647320576
1258907886538891265
1258907974535385088
1258908063211364352
1258908151128227840
1258908239586000898
1258908251221045248
1258908328606027776
1258908368179089408
1258908433916592128
1258908624329609218
1258908812053934080
1258908829951102977
1258909251696803843
1258909278187986944
1258909422652469248
1258909464897314816
1258909592173625344
1258909675539447810
1258909684301529090
1258909837922099200
1258909926006632456
1258910014066098177
1258910101915795457
1258910106277699584
1258910189878685697
1258910277912932354
1258910365779406850
1258910428098330630
1258910453717241860
1258910541952753664
1258910568137633792
1258910569182064640
1258910570469748736
1258910630247043072
1258910718717558784
1258910803207561216
1258910806676299779
1258910894559498240
1258910923194093569
1258911444567035905
1258911493015375872
1258911554675847171
1258911911778947072
1258912492463566850
1258912508213170183
1258912580577513475
1258912668292993024
1258912756255916032
1258912844361486336
1258912932324356097
1258913020530606081
1258913087593250816
1258913108518670337
1258913196733325314
1258913284712992773
1258913348244176902
1258913372843753476
1258913460949340162
1258913548815785984
1258913617518497796
1258913958066565126
1258913960893353985
1258914024957280262
1258914447982239744
1258914488247562241
1258914523832074241
1258914652181925889
1258914672981377024
1258914803063705601
1258915006403485698
1258915075420798977
1258915109260464129
1258915146933719045
1258915235295100930
1258915323241209857
1258915400215134209
1258915411074187264
1258915498974162949
1258915548441780224
1258915587142627329
1258915659024437248
1258915675206279169
1258915682713911296
1258915714452336643
1258915759230717953
1258915763299192833
1258915826985508865
1258915851241209856
1258915939443228672
1258916013569122305
1258916027515183105
1258916116233101312
1258916204368015360
1258916345745256448
1258916484631293952
1258916603535585281
1258916638759550977
1258917335827652608
1258917491151167491
1258917602090459138
1258917626341974017
1258917643278520322
1258917802628517890
1258917871150907393
1258917890692128768
1258917909725839363
1258917916952670215
1258917978579574787
1258918066425073665
1258918154429968385
1258918156095172609
1258918242686468096
1258918331869847554
1258918366422630405
1258918419904311296
1258918507909177346
1258918596044099589
1258918684107706371
1258918772024520705
1258918860012601344
1258918912042958848
1258919248677597184
1258919515263578122
1258919592270929920
1258919767181844482
1258920090562691072
1258920171869286404
1258920458017275904
1258920634228277249
1258921189151518722
1258921237268627457
1258921240724725760
1258921325109874691
1258921802060849152
1258921869023096834
1258921924890988545
1258921997490323456
1258922017191071748
1258922018550005761
1258922049906622472
1258922360352235522
1258922482121220096
1258923507628597249
1258923574661963778
1258923670954807298
1258923770506612738
1258923928623501313
1258924156944433153
1258924162523029505
1258924205451685888
1258924343830216704
1258924661641019392
1258925003996827648
1258925012989497346
1258925616608378880
1258925662410244102
1258925669112786946
1258925791619854336
1258925799459049472
1258926172328603648
1258927722732101633
1258928304368676866
1258928462263455745
1258928541057650693
1258928550733910018
1258928625174433792
1258929094642843654
1258930363730026497
1258930620752953344
1258930694237106177
1258930704060203009
1258931460507086849
1258931639847129089
1258931761590960128
1258932466317881344
1258932476732456962
1258932572224131072
1258932638041214977
1258933052639772674
1258933115520782339
1258933236480131072
1258933249012834306
1258933549673177096
1258933671656075264
1258933726840422400
1258933994105733120
1258934054348562433
1258934065450926081
1258934151853551616
1258934267549270017
1258934396645761025
1258934734639562752
1258934910288572416
1258935117306707969
1258935158129987584
1258935339546103808
1258936001134821379
1258936029039529984
1258936040997486592
1258936058303176704
1258936084932812801
1258936628657246212
1258936768281186305
1258936785645842432
1258936894299049984
1258936941300420608
1258937441479770114
1258937571687780357
1258937576301432840
1258937614264131590
1258938232550670336
1258938462138322944
1258938616707002372
1258939034946109444
1258939374881947650
1258939763568017413
1258939794765340672
1258940518832037889
1258941476719005696
1258941524525682689
1258941680809623553
1258941695405809664
1258942070191910912
1258942102794317826
1258942253759901696
1258942731671547906
1258942762189238280
1258942775204163584
1258942990153728000
1258943708654981120
1258943918026027009
1258944297271021571
1258944341751595010
1258944608798728192
1258945060680470528
1258945520367808513
1258946171831152640
1258946557174480896
1258949123970981889
1258949211317559296
1258949294394048512
1258949668865814530
1258949873870618624
1258950089588060167
1258950884605730828
1258951216719151104
1258951715874902016
1258952568778240000
1258953079090790400
1258953117154115584
1258953205003796480
1258953213547622401
1258953354748796928
1258953628301381634
1258954024834998278
1258954133282881536
1258954226455023616
1258954281098633216
1258954913674956801
1258954926497071104
1258955349840719872
1258955410976931846
1258955485186650112
1258955487753584640
1258955662127697924
1258955821939068934
1258955947386572803
1258956526355611648
1258956550254854145
1258956987779493888
1258957063788597248
1258957392701730816
1258957693051518976
1258957873452732416
1258957883699613697
1258958015711064066
1258958127816306689
1258959082322563083
1258959212836720641
1258959315546836995
1258959612046434304
1258959629679239168
1258959658473205761
1258960081003085826
1258961010649714693
1258961855940345858
1258962041890619392
1258962601851138048
1258962720755535874
1258962788845858817
1258963694169526272
1258964092989120513
1258965229838442504
1258965367667535872
1258965522361786369
1258965613520785408
1258965616775630849
1258965967817695232
1258965996968251392
1258966253923958785
1258966353488285697
1258966829390839808
1258968219030822913
1258968248500064262
1258968390661738496
1258968436581040130
1258968590897819649
1258968800000606210
1258969036617998336
1258969593483350017
1258969693462953990
1258969830834630656
1258970332695650305
1258970334809567233
1258970336592158721
1258970414044323847
1258970692135124994
1258971186928791555
1258971284962267137
