1258971821375963136
1258972024233439232
1258972190546038789
1258972234519056384
1258972240688881664
1258972432406282240
1258972684655849472
1258972689395564545
1258973023853371393
1258973163926556673
1258973353060139008
1258973808859512835
1258974426197921795
1258974639323262976
1258975768392105985
1258976823305781248
1258976846399627265
1258977095008616448
1258977772380119046
1258977887400660993
1258979536076713985
1258979743405350912
1258980968473358336
1258981000631275522
1258981283469955078
1258981780524335105
1258981789923782656
1258981798140395525
1258982285342175232
1258983365597790209
1258983492320403457
1258983634179993600
1258983921263542275
1258984016730095617
1258984038976684034
1258984046903930880
1258984297609826305
1258984481593200640
1258984614560968704
1258984655002505217
1258985074369978370
1258985099124772869
1258985306180603905
1258985307694788609
1258985312807604224
1258986525913763840
1258986874921771010
1258987091775705089
1258987397179740161
1258987500804202498
1258988517486706688
1258988685032185857
1258989002973200384
1258989824662536192
1258989840001097729
1258990118196482049
1258990270709972992
1258990968965120001
1258991597510963207
1258993132319969280
1258993407973883905
1258994212013510657
1258994725174087685
1258995011884060672
1258995802409590785
1258996127317331971
1258997610658123777
1258997850773401601
1258998033691193345
1258998292010188805
1258998302021955586
1258999181403881472
1258999198948773893
1258999253407588361
1258999263549444096
1259000062874652674
1259000536054951936
1259000537103491072
1259001158846287872
1259001669406224384
1259002087830097921
1259002420903981058
1259002803525058560
1259003558910885888
1259003931885273090
1259004190019522561
1259004195228864517
1259004246600679424
1259004266317885440
1259004653448151041
1259004796335534080
1259004980494729217
1259005085901828101
1259005154487042058
1259005647011680258
1259005896660746240
1259006029532143618
1259006394809880577
1259006624158625792
1259006953805754368
1259007135008129025
1259007263169265664
1259007375463387136
1259008477210521602
1259008605367472128
1259008772363694081
1259009371406774274
1259009718686793728
1259009762294972421
1259010077228363777
1259010088800583685
1259010650514350080
1259010788951556103
1259010939208126464
1259011277134987266
1259011291445854208
1259011557926662145
1259011858612269057
1259012357281525761
1259012390902956032
1259012900578045953
1259013870405873664
1259014006221746176
1259014105912008704
1259014410737254403
1259014540252962818
1259014943883456513
1259015029703299072
1259015414840950784
1259015604012371968
1259015629794770944
1259015632034512898
1259015632432979968
1259015634660159488
1259015865066049537
1259015977678696448
1259016405141409799
1259016577938317312
1259016966410559489
1259017348746543104
1259017363082493953
1259017376613326850
1259017385954152450
1259017523128754176
1259017636710506496
1259017662081970177
1259017727349600257
1259017811407581185
1259017911609548800
1259018372638892033
1259018400854130688
1259018488036933632
1259018559163895809
1259018808162992128
1259019258924863488
1259019751675891712
1259020515840331776
1259020568776642561
1259020868124119041
1259020945542479872
1259021393355816962
1259022227342684160
1259023108150824960
1259023611035357184
1259023679431868416
1259023767281504256
1259023855043203072
1259023917257306114
1259023942901211137
1259024030826446848
1259024118508392448
1259024206513274880
1259024294300000256
1259024382376148992
1259024470293065729
1259024870375071744
1259025061140365312
1259025178677436416
1259025320969154560
1259026068306046978
1259026071715864576
1259026156243881984
1259026244080934913
1259026331830030336
1259026419755122688
1259026507927781376
1259026595949486080
1259026684092841984
1259026772122894338
1259026860102516737
1259026925105762306
1259026948023619584
1259027013479927808
1259027036007432198
1259027123894915072
1259027190437408768
1259027838562381824
1259027924138721281
1259028721866018817
1259028809606709249
1259028897523470336
1259028985788465153
1259029075575934976
1259029131024568320
1259029163241025536
1259029252600545281
1259029340584632320
1259029400798081024
1259029428505640960
1259029516439207936
1259029604481880065
1259029692360900608
1259029780609085440
1259029799709872130
1259030510879285249
1259030612905615361
1259031005425475584
1259031220748464128
1259031249781428226
1259031272304848897
1259031351216476160
1259031379570044928
1259031467340058624
1259031555231678464
1259031557945225216
1259031632566276096
1259031643190329344
1259031690393067520
1259031730889113600
1259031818751414272
1259031906458505216
1259031994576654336
1259032082849898498
1259032163657211906
1259032170787745792
1259032258549297152
1259032346306674688
1259032434064138240
1259033890842308613
1259034065208049664
1259034193184595968
1259034494079827969
1259035025909186560
1259035210282405889
1259035405371838464
1259035615255035905
1259036210451939328
1259036265778778113
1259036269159407617
1259036307998806016
1259037233358819329
1259037240241672193
1259037488737218566
1259037559939833858
1259037603686346756
1259037937683116032
1259038408405651459
1259038870399791105
1259039529358503938
1259040185867628545
1259040544455606272
1259040563275456512
1259040601011445761
1259041116604657665
1259041276449755136
1259042386115809282
1259043326608596992
1259044539358162944
1259045080146591744
1259045142863937536
1259046497506791424
1259046788293632000
1259047081638944769
1259047206570483718
1259047269237587970
1259048307868958720
1259048475779575808
1259048511724797952
1259048708026458113
1259049030589517825
1259049068648697856
1259049145211420672
1259049190665183232
1259049234298527745
1259049242250940419
1259049626667188230
1259050009745592320
1259050776388726786
1259051788507873281
1259051884800815105
1259052033736413186
1259052073712320512
1259052624369737728
1259052627905650688
1259053562845376513
1259053608823209984
1259053717908860932
1259053858564780032
1259053906472075264
1259053942983536640
1259054163897565185
1259055034437951490
1259055065094127617
1259055292949639168
1259055471257886720
1259055696580087808
1259055726896402432
1259055930324418561
1259056106581549057
1259056613039550464
1259056804652298245
1259057454702309376
1259057507282178056
1259057860819943427
1259058242702979073
1259058882745454593
1259059592094507008
1259059684306235392
1259060597808914432
1259060814654431233
1259060927900585985
1259060930513481729
1259060952705773568
1259061326954913792
1259061523059814400
1259061888006184961
1259061926593728512
1259061928053354496
1259062153698402304
1259062231700029440
1259062551587049472
1259062779878703104
1259063054345498625
1259063119936184321
1259063218548473856
1259063792425668609
1259063843608842240
1259063931391393792
1259064053978345473
1259064389438705665
1259064554597879809
1259064678749216768
1259064825923227648
1259065198478077953
1259065353168183301
1259065398424633345
1259065600678211584
1259065747851980802
1259065867272364035
1259065952643059712
1259066009786277888
1259067244891508736
1259067368032141313
1259067532918611969
1259068015288766464
1259068105516412929
1259068408978702336
1259068409159061505
1259068678898888704
1259068732497784832
1259069117253984256
1259069242839904257
1259069464798060544
1259070109097680896
1259070400979484673
1259070651165523969
1259070875103629315
1259070899023724545
1259071971096178691
1259072563906568197
1259072576707612672
1259072881218277376
1259073418856747008
1259073669902598145
1259073749359439873
1259073826945732608
1259074067719585792
1259074087051296768
1259074152612237314
1259074671888052224
1259074759930843137
1259075013187076097
1259075315864948736
1259075735534395392
1259075981131657217
1259076086601781248
1259076423022792706
1259076531957071873
1259076534972940288
1259077143050551297
1259077162960912386
1259077377684131841
1259077563785207809
1259077624611168257
1259077673311232000
1259078125171982338
1259078171967848448
1259078186924736512
1259078292021313536
1259078327123443714
1259078363798519809
1259078713309900800
1259079169117487104
1259079207511982081
1259079235542478848
1259079508675756032
1259080614210416645
1259081132420722688
1259081255360086022
1259081315451727874
1259081316949274624
1259081319193042945
1259081680972808192
1259081946161799169
1259082061572444160
1259082231538159616
1259082537902788608
1259082609931497472
1259082804186341376
1259082937036943362
1259083065864843265
1259083066896715776
1259083773938929664
1259084001110827008
1259084167586988038
1259084201149825026
1259084213506236417
1259084386974171137
1259084801471963141
1259085160307441665
1259085276372221955
1259085644036530178
1259085932613054465
1259085942566117376
1259086603361779714
1259087394256506880
1259087402263609344
1259087419338625024
1259087429895688192
1259087647894646784
1259087814773354496
1259087876580691969
1259087878237368320
1259087882393997312
1259088092260171777
1259088099885355008
1259088300645761026
1259088609841311745
1259088613507239936
1259088666187780097
1259089260176715776
1259089534496768000
1259089585872740353
1259089671612764163
1259089709743190016
1259089797433286657
1259089800965095424
1259089983144628226
1259090376738013184
1259090576042942467
1259090628195082240
1259090727507722240
1259091084585680899
1259091236629155841
1259091441399336960
1259092250505732096
1259092355887575040
1259093039232008192
1259093089467187204
1259093404895461377
1259093420422750209
1259093450596724737
1259093558075838464
1259093579831472128
1259093592515186689
1259093604116594688
1259093724396732416
1259093749050871808
1259094475453931520
1259094705826119681
1259094976106917889
1259095211336138762
1259095403418566656
1259095475568775168
1259095801005068288
1259096898415194113
1259097701347504130
1259097792078897152
1259097910781886465
1259098875312422912
1259098890856349696
1259098934221271040
1259099342469828608
1259099411512209415
1259099518039216129
1259100009875857408
1259100047284801536
1259100113584009216
1259100154684149764
1259100443575287810
1259100486680096768
1259100581223948289
1259100632939667457
1259100973940826113
1259101123555688450
1259101359523201026
1259101445229613059
1259101821416718336
1259102446028275714
1259102571744178176
1259103157503823872
1259103367193821186
1259103440472428544
1259103600950861826
1259103724926128128
1259103758971293699
1259103825027358720
1259103889338621955
1259103956527022081
1259103978442366978
1259104458518102016
1259104673950294016
1259104773640503298
1259104777746726913
1259105091736555521
1259105163681431554
1259105219499171840
1259105387145355264
1259105401204699136
1259105520310460416
1259105528191635456
1259105562006093827
1259106112667860992
1259106574649393152
1259106843244331010
1259106862252908544
1259107307197104129
1259107603088658433
1259107613779755008
1259108194997030914
1259108248055136261
1259108253075599360
1259108352644337665
1259108537000755200
1259108573747064833
1259108698917658624
1259108756841017345
1259108875510394880
1259108936432705536
1259109064501592064
1259109519780712448
1259109627989549058
1259109686298783746
1259109883963535362
1259109909104398337
1259110524656201729
1259110591899348992
1259111349545828354
1259111505791905792
1259111835879563265
1259112421907546112
1259112626837237762
1259112928428675074
1259112986788147200
1259113214681452544
1259113225305698305
1259113657448968197
1259113755734147072
1259113783730954240
1259114216755277825
1259114361559363585
1259114908068851715
1259115127921664001
1259115336110137344
1259115506591846402
1259115507741057028
1259115562115960834
1259115585390235652
1259115717103935490
1259115991440789505
1259116448246452224
1259116501711364096
1259116605910519809
1259116656929865730
1259117050951155712
1259117105787686913
1259117264978223104
1259117497799892992
1259117915376418816
1259118807773257731
1259119186481037313
1259119302806048770
1259119660668198912
1259119682239582214
1259120787321245696
1259121287525523456
1259121430471589889
1259121589666209794
1259121728892162048
1259122203750268929
1259122348562583552
1259122466414190594
1259122531975471104
1259122873656135686
1259122924818055169
1259123271540379649
1259123343971794947
1259123707366330369
1259123739284963330
1259123778321293312
1259124016469729281
1259124492019863554
1259124799034609664
1259125783366377472
1259125801552883714
1259125873124487171
1259126490022555648
1259126913278205952
1259126933721317376
1259126934547468289
1259127018886778883
1259127176399663105
1259127201078956032
1259127318003568642
1259127329449750528
1259127444340121600
1259127472215461889
1259127594827554816
1259127775014858753
1259127960700846081
1259128337965842435
1259128754061938688
1259129539906674689
1259129556302209025
1259129924700516352
1259129947924369411
1259130116606738432
1259131005627240449
1259131489129844740
1259132404658171904
1259132737031745537
1259133094218485760
1259133327170207744
1259133379775066114
1259133467243294724
1259133584465690626
1259134070740713474
1259134174537097218
1259134737559379968
1259135045765218304
1259135122202415112
1259135404839710720
1259135623702732803
1259135656413892609
1259135699657293826
1259135756976734210
1259135760936185856
1259135854339141633
1259136308095651840
1259136397048340483
1259136440363110400
1259136837072891904
1259136970095308800
1259137032187785216
1259137033999548416
1259137495293235207
1259137716928811008
1259137913264189442
1259138173789061120
1259138244664418306
1259138357747163137
1259138451481464832
1259138548990644225
1259138610428854272
1259138913941311492
1259139231936585733
1259139352350900224
1259139446299136002
1259139670237016065
1259139852488056838
1259140314972991489
1259140481382047746
1259140497790185472
1259140901215092738
1259141061320085505
1259141105280520193
1259141305743151110
1259141341407297543
1259142089989853184
1259143001705758722
1259143036744937472
1259143091920842752
1259144087028064257
1259144636137906177
1259145107904880642
1259145177953906689
1259145322137296897
1259145938746118147
1259146050125754369
1259146089615093760
1259146126827106306
1259146461612294147
1259146709894139905
1259146781004312577
1259146806803529730
1259147209901174785
1259147238879698944
1259147297717248005
1259147470082396160
1259147786563575808
1259147903559364610
1259148006407827460
1259148147407966210
1259148637998845952
1259148823777234945
1259149171313041410
1259149406558814208
1259149423038263297
1259149423675916290
1259149550356316160
1259149901910478848
1259150513855180802
1259150589046525952
1259150974423367680
1259151457875607552
1259151481456021506
1259152174925438976
1259152229933645828
1259152333860220931
1259152498176036869
1259153098418917378
1259153159848628232
1259153264790118402
1259153616809721856
1259153685046800385
1259154138262364162
1259154356517122049
1259154452407345153
1259155063462739970
1259155065060933635
1259155188402790406
1259155919159660544
1259156144028778497
1259156372492558337
1259156378775629824
1259156412195880962
1259156453346152448
1259156677686935553
1259156938748821511
1259157517537554434
1259157685271957505
1259157773360783362
1259157776670035968
1259157978869043204
1259158209069232128
1259158284465913859
1259158683256336394
1259158823920472064
1259158852592861186
1259160296398217224
1259160525071683584
1259160761630224384
1259160827564888066
1259160902395404288
1259161019169079296
1259161384631312389
1259161441275445253
1259161792908898305
1259161841139408896
1259162155976278018
1259162253439442944
1259162509661044738
1259162716377280513
1259163020682551296
1259163099627687936
1259163443283857409
1259163599085412352
1259163651195502593
1259163726877388801
1259163829713473537
1259163875364212737
1259163997422661632
1259164181812645890
1259164266659184642
1259164271277203456
1259164346485075968
1259164493847945216
1259164650333143040
1259164736958214144
1259164765848580099
1259164844776919041
1259164940440670210
1259165100839071744
1259165182078717953
1259165525474717701
1259165562963451911
1259165696652505088
1259165719457001472
1259166128342994944
1259166502621609991
1259166623849578496
1259166683186565120
1259166930923147271
1259167136192159744
1259167240202657793
1259167434923216897
1259167459157913601
1259167519111340038
1259167653735927809
1259167837580595203
1259168581885050880
1259168662814109696
1259169078457008131
1259169289195716609
1259169637658505219
1259170413596291072
1259170781109587968
1259171003999158272
1259171570658017282
1259171913898897414
1259172051006488576
1259172114453729283
1259172178299404290
1259172258670575616
1259172400245153798
1259172546726858752
1259172702444756994
1259173213180960769
1259173314209013760
1259173465858416640
1259173755273670657
1259173790724034562
1259173863977553921
1259174165644480512
1259174685012623361
1259175608006950912
1259175847648428033
1259175916472872961
1259176212972204032
1259176316412342276
1259176347324342272
1259176437375995906
1259176991493951488
1259177111572680705
1259177152467161088
1259177261342883841
1259177465039200257
1259178267996827648
1259178300720574466
1259178680451887105
1259178909536587781
1259178963106238466
1259178971708547073
1259179521217105920
1259179597851230210
1259179655527051276
1259180134663323656
1259180560557068289
1259180606963015689
1259180750424981504
1259180800660115457
1259181029228675080
1259181149533896704
1259181652598800384
1259181665118806019
1259181971177078785
1259182385641304066
1259182726860734465
1259182859568513030
1259183004263555075
1259183321113939969
1259183934665101312
1259183998510624769
1259184024712556547
1259184100633710594
1259184289176064001
1259184512375775232
1259184580369711104
1259184758996819968
1259184853251166212
1259184876294569984
1259184925766549506
1259185423496155144
1259185469520142337
1259185501518659584
1259185842536448001
1259185985545478145
1259186012716240896
1259186209944825856
1259186312416055307
1259186389947682818
1259186512731598848
1259186570869059586
1259186936813625350
1259187148168876034
1259187580962136067
1259187809178595335
1259188253250461697
1259188296929947649
1259188427280523268
1259188508373028864
1259188519659925504
1259189415240445955
1259189546635403279
1259189818543792135
1259189906397466624
1259190122228178944
1259190164288614401
1259190399635206154
1259191349506723840
1259191445635948548
1259192129953333248
1259192466613436417
1259192638005182464
1259192695853105154
1259192907728289793
1259193171130691585
1259193596647006210
1259193676917403648
1259194013070082049
1259194062000648192
1259194226719576070
1259194607579000833
1259194816669286401
1259194843399622658
1259194966548545538
1259195067480174592
1259195135755268096
1259195427280359424
1259195853069266945
1259196134733557760
1259196142438531072
1259196505690267649
1259196547574702080
1259196846917980160
1259196848197287936
1259197359273259010
1259197616690102272
1259197668363890689
1259197711569600512
1259198570776977408
1259199142955372544
1259199609412476929
1259199843257458688
1259200454531170304
1259200618784100353
1259200854101499904
1259200932211904512
1259200933206142978
1259201411457269761
1259201435968901126
1259201533620748289
1259201788055560194
1259201834092290051
1259202182349492229
1259202228109352963
1259202638366806025
1259202944840404992
1259203277100650499
1259203468813893634
1259203844568788994
1259204235213918209
1259204309868314626
1259204336212729862
1259204435416358913
1259204822617767937
1259205028172066816
1259205798837628928
1259206003309961216
1259206211049795585
1259206496874754048
1259206545889472512
1259206823078318080
1259206909330165760
1259207026795786240
1259207245839155205
1259207251115610112
1259207252457766912
1259207511342821376
1259207714972094464
1259207981364916228
1259208098129952768
1259208390217252866
1259208580693217280
1259208677753524225
1259208945979162625
1259209162430599168
1259209899365609474
1259210050998018048
1259210426157498369
1259210580554121216
1259210582110072832
1259210713362509824
1259210816714346502
1259211302041317376
1259211509378568193
1259211527447433216
1259211718552584193
1259211785254711302
1259212269671473152
1259212516443295744
1259212535242338308
1259212814364934150
1259212854638653441
1259212887010226176
1259213003716780036
1259213395829686273
1259213431804178437
1259213915482923012
1259214173818572801
1259214369553920000
1259214632193064964
1259214750799458304
1259215000914153472
1259215610090749959
1259215639975247878
1259215706924765187
1259216122894848009
1259216549090451457
1259216599812317186
1259216704132939776
1259216967854145536
1259217062351732737
1259217221580025856
1259217958267768842
1259218355241828352
1259218422904356872
1259218608988860420
1259218630576869378
1259218658687021056
1259218697689972736
1259219072098713601
1259219187207110657
1259219619262464007
1259219774925611008
1259219977883844608
1259220383145877505
1259220533696180226
1259220585781112832
1259220625282957312
1259220944062644225
1259221026455470080
1259221284774465536
1259221668301606921
1259221686181740544
1259221813516697600
1259222101006979072
1259222207286435846
1259222409883734016
1259222470323830785
1259222519040618496
1259222573964865538
1259222894963503106
1259223574306529281
1259223738932854784
1259223842293026817
1259224177493622785
1259224241813086208
1259224580293406720
1259224836452175872
1259224851144945670
1259225077612150784
1259225218767294466
1259225254989377536
1259226007417978880
1259226077064425473
1259226554938339334
1259226687625142272
1259226722731425792
1259227417471827969
1259227458492080130
1259227488254939138
1259227961447849988
1259227981651652608
1259228013054566401
1259228094696755201
1259228545617985537
1259228880252088322
1259229000888713222
1259229308033404929
1259229468654292992
1259229697818243072
1259229782769831941
1259230021010337792
1259230111653453824
1259230157988155393
1259230258567446531
1259230392613253121
1259230403799527425
1259230556526690304
1259230970525429760
1259231151291588609
1259231286625001472
1259231764427558918
1259231773491257344
1259232028983205889
1259232353500749826
1259232373427896323
1259232377878036480
1259232852333518853
1259232901318705152
1259232945530789888
1259233041593053184
1259233123553902593
1259233627554152449
1259234000779927552
1259234104790470657
1259234128530157576
1259234219357765641
1259234371862659072
1259234449343954944
1259234491731718145
1259234653724172290
1259234776801820673
1259234833852592128
1259235235650134016
1259235597190914048
1259235629042466824
1259235736789934083
1259235891924488192
1259236058392334336
1259236773055496192
1259237020309872640
1259237431766847488
1259237647207157760
1259237679335694337
1259237712114200576
1259237851759181825
1259237980256063489
1259238052662296586
1259238059339628545
1259238161953239040
1259238514601984005
1259238853975605249
1259239190492884992
1259239433364258818
1259239530592337925
1259239773912412162
1259240130180759555
1259240593508745222
1259240673036898304
1259241031826051073
1259241226982682626
1259241385590493190
1259241639694000130
1259242005147901953
1259242465774755845
1259242503565447168
1259242529205161985
1259242604195176448
1259242939340845056
1259243267822157824
1259243922842202112
1259243983114366976
1259244192859127809
1259245032369819648
1259245684152246272
1259245701235724293
1259245804931424256
1259246116866064386
1259246232830124032
1259246358776741895
1259246409221656578
1259246720971468800
1259246774532833286
1259246885052624896
1259246916853829632
1259247124467728385
1259247166813585409
1259247239081451523
1259247247889440768
1259247250116575232
1259247370891595776
1259247411358248961
1259247482820648960
1259247700802928642
1259248274890010624
1259248489021812742
1259248497460568065
1259248734539571201
1259248906128502790
1259249062282485769
1259249414188695556
1259249646691590144
1259249909351448580
1259250017912737797
1259250139895607299
1259250602888048640
1259250671393689602
1259251483574513664
1259251700491321350
1259251796545024000
1259251974739865600
1259252067627143171
1259252136648597505
1259252363635888128
1259252658269028352
1259252664841326593
1259252820450172942
1259252859423449088
1259252895075176448
1259253265348194305
1259253600313839620
1259253766991360001
1259253792333332480
1259254011393384448
1259254063302139915
1259254316713381888
1259254331049738241
1259254360137138180
1259254459915317248
1259254934555500544
1259255038561533953
1259255694185902081
1259255774225805312
1259255776130076672
1259256076232306690
1259256088991588360
1259256185221533696
1259256641398005760
1259257086212370433
1259257647351705600
1259257823747244037
1259258289528938497
1259258368067350536
1259259916285607936
1259260119503626240
1259260319538479107
1259260627228536832
1259261027293761537
1259261530765328389
1259261758163742720
1259262010434478080
1259262030856454145
1259263641045610498
1259264599548968961
1259264859037814785
1259265031679684610
1259265065976508416
1259265150886064128
1259265191931523073
1259265317521567747
1259265336957980679
1259265483850813440
1259265896415182851
1259266455448756230
1259266940855554050
1259267073315831809
1259267127787298822
1259267626397818888
1259267842735837185
1259268797631954944
1259268901558509568
1259269937819869185
1259269948469383169
1259270093617258496
1259270153776148480
1259270223779094528
1259270598909472772
1259270940766150656
1259271116310355971
1259271470938808323
1259272150097133569
1259272571763245063
1259272759026290689
1259272804689731584
1259272812931559425
1259273052011073538
1259273100195217413
1259273366374174720
1259274330422140928
1259274463469805569
1259274884364087296
1259274960469733376
1259274977641029632
1259275154707951618
1259275226413699072
1259275355275354114
1259275430097543171
1259275724927782915
1259275734335414272
1259276240235700227
1259276256878702592
1259276434503274496
1259276556331028480
1259277506554757123
1259277661735661568
1259277774688325635
1259278572608540679
1259278823771627520
1259278967405711366
1259278967405711366
1259279055179956226
1259279714805563392
1259280005994962945
1259280282877755393
1259280329736585216
1259280583777112064
1259280787481997312
1259282518647373824
1259282747106963459
1259283073176305666
1259283192672108554
1259283736568270849
1259283869364346880
1259284019004559363
1259284328414093312
1259284624779378688
1259285162019307521
1259285163114065925
1259285364193103873
1259286685520551940
1259286864919433216
1259287024156266496
1259287276762411014
1259287305703043080
1259287331607064577
1259287389609930752
1259287909695356931
1259288164373536768
1259288909995020289
1259289420361895938
1259289839138148352
1259291009168654337
1259291211598311424
1259291378506498049
1259291623093043200
1259291624015753216
1259291760959897600
1259291959270744064
1259292234190651398
1259292932277968897
1259293175925047296
1259293703727976448
1259293732354109444
1259294547785461760
1259295397501157378
1259295399296282625
1259295599020478464
1259295599981031424
1259296092426063873
1259296393367293952
1259296449667502081
1259297557613871104
1259297613188227073
1259297616459751425
1259297618607267846
1259297620096360448
1259298041221337100
1259298099886993415
1259298164332355586
1259298655649005569
1259298667015680000
1259298764600287235
1259299088983523328
1259299934039400448
1259300059340038145
1259300172481343493
1259300245105770496
1259301053331394567
1259301149640921094
1259302073641754626
1259302168517128194
1259302282904166400
1259304188493934593
1259304301069033474
1259304920727068672
1259305091229790208
1259305184632733696
1259305696631324672
1259305924256305153
1259306050488074240
1259306116204376065
1259306266033295360
1259306692304605190
1259307010304225280
1259307031325966338
1259307305113272322
1259308280867889152
1259308422115274752
1259308700331683840
1259308871069437955
1259309095422775302
1259309373735591936
1259309453352079360
1259309588752535554
1259310169579806720
1259310702105432068
1259310795629920256
1259311391640563714
1259311756033363970
1259312461007785984
1259313062479364099
1259313148533727232
1259313164619046912
1259313495457378306
1259313810743144448
1259313813448425475
1259314502065102848
1259314543836176384
1259314617391747072
1259315054777950210
1259315531267571713
1259316922820288517
1259317199640158209
1259317297476513792
1259317573667164163
1259317599835389953
1259317904421634048
1259318140254720002
1259320017692364800
1259320575345991681
1259320768342745088
1259320773556211723
1259321460402778113
1259321578484928517
1259321668025057281
1259321681123868673
1259322579166179328
1259322879310692353
1259323844952682496
1259323954956849153
1259324443098112001
1259324708476125184
1259325591943352320
1259326167112269824
1259326259038953474
1259326536764678144
1259327106607169540
1259327199636832256
1259327769193836544
1259328080235188224
1259328764183445504
1259329620047953930
1259329780450652160
1259329825535258630
1259329972281520128
1259330535274446854
1259330860618330112
1259331027509575687
1259331131859705856
1259331190227640320
1259331976672264194
1259332362648915972
1259332364418928641
1259332546254581761
1259332788429508614
1259332947884179456
1259333458113019904
1259333609598697472
1259334295459684359
1259335178670858240
1259335643165069312
1259335996233015296
1259336007939502087
1259336482499813376
1259336538825076737
1259336688867971072
1259336735881912321
1259336885928972288
1259336968204357632
1259337207602647042
1259337879618113536
1259338319760183296
1259338937685901312
1259339118171095041
1259339149565460480
1259339242821447681
1259339696334872577
1259340740167176192
1259341006425788419
1259341217403453441
1259341325104709632
1259341675673071617
